# Normalized	8239.0 eV	187
# q	I	Poisson error
# nm-1	cm-1	cm-1
1.517373003233184192e-01	1.806027030944824219e+01	1.077435793566203337e+00
1.683322808144483151e-01	1.673643302917480469e+01	5.786431628811895544e-01
1.849272613055782111e-01	1.532843589782714844e+01	4.324304091251467419e-01
2.015222417967081348e-01	1.386021232604980469e+01	3.508228160751454272e-01
2.181172222878380307e-01	1.221226406097412109e+01	2.865382322969308171e-01
2.347122027789679266e-01	1.078256607055664062e+01	2.379446310992460456e-01
2.513071832700978225e-01	9.458644866943359375e+00	2.005352820353309140e-01
2.679021637612277185e-01	8.143038749694824219e+00	1.844435857763419562e-01
2.844971442523576144e-01	6.934669017791748047e+00	1.669944119306604746e-01
3.010921247434875103e-01	5.837844371795654297e+00	1.502949268089277535e-01
3.176871052346174062e-01	4.875288963317871094e+00	1.354437518475375135e-01
3.342820857257473022e-01	4.037479400634765625e+00	1.189014001965578854e-01
3.508770662168771981e-01	3.314843893051147461e+00	1.011271903058246491e-01
3.674720467080071495e-01	2.700808048248291016e+00	8.736675188482999344e-02
3.840670271991369900e-01	2.166921615600585938e+00	7.535251170296099199e-02
4.006620076902669414e-01	1.719994306564331055e+00	6.465338213933095879e-02
4.172569881813967818e-01	1.358307957649230957e+00	5.555080924530459568e-02
4.338519686725267333e-01	1.060716629028320312e+00	4.771640293802225513e-02
4.504469491636565737e-01	8.225764036178588867e-01	4.089806710055740591e-02
4.670419296547865251e-01	6.393676400184631348e-01	3.516869561520957754e-02
4.836369101459163655e-01	4.961006045341491699e-01	3.026190738520909834e-02
5.002318906370463170e-01	3.899914920330047607e-01	2.616293199901830943e-02
5.168268711281761574e-01	3.130631744861602783e-01	2.289092503648988003e-02
5.334218516193061088e-01	2.555584311485290527e-01	2.027989790522471275e-02
5.500168321104360603e-01	2.146947681903839111e-01	1.824663979689821261e-02
5.666118126015659007e-01	1.858773529529571533e-01	1.711358455973159207e-02
5.832067930926958521e-01	1.664141267538070679e-01	1.631657807378742928e-02
5.998017735838256925e-01	1.508809030055999756e-01	1.552652279432520550e-02
6.163967540749556440e-01	1.404649317264556885e-01	1.492874587509608955e-02
6.329917345660854844e-01	1.314644068479537964e-01	1.431945846706797996e-02
6.495867150572154358e-01	1.226929724216461182e-01	1.368927062218630759e-02
6.661816955483452762e-01	1.147380173206329346e-01	1.315093088538206445e-02
6.827766760394752277e-01	1.073963418602943420e-01	1.264656831217858893e-02
6.993716565306051791e-01	9.965742379426956177e-02	1.210766703429264762e-02
7.159666370217350195e-01	9.104962646961212158e-02	1.127814481115861633e-02
7.325616175128649710e-01	8.319688588380813599e-02	1.042242138393855745e-02
7.491565980039948114e-01	7.574318349361419678e-02	9.732436954466469961e-03
7.657515784951247628e-01	6.821129471063613892e-02	9.080655933255490225e-03
7.823465589862546032e-01	6.074636057019233704e-02	8.466472442341662491e-03
7.989415394773845547e-01	5.405467003583908081e-02	7.874484294663430112e-03
8.155365199685143951e-01	4.835918545722961426e-02	7.340594084679552198e-03
8.321315004596443465e-01	4.327080771327018738e-02	6.847724462579954721e-03
8.487264809507741870e-01	3.835624828934669495e-02	6.362502969784343890e-03
8.653214614419041384e-01	3.417581692337989807e-02	5.929742512824927488e-03
8.819164419330339788e-01	3.080594539642333984e-02	5.560506644478506802e-03
8.985114224241639302e-01	2.744321711361408234e-02	5.186275642301418388e-03
9.151064029152937707e-01	2.520852163434028625e-02	4.913224575097205858e-03
9.317013834064237221e-01	2.264424599707126617e-02	4.605057136568908166e-03
9.482963638975536735e-01	2.078964002430438995e-02	4.365769105509294257e-03
9.648913443886835140e-01	1.908383518457412720e-02	4.138765515106368996e-03
9.814863248798134654e-01	1.786641031503677368e-02	3.964253107680465286e-03
9.980813053709433058e-01	1.641794294118881226e-02	3.761845435216264275e-03
1.014676285862073257e+00	1.524446159601211548e-02	3.588243044574221125e-03
1.031271266353203098e+00	1.414283830672502518e-02	3.424703970756772572e-03
1.047866246844332938e+00	1.329389214515686035e-02	3.289663181730422773e-03
1.064461227335462778e+00	1.226013898849487305e-02	3.129694001157630988e-03
1.081056207826592841e+00	1.147447898983955383e-02	3.001563078403469108e-03
1.097651188317722681e+00	1.095054019242525101e-02	2.906834825898198856e-03
1.114246168808852522e+00	1.024279929697513580e-02	2.787099477933374213e-03
1.130841149299982362e+00	9.589248336851596832e-03	2.674037271271040989e-03
1.147436129791112425e+00	8.871120400726795197e-03	2.550881594997319712e-03
1.164031110282242265e+00	8.396093733608722687e-03	2.463326379237372465e-03
1.180626090773372106e+00	7.789659313857555389e-03	2.356735831810975994e-03
1.197221071264502168e+00	7.272521499544382095e-03	2.305627029488533340e-03
1.213816051755632008e+00	6.847808137536048889e-03	2.251930640228906426e-03
1.230411032246761849e+00	6.741139572113752365e-03	2.231792777976520249e-03
1.247006012737891911e+00	6.076469086110591888e-03	2.116724930751336196e-03
1.263600993229021752e+00	5.793941207230091095e-03	2.065743407872639402e-03
1.280195973720151592e+00	5.290733650326728821e-03	1.971511097153715638e-03
1.296790954211281433e+00	5.289533641189336777e-03	1.968706244711248415e-03
1.313385934702411495e+00	4.900326952338218689e-03	1.891646246506594950e-03
1.329980915193541335e+00	4.738068673759698868e-03	1.856821004669380586e-03
1.346575895684671176e+00	4.641607403755187988e-03	1.800477381065355683e-03
1.363170876175801016e+00	4.553384147584438324e-03	1.748870891581905335e-03
1.379765856666931079e+00	4.148175474256277084e-03	1.653669017242724148e-03
1.396360837158060919e+00	4.081547260284423828e-03	1.629508525726393407e-03
1.412955817649190760e+00	3.887652186676859856e-03	1.581192137351994939e-03
1.429550798140320600e+00	3.763844724744558334e-03	1.547451986336494285e-03
1.446145778631450662e+00	3.656035289168357849e-03	1.517776265963809114e-03
1.462740759122580503e+00	3.395023755729198456e-03	1.455194290948981202e-03
1.479335739613710343e+00	3.486702218651771545e-03	1.467758094000632145e-03
1.495930720104840406e+00	3.338084556162357330e-03	1.429430589383581850e-03
1.512525700595970246e+00	3.237486351281404495e-03	1.401600317319469987e-03
1.529120681087100087e+00	3.199943806976079941e-03	1.387270714705736560e-03
1.545715661578229927e+00	3.003399120643734932e-03	1.337819578767949656e-03
1.562310642069359989e+00	2.894881414249539375e-03	1.307965290525508074e-03
1.578905622560489830e+00	2.766957972198724747e-03	1.273068202825359185e-03
1.595500603051619670e+00	2.720027929171919823e-03	1.255155218002837339e-03
1.612095583542749511e+00	2.611377509310841560e-03	1.221361455027336358e-03
1.628690564033879573e+00	2.837057458236813545e-03	1.261582462662394965e-03
1.645285544525009414e+00	2.468186197802424431e-03	1.164108764330607122e-03
1.661880525016139254e+00	2.694603987038135529e-03	1.204566242751028710e-03
1.678475505507269094e+00	2.406852319836616516e-03	1.128189365635307983e-03
1.695070485998399157e+00	2.528913086280226707e-03	1.146720500718359081e-03
1.711665466489528997e+00	2.623920561745762825e-03	1.158746647409594896e-03
1.728260446980658838e+00	2.531188540160655975e-03	1.127949885302565467e-03
1.744855427471788900e+00	2.485091565176844597e-03	1.108155256596102430e-03
1.761450407962918741e+00	2.487397287040948868e-03	1.099862035342896423e-03
1.778045388454048581e+00	2.264903858304023743e-03	1.041596688195863462e-03
1.794640368945178421e+00	2.263424918055534363e-03	1.034969355797071659e-03
1.811235349436308484e+00	2.309802686795592308e-03	1.040024627268671537e-03
1.827830329927438324e+00	2.456118352711200714e-03	1.067076305538338472e-03
1.844425310418568165e+00	2.463651588186621666e-03	1.063522456047797738e-03
1.861020290909698005e+00	2.165501471608877182e-03	9.914389746102916443e-04
1.877615271400828068e+00	2.238019602373242378e-03	1.002857284427212479e-03
1.894210251891957908e+00	2.126869978383183479e-03	9.726703715458010933e-04
1.910805232383087748e+00	2.127248095348477364e-03	9.681458276904385480e-04
1.927400212874217589e+00	2.160880016162991524e-03	9.710122258917945745e-04
1.943995193365347651e+00	2.147595165297389030e-03	9.632618926983883877e-04
1.960590173856477492e+00	2.049988368526101112e-03	9.364907744554515920e-04
1.977185154347607332e+00	2.074620919302105904e-03	9.377744594224038171e-04
1.993780134838737172e+00	2.016689628362655640e-03	9.202073337772154280e-04
2.010375115329867235e+00	1.933588413521647453e-03	8.969201146786212522e-04
2.026970095820996853e+00	1.999157946556806564e-03	9.078842397525453689e-04
2.043565076312126916e+00	1.904672477394342422e-03	8.822339967009946949e-04
2.060160056803256978e+00	2.018569968640804291e-03	9.041871860405827684e-04
2.076755037294386597e+00	1.786318491213023663e-03	8.467419921142660963e-04
2.093350017785516659e+00	1.867871731519699097e-03	8.620391945325176896e-04
2.109944998276646277e+00	1.913868589326739311e-03	8.689442328977888029e-04
2.126539978767776340e+00	1.890557818114757538e-03	8.598192400188909949e-04
2.143134959258906402e+00	1.805683365091681480e-03	8.367296769256090229e-04
2.159729939750036465e+00	1.950569916516542435e-03	8.662048051675682279e-04
2.176324920241166083e+00	1.849732245318591595e-03	8.399144744851423476e-04
2.192919900732296146e+00	1.864961464889347553e-03	8.398223139459355972e-04
2.209514881223425764e+00	1.815032679587602615e-03	8.248781307224041731e-04
2.226109861714555826e+00	1.988713862374424934e-03	8.602533808964499653e-04
2.242704842205685889e+00	1.867333776317536831e-03	8.300168833927636059e-04
2.259299822696815507e+00	1.871880842372775078e-03	8.277809008537892086e-04
2.275894803187945570e+00	1.621719566173851490e-03	7.670987516041749684e-04
2.292489783679075632e+00	1.728325150907039642e-03	7.889710845388355322e-04
2.309084764170205251e+00	1.694833743385970592e-03	7.782120846418442289e-04
2.325679744661335313e+00	1.742259482853114605e-03	7.859604939715386304e-04
2.342274725152465376e+00	1.749904127791523933e-03	7.846810566149581279e-04
2.358869705643594994e+00	1.604138524271547794e-03	7.482811421787138439e-04
2.375464686134725056e+00	1.778798061423003674e-03	7.841891434463507411e-04
2.392059666625854675e+00	1.662379363551735878e-03	7.544534820129934110e-04
2.408654647116984737e+00	1.622049603611230850e-03	7.423666469277771362e-04
2.425249627608114800e+00	1.591863809153437614e-03	7.326629959081437399e-04
2.441844608099244418e+00	1.579746836796402931e-03	7.271857655251372969e-04
2.458439588590374481e+00	1.576363109052181244e-03	7.293042752471818810e-04
2.475034569081504543e+00	1.637146342545747757e-03	7.499623556709031705e-04
2.491629549572634161e+00	1.594431931152939796e-03	7.425678789753238076e-04
2.508224530063764224e+00	1.606452977284789085e-03	7.472025581841659683e-04
2.524819510554893842e+00	1.587117672897875309e-03	7.439861520289343380e-04
2.541414491046023905e+00	1.457063248381018639e-03	7.136511374924196186e-04
2.558009471537153967e+00	1.477475627325475216e-03	7.190846592085075933e-04
2.574604452028283585e+00	1.500550773926079273e-03	7.251419967684236611e-04
2.591199432519413648e+00	1.448958995752036572e-03	7.126165222434085750e-04
2.607794413010543710e+00	1.363614806905388832e-03	6.869715688514082316e-04
2.624389393501673329e+00	1.370772253721952438e-03	6.789741557267700697e-04
2.640984373992803391e+00	1.356100663542747498e-03	6.701047903399213633e-04
2.657579354483933454e+00	1.390847959555685520e-03	6.739548357221384570e-04
2.674174334975063072e+00	1.436715479940176010e-03	6.809884413206136180e-04
2.690769315466193135e+00	1.402460853569209576e-03	6.691966421392052475e-04
2.707364295957322753e+00	1.315367408096790314e-03	6.447125404239445034e-04
2.723959276448452815e+00	1.519256853498518467e-03	6.897289740662690708e-04
2.740554256939582878e+00	1.349513069726526737e-03	6.469813943514457358e-04
2.757149237430712496e+00	1.389238517731428146e-03	6.535524488643415899e-04
2.773744217921842559e+00	1.293346867896616459e-03	6.278684138987934531e-04
2.790339198412972621e+00	1.451719203032553196e-03	6.627491542786235340e-04
2.806934178904102239e+00	1.396961393766105175e-03	6.474436332540860380e-04
2.823529159395232302e+00	1.261263852939009666e-03	6.126653771948312264e-04
2.840124139886362364e+00	1.283359481021761894e-03	6.154909048485680389e-04
2.856719120377491983e+00	1.347341574728488922e-03	6.283544025395115112e-04
2.873314100868622045e+00	1.473737764172255993e-03	6.549102317453060805e-04
2.889909081359751664e+00	1.381593756377696991e-03	6.316950340138822485e-04
2.906504061850881726e+00	1.310708466917276382e-03	6.129762000727443901e-04
2.923099042342011789e+00	1.316920854151248932e-03	6.122849511449644875e-04
2.939694022833141407e+00	1.343272742815315723e-03	6.161896801881983597e-04
2.956289003324271469e+00	1.391249592415988445e-03	6.250000484351390505e-04
2.972883983815401532e+00	1.365300966426730156e-03	6.170075705076193736e-04
2.989478964306531150e+00	1.271392102353274822e-03	5.933118992447258952e-04
3.006073944797661213e+00	1.388381235301494598e-03	6.180006688544689404e-04
3.022668925288790831e+00	1.313762739300727844e-03	5.991910172831369473e-04
3.039263905779920893e+00	1.315080677159130573e-03	5.974402162346584061e-04
3.055858886271050956e+00	1.396914944052696228e-03	6.139473765462861174e-04
3.072453866762180574e+00	1.302706543356180191e-03	5.908471317415605077e-04
3.089048847253310637e+00	1.352249993942677975e-03	6.074631387870204312e-04
3.105643827744440699e+00	1.191747142001986504e-03	5.729980655684849050e-04
3.122238808235570318e+00	1.219126279465854168e-03	5.814864091901111387e-04
3.138833788726700380e+00	1.283094519749283791e-03	5.979595804524224676e-04
3.155428769217830443e+00	1.268899184651672840e-03	5.956238193967316585e-04
3.172023749708960061e+00	1.314504537731409073e-03	6.069502608748828746e-04
3.188618730200090123e+00	1.314823748543858528e-03	6.074349237571910866e-04
3.205213710691219742e+00	1.381275360472500324e-03	6.229401802214521236e-04
3.221808691182349804e+00	1.111392630264163017e-03	5.586615844015828001e-04
3.238403671673479867e+00	1.137731131166219711e-03	5.593367988517949484e-04
3.254998652164609485e+00	1.269561005756258965e-03	5.852508359644880039e-04
3.271593632655739547e+00	1.264759921468794346e-03	5.800476427908398541e-04
3.288188613146869610e+00	1.264850143343210220e-03	5.767732771856385254e-04
3.304783593637999228e+00	1.328981597907841206e-03	5.883523105965507514e-04
3.321378574129129291e+00	1.336823450401425362e-03	5.874017222408680055e-04
3.337973554620259353e+00	1.237179734744131565e-03	5.625651049267823287e-04
3.354568535111388972e+00	1.202791812829673290e-03	5.524236186124558768e-04
3.371163515602519034e+00	1.228504930622875690e-03	5.562187195105715992e-04
3.387758496093648652e+00	1.206967630423605442e-03	5.492536179148289855e-04
3.404353476584778715e+00	1.167907612398266792e-03	5.382826582238754232e-04
3.420948457075908777e+00	1.270708045922219753e-03	5.596949986118875293e-04
3.437543437567038396e+00	1.097179250791668892e-03	5.181294563776614502e-04
3.454138418058168458e+00	1.086533302441239357e-03	5.138737666105963782e-04
3.470733398549298521e+00	1.104892580769956112e-03	5.165907724052137221e-04
3.487328379040428139e+00	1.177986385300755501e-03	5.317119087461737214e-04
3.503923359531558201e+00	1.164445886388421059e-03	5.270264839972692295e-04
3.520518340022687820e+00	1.201179926283657551e-03	5.336678103493740135e-04
3.537113320513817882e+00	1.162113156169652939e-03	5.232210011962216533e-04
3.553708301004947945e+00	1.132588600739836693e-03	5.150137688676107838e-04
3.570303281496077563e+00	1.228776876814663410e-03	5.349548874437146800e-04
3.586898261987207626e+00	1.096720458008348942e-03	5.037140664253300214e-04
3.603493242478337688e+00	1.091309706680476665e-03	5.011170945701686787e-04
3.620088222969467306e+00	1.114946790039539337e-03	5.050158310153082591e-04
3.636683203460597369e+00	1.138066058047115803e-03	5.087483776471368171e-04
3.653278183951727431e+00	1.078410190530121326e-03	4.938253559603796982e-04
3.669873164442857050e+00	1.062077120877802372e-03	4.886972217834819471e-04
3.686468144933987112e+00	1.081434544175863266e-03	4.917931955807313240e-04
3.703063125425116731e+00	1.096544321626424789e-03	4.938782391860245058e-04
3.719658105916246793e+00	1.190751441754400730e-03	5.134244051060295145e-04
3.736253086407376856e+00	1.246645580977201462e-03	5.240805990793221845e-04
3.752848066898506474e+00	1.231439760886132717e-03	5.195829967274898098e-04
3.769443047389636536e+00	1.190460170619189739e-03	5.094560582372358168e-04
3.786038027880766599e+00	1.129610580392181873e-03	4.949445788360389790e-04
3.802633008371896217e+00	1.016232999972999096e-03	4.681378742497992705e-04
3.819227988863026280e+00	1.063074218109250069e-03	4.776728250685952082e-04
3.835822969354155898e+00	1.030172221362590790e-03	4.689559891872183682e-04
3.852417949845285960e+00	1.105593750253319740e-03	4.847014631032750000e-04
3.869012930336416023e+00	1.049603684805333614e-03	4.710472676468216349e-04
3.885607910827545641e+00	1.115227467380464077e-03	4.844280276271393094e-04
3.902202891318675704e+00	1.114363782107830048e-03	4.830177001822678787e-04
3.918797871809805766e+00	1.088957535102963448e-03	4.763173843203965521e-04
3.935392852300935385e+00	1.071117701940238476e-03	4.713089251958869517e-04
3.951987832792065447e+00	1.088000251911580563e-03	4.737736783509278711e-04
3.968582813283195510e+00	1.154913450591266155e-03	4.870249704535960819e-04
3.985177793774325128e+00	1.023685676045715809e-03	4.572631412320096104e-04
4.001772774265455190e+00	1.141078537330031395e-03	4.817420731129265846e-04
4.018367754756584809e+00	1.010302803479135036e-03	4.520744374927899967e-04
4.034962735247714427e+00	9.372533531859517097e-04	4.343146773956718253e-04
4.051557715738844934e+00	1.004002173431217670e-03	4.485363303811917271e-04
4.068152696229974552e+00	1.092027989216148853e-03	4.667737098632371729e-04
4.084747676721104170e+00	1.040790928527712822e-03	4.591458164116326299e-04
4.101342657212234677e+00	1.020855386741459370e-03	4.576695679050536160e-04
4.117937637703364295e+00	1.075059873983263969e-03	4.710017356526500967e-04
4.134532618194493914e+00	1.037793932482600212e-03	4.628081633368774346e-04
4.151127598685624420e+00	1.168610295280814171e-03	4.918311241814079691e-04
4.167722579176754039e+00	1.076181069947779179e-03	4.724775640810934766e-04
4.184317559667883657e+00	9.632055880501866341e-04	4.472989226307459991e-04
4.200912540159013275e+00	1.003764104098081589e-03	4.569997414133004704e-04
4.217507520650143782e+00	1.117378356866538525e-03	4.825300875558444680e-04
4.234102501141273400e+00	1.065476448275148869e-03	4.713137018825028072e-04
4.250697481632403019e+00	9.448513737879693508e-04	4.435486357327939251e-04
4.267292462123532637e+00	1.048326841555535793e-03	4.667289176346678175e-04
4.283887442614663144e+00	9.922081371769309044e-04	4.534312177665474324e-04
4.300482423105792762e+00	1.072455546818673611e-03	4.713086290781765757e-04
4.317077403596922380e+00	1.076780958101153374e-03	4.721370907190828767e-04
4.333672384088052887e+00	1.043764292262494564e-03	4.650120069108538870e-04
4.350267364579182505e+00	9.960442548617720604e-04	4.594449294314973016e-04
4.366862345070312124e+00	1.020515454001724720e-03	4.686268831126840905e-04
4.383457325561442630e+00	1.169257098808884621e-03	5.046736189250817291e-04
4.400052306052572249e+00	9.734412305988371372e-04	4.624134968800468789e-04
4.416647286543701867e+00	1.093505765311419964e-03	4.921893946036039972e-04
4.433242267034832373e+00	-2.266460069222375751e-04	nan
4.449837247525961992e+00	-8.394262113142758608e-05	nan
4.466432228017091610e+00	1.102458336390554905e-03	4.992451808286951656e-04
4.483027208508222117e+00	1.006530132144689560e-03	4.818230119079205433e-04
4.499622188999351735e+00	9.586586966179311275e-04	4.746558692475106016e-04
4.516217169490481353e+00	1.047231373377144337e-03	5.002030871935720865e-04
4.532812149981611860e+00	1.162746921181678772e-03	5.328551906439619274e-04
4.549407130472741478e+00	9.786292212083935738e-04	4.949964413833789992e-04
4.566002110963871097e+00	8.694817079231142998e-04	4.711457410385036884e-04
4.582597091455000715e+00	8.970960043370723724e-04	4.818389563742144725e-04
4.599192071946131222e+00	9.655430330894887447e-04	5.025798578756922102e-04
4.615787052437260840e+00	9.983866475522518158e-04	5.137056104425914834e-04
4.632382032928390458e+00	1.005665282718837261e-03	5.179200170462212611e-04
4.648977013419520965e+00	9.337536175735294819e-04	5.010273784440385028e-04
4.665571993910650583e+00	9.613151196390390396e-04	5.103288684171272682e-04
4.682166974401780202e+00	8.712511043995618820e-04	4.952126797044503585e-04
4.698761954892910708e+00	8.403214742429554462e-04	4.950617275458760657e-04
4.715356935384040327e+00	1.035553868860006332e-03	5.551621579369911711e-04
4.731951915875169945e+00	1.025809673592448235e-03	5.563393831801655360e-04
4.748546896366300452e+00	8.483890560455620289e-04	5.093278407676669244e-04
4.765141876857430070e+00	9.898187126964330673e-04	5.535577677167847696e-04
4.781736857348559688e+00	9.232088923454284668e-04	5.374426983146673303e-04
4.798331837839690195e+00	9.698676294647157192e-04	5.537197957232423313e-04
4.814926818330819813e+00	9.242649539373815060e-04	5.430715993140768864e-04
4.831521798821949432e+00	6.302206311374902725e-04	4.494862132393097538e-04
4.848116779313079938e+00	7.694186060689389706e-04	4.978324150658742760e-04
4.864711759804209557e+00	9.695022017695009708e-04	5.605767370890969194e-04
4.881306740295339175e+00	9.010856738314032555e-04	5.425092306791486811e-04
4.897901720786468793e+00	9.555323631502687931e-04	5.608653280387676087e-04
4.914496701277599300e+00	9.480459848418831825e-04	5.607735238593249301e-04
4.931091681768728918e+00	9.167799144051969051e-04	5.534535341562826566e-04
4.947686662259858537e+00	9.120626491494476795e-04	5.539131847706325580e-04
4.964281642750989043e+00	9.436749969609081745e-04	5.731543755411828761e-04
4.980876623242118661e+00	9.304875857196748257e-04	5.818881567868340815e-04
4.997471603733248280e+00	7.540141814388334751e-04	5.320539208330437100e-04
5.014066584224378786e+00	8.747685933485627174e-04	5.811596063771847214e-04
5.030661564715508405e+00	9.469483629800379276e-04	6.123896109098199859e-04
5.047256545206638023e+00	8.503362187184393406e-04	5.871046465220607904e-04
5.063851525697768530e+00	9.289947338402271271e-04	6.207183029098899086e-04
5.080446506188898148e+00	8.382776286453008652e-04	5.959889454712797045e-04
5.097041486680027766e+00	8.816298795863986015e-04	6.175906160627201531e-04
5.113636467171158273e+00	9.101159521378576756e-04	6.331602142980180406e-04
5.130231447662287891e+00	8.551136706955730915e-04	6.189057230916952422e-04
5.146826428153417510e+00	8.646284695714712143e-04	6.275273688296388250e-04
5.163421408644548016e+00	9.191775461658835411e-04	6.523492488573943114e-04
5.180016389135677635e+00	8.274507708847522736e-04	6.238077591702267770e-04
5.196611369626807253e+00	9.781033731997013092e-04	6.843392720781102129e-04
5.213206350117937760e+00	8.181330631487071514e-04	6.317068553103749335e-04
5.229801330609067378e+00	7.945720572024583817e-04	6.284995870465767426e-04
5.246396311100196996e+00	8.439898956567049026e-04	6.541487870219758142e-04
5.262991291591326615e+00	7.835059659555554390e-04	6.360017991243748251e-04
5.279586272082457121e+00	7.152058533392846584e-04	6.125150060922901919e-04
5.296181252573586740e+00	9.075934649445116520e-04	6.951416916803667681e-04
5.312776233064716358e+00	8.939489489421248436e-04	6.947811093507212958e-04
5.329371213555846865e+00	9.253764874301850796e-04	7.119896207091252691e-04
5.345966194046976483e+00	8.743267972022294998e-04	6.974751920248966610e-04
5.362561174538106101e+00	8.750217384658753872e-04	7.043041882675525871e-04
5.379156155029236608e+00	9.009151253849267960e-04	7.215122254562357116e-04
5.395751135520366226e+00	9.358279639855027199e-04	7.424013974450490490e-04
5.412346116011495845e+00	9.324816637672483921e-04	7.481993339465392145e-04
5.428941096502626351e+00	9.259200305677950382e-04	7.527647362911327232e-04
5.445536076993755970e+00	9.286706335842609406e-04	7.612693479445274301e-04
5.462131057484885588e+00	7.804877241142094135e-04	7.045964700853740974e-04
5.478726037976016094e+00	7.654366781935095787e-04	7.046551057312104571e-04
5.495321018467145713e+00	7.813112461008131504e-04	7.191069112579879683e-04
5.511915998958275331e+00	7.792538963258266449e-04	7.253956052127121835e-04
5.528510979449405838e+00	9.701344533823430538e-04	8.179007877304899808e-04
5.545105959940535456e+00	1.058594556525349617e-03	8.632542741413985320e-04
5.561700940431665074e+00	9.911585366353392601e-04	8.442871723627938399e-04
5.578295920922794693e+00	7.859228062443435192e-04	7.592492322293166495e-04
5.594890901413925199e+00	9.272989118471741676e-04	8.318537894543205115e-04
5.611485881905054818e+00	9.230424184352159500e-04	8.364268629147467420e-04
5.628080862396184436e+00	8.983690058812499046e-04	8.316265259926585232e-04
5.644675842887314943e+00	7.733457605354487896e-04	7.774968219280310863e-04
5.661270823378444561e+00	8.640909800305962563e-04	8.288849211890575441e-04
5.677865803869574179e+00	9.132293635047972202e-04	8.606461674381111863e-04
5.694460784360704686e+00	6.471302476711571217e-04	7.324060537113856071e-04
5.711055764851834304e+00	8.724582730792462826e-04	8.604275655491697584e-04
5.727650745342963923e+00	6.083818152546882629e-04	7.266711611117665287e-04
5.744245725834094429e+00	8.550902130082249641e-04	8.720952982762278588e-04
5.760840706325224048e+00	9.100074530579149723e-04	9.106044210082089516e-04
5.777435686816353666e+00	7.897050818428397179e-04	8.590095394332552137e-04
5.794030667307484173e+00	7.895363378338515759e-04	8.693929390998746598e-04
5.810625647798613791e+00	8.791768923401832581e-04	9.292248478526967748e-04
5.827220628289743409e+00	8.917759405449032784e-04	9.481937251386028708e-04
5.843815608780873916e+00	1.003306475467979908e-03	1.019270243500762160e-03
5.860410589272003534e+00	9.933868423104286194e-04	1.028074180327410471e-03
5.877005569763133153e+00	8.176150149665772915e-04	9.455787367943898009e-04
5.893600550254262771e+00	1.024457276798784733e-03	1.073775473267423201e-03
5.910195530745393278e+00	7.852957351133227348e-04	9.536561334829294538e-04
5.926790511236522896e+00	8.548647165298461914e-04	1.010019670340937294e-03
5.943385491727652514e+00	6.664769607596099377e-04	9.053710118608246891e-04
5.959980472218783021e+00	9.709229925647377968e-04	1.111444455882052654e-03
5.976575452709912639e+00	8.191172382794320583e-04	1.036845805028665472e-03
5.993170433201042258e+00	8.288375101983547211e-04	1.059948450150353418e-03
6.009765413692172764e+00	7.312201778404414654e-04	1.012806695644798919e-03
6.026360394183302382e+00	8.648397051729261875e-04	1.122581928441847158e-03
6.042955374674432001e+00	7.595866336487233639e-04	1.069953181390722327e-03
6.059550355165562507e+00	9.066416532732546329e-04	1.191170400166302297e-03
6.076145335656692126e+00	8.531055063940584660e-04	1.178275950139064544e-03
6.092740316147821744e+00	1.004555961117148399e-03	1.304759690240118921e-03
6.109335296638952251e+00	9.506742353551089764e-04	1.296132702992342910e-03
6.125930277130081869e+00	9.914606343954801559e-04	1.352959224788196886e-03
6.142525257621211487e+00	9.029957582242786884e-04	1.320754731784493834e-03
6.159120238112341994e+00	9.497299906797707081e-04	1.386957155710640856e-03
6.175715218603471612e+00	1.237816759385168552e-03	1.623793169745271119e-03
6.192310199094601231e+00	1.307257916778326035e-03	1.712584926375594141e-03
6.208905179585730849e+00	1.316981622949242592e-03	1.766634611328172112e-03
6.225500160076861356e+00	1.559329568408429623e-03	1.979176072606531490e-03
6.242095140567990974e+00	1.795258605852723122e-03	2.189762498067271933e-03
6.258690121059120592e+00	1.838725642301142216e-03	2.301211647209578954e-03
6.275285101550251099e+00	2.125866245478391647e-03	2.593551124029422079e-03
6.291880082041380717e+00	1.383109600283205509e-03	2.199024823256894891e-03
6.308475062532510336e+00	9.544564527459442616e-04	1.954547026638552530e-03
6.325070043023640842e+00	6.699683144688606262e-04	1.720134208384546063e-03
6.341665023514770461e+00	6.608591647818684578e-04	1.770625453345894308e-03
6.358260004005900079e+00	7.838796009309589863e-04	1.986240669781581120e-03
6.374854984497030586e+00	5.926322774030268192e-04	1.763046349990573950e-03
6.391449964988160204e+00	3.847037150990217924e-04	1.450960600609542406e-03
6.408044945479289822e+00	8.029664750210940838e-04	2.144434162114524679e-03
6.424639925970420329e+00	1.422831905074417591e-03	2.922925553450625002e-03
6.441234906461549947e+00	1.323978998698294163e-03	2.888803192775107193e-03
6.457829886952679566e+00	4.622629203367978334e-04	1.750205216180384911e-03
6.474424867443810072e+00	4.192552005406469107e-04	1.714874730305266260e-03
6.491019847934939691e+00	6.008271011523902416e-04	2.114289073485829066e-03
6.507614828426069309e+00	8.040895336307585239e-04	2.514331786519648747e-03
6.524209808917199815e+00	1.142170280218124390e-03	3.093137801690080350e-03
6.540804789408329434e+00	1.707336487015709281e-04	1.237098770524766448e-03
6.557399769899459052e+00	1.150064519606530666e-03	3.329921747154792906e-03
6.573994750390588671e+00	5.737909232266247272e-04	2.444348448486241901e-03
6.590589730881719177e+00	4.058794875163584948e-04	2.145298878481117187e-03
6.607184711372848795e+00	1.044418197125196457e-03	3.604463054964922395e-03
6.623779691863978414e+00	8.943989523686468601e-04	3.506837837967585574e-03
6.640374672355108920e+00	1.831150846555829048e-03	5.309055535616974408e-03
6.656969652846238539e+00	1.254030736163258553e-03	4.679630267875927764e-03
6.673564633337368157e+00	-4.158404772169888020e-04	nan
6.690159613828498664e+00	-2.527652541175484657e-04	nan
6.706754594319628282e+00	8.149819041136652231e-05	1.542826512328214321e-03
6.723349574810757900e+00	-8.749797125346958637e-04	nan
6.739944555301888407e+00	2.589783398434519768e-03	1.167921988776286432e-02
6.756539535793018025e+00	2.695330884307622910e-03	1.537206452082233964e-02
6.773134516284147644e+00	9.947004728019237518e-04	1.596331638731338445e-02
