# Normalized	8324.0 eV	187
# q	I	Poisson error
# nm-1	cm-1	cm-1
1.533027402487101842e-01	1.641506958007812500e+01	1.032182476373332269e+00
1.700689274230457460e-01	1.515947341918945312e+01	5.552577251535744107e-01
1.868351145973813354e-01	1.383322334289550781e+01	4.148908689244237835e-01
2.036013017717168971e-01	1.246687984466552734e+01	3.363618918776805078e-01
2.203674889460524589e-01	1.093103313446044922e+01	2.742195899825022876e-01
2.371336761203880483e-01	9.638895988464355469e+00	2.277161849224011159e-01
2.538998632947235823e-01	8.448637962341308594e+00	1.919237365594075040e-01
2.706660504690591718e-01	7.231191635131835938e+00	1.758123793257020118e-01
2.874322376433947612e-01	6.142138481140136719e+00	1.588442660732191924e-01
3.041984248177302952e-01	5.156235694885253906e+00	1.426435028990443721e-01
3.209646119920659402e-01	4.289075374603271484e+00	1.281802010044995888e-01
3.377307991664014741e-01	3.539831876754760742e+00	1.122593686790106376e-01
3.544969863407370081e-01	2.898057937622070312e+00	9.530502764171823460e-02
3.712631735150726531e-01	2.351219654083251953e+00	8.211223335282769042e-02
3.880293606894081870e-01	1.881446003913879395e+00	7.068442510886718821e-02
4.047955478637437210e-01	1.487291693687438965e+00	6.048576085665174906e-02
4.215617350380793660e-01	1.169706702232360840e+00	5.183127393647960629e-02
4.383279222124148999e-01	9.113775491714477539e-01	4.444661368846221372e-02
4.550941093867504339e-01	7.047544121742248535e-01	3.802097297033976003e-02
4.718602965610860789e-01	5.464425683021545410e-01	3.263909069454869194e-02
4.886264837354216128e-01	4.228546917438507080e-01	2.803517403675466479e-02
5.053926709097571468e-01	3.328717052936553955e-01	2.424760580567959442e-02
5.221588580840927918e-01	2.665849030017852783e-01	2.118394358512976083e-02
5.389250452584283257e-01	2.188684344291687012e-01	1.881891564849830223e-02
5.556912324327638597e-01	1.840412169694900513e-01	1.693711766146205333e-02
5.724574196070995047e-01	1.591214239597320557e-01	1.587116505278729148e-02
5.892236067814350386e-01	1.425787061452865601e-01	1.513633233453615633e-02
6.059897939557706836e-01	1.291663944721221924e-01	1.439599810437179606e-02
6.227559811301062176e-01	1.185473352670669556e-01	1.374028372406220326e-02
6.395221683044417516e-01	1.110036298632621765e-01	1.318208638206837431e-02
6.562883554787772855e-01	1.037161722779273987e-01	1.260878758017005934e-02
6.730545426531129305e-01	9.623253345489501953e-02	1.206387373918177061e-02
6.898207298274484645e-01	8.973000198602676392e-02	1.157799890765816471e-02
7.065869170017839984e-01	8.237028121948242188e-02	1.102326404236126343e-02
7.233531041761196434e-01	7.522922009229660034e-02	1.026591953900521381e-02
7.401192913504551774e-01	6.844035536050796509e-02	9.465688393046341881e-03
7.568854785247907113e-01	6.180435046553611755e-02	8.802237689964515291e-03
7.736516656991263563e-01	5.556396022439002991e-02	8.205295886921202750e-03
7.904178528734618903e-01	4.924447834491729736e-02	7.631133383831415450e-03
8.071840400477974242e-01	4.418367147445678711e-02	7.127108393055484915e-03
8.239502272221330692e-01	3.928453102707862854e-02	6.622763491367968276e-03
8.407164143964686032e-01	3.492121398448944092e-02	6.157309934281602302e-03
8.574826015708041371e-01	3.083575144410133362e-02	5.709585270011250865e-03
8.742487887451397821e-01	2.756758220493793488e-02	5.330118805435615781e-03
8.910149759194753161e-01	2.494160644710063934e-02	5.007455139711441267e-03
9.077811630938108500e-01	2.259649522602558136e-02	4.710276222183047354e-03
9.245473502681464950e-01	2.058748155832290649e-02	4.443742061772045469e-03
9.413135374424820290e-01	1.856361515820026398e-02	4.172886474487891469e-03
9.580797246168175629e-01	1.678336970508098602e-02	3.925340049369814045e-03
9.748459117911532079e-01	1.592891849577426910e-02	3.784441276917769031e-03
9.916120989654887419e-01	1.452075224369764328e-02	3.576327245115989376e-03
1.008378286139824498e+00	1.358874514698982239e-02	3.425018048330690738e-03
1.025144473314159921e+00	1.255025807768106461e-02	3.258090507561676660e-03
1.041910660488495566e+00	1.164313685148954391e-02	3.109510672389886182e-03
1.058676847662831211e+00	1.101868413388729095e-02	2.997093388981873340e-03
1.075443034837166634e+00	1.014249119907617569e-02	2.848545584943004694e-03
1.092209222011502279e+00	9.552723728120326996e-03	2.740606653578862937e-03
1.108975409185837924e+00	9.157795459032058716e-03	2.660141405071980280e-03
1.125741596360173347e+00	8.217684924602508545e-03	2.497686955465429695e-03
1.142507783534508992e+00	7.841413840651512146e-03	2.419481632791715964e-03
1.159273970708844415e+00	7.320967037230730057e-03	2.318698221128340578e-03
1.176040157883180060e+00	6.857618689537048340e-03	2.227437459143983764e-03
1.192806345057515705e+00	6.530974525958299637e-03	2.159305274437544123e-03
1.209572532231851127e+00	5.865219980478286743e-03	2.071505942186586090e-03
1.226338719406186772e+00	5.692063830792903900e-03	2.054243744132139022e-03
1.243104906580522417e+00	5.405548494309186935e-03	1.999342603974637970e-03
1.259871093754857840e+00	5.080624017864465714e-03	1.936558373771043963e-03
1.276637280929193485e+00	4.765662364661693573e-03	1.874368748653797547e-03
1.293403468103529130e+00	4.777719266712665558e-03	1.874907458619138852e-03
1.310169655277864553e+00	4.570802208036184311e-03	1.831191048060728382e-03
1.326935842452200198e+00	4.245006013661623001e-03	1.761674020462026136e-03
1.343702029626535843e+00	4.072889685630798340e-03	1.722524524648019490e-03
1.360468216800871266e+00	3.944111522287130356e-03	1.660579705077739601e-03
1.377234403975206911e+00	3.904060926288366318e-03	1.620297722741866064e-03
1.394000591149542556e+00	3.736154874786734581e-03	1.570492081004857708e-03
1.410766778323877979e+00	3.532950067892670631e-03	1.516919095780324897e-03
1.427532965498213624e+00	3.376838751137256622e-03	1.474503030083110537e-03
1.444299152672549269e+00	3.426625160500407219e-03	1.477552538032832945e-03
1.461065339846884692e+00	3.226111875846982002e-03	1.426615662728793069e-03
1.477831527021220337e+00	3.173017175868153572e-03	1.407878167706935572e-03
1.494597714195555982e+00	3.047375939786434174e-03	1.372963977539607685e-03
1.511363901369891405e+00	2.921904670074582100e-03	1.338116048937326068e-03
1.528130088544227050e+00	3.028201172128319740e-03	1.356562055641104747e-03
1.544896275718562695e+00	3.050710540264844894e-03	1.355631041863635542e-03
1.561662462892898118e+00	2.827030606567859650e-03	1.298919992763848501e-03
1.578428650067233763e+00	2.603692235425114632e-03	1.241198642104418028e-03
1.595194837241569408e+00	2.887559123337268829e-03	1.301844710772904860e-03
1.611961024415904831e+00	2.695139730349183083e-03	1.250484762190761301e-03
1.628727211590240476e+00	2.455872017890214920e-03	1.185281855299539795e-03
1.645493398764576121e+00	2.557172905653715134e-03	1.198489877545729941e-03
1.662259585938911544e+00	2.544501330703496933e-03	1.183105000827729646e-03
1.679025773113247189e+00	2.664156490936875343e-03	1.198808014686362144e-03
1.695791960287582834e+00	2.478595590218901634e-03	1.145984072294814081e-03
1.712558147461918256e+00	2.230081008747220039e-03	1.077438796975973287e-03
1.729324334636253901e+00	2.555497456341981888e-03	1.144517994706837141e-03
1.746090521810589546e+00	2.364748623222112656e-03	1.091029691458014197e-03
1.762856708984924969e+00	2.455073408782482147e-03	1.102422919450035026e-03
1.779622896159260614e+00	2.288941992446780205e-03	1.055803084028466817e-03
1.796389083333596259e+00	2.229239791631698608e-03	1.034244010768307605e-03
1.813155270507931904e+00	2.206814475357532501e-03	1.022793824494441610e-03
1.829921457682267327e+00	2.207566285505890846e-03	1.017547007823439969e-03
1.846687644856602972e+00	2.040457678958773613e-03	9.730028049317261370e-04
1.863453832030938617e+00	2.049742499366402626e-03	9.704848062518256924e-04
1.880220019205274040e+00	2.270689466968178749e-03	1.016288733493958237e-03
1.896986206379609685e+00	2.138237236067652702e-03	9.810194083538104765e-04
1.913752393553945330e+00	2.093916060402989388e-03	9.659342221714239431e-04
1.930518580728280753e+00	2.287651645019650459e-03	1.005109275682711809e-03
1.947284767902616398e+00	2.145526232197880745e-03	9.684254491974191416e-04
1.964050955076952043e+00	2.046819077804684639e-03	9.411242162299226360e-04
1.980817142251287466e+00	1.996356062591075897e-03	9.249241812635601882e-04
1.997583329425623111e+00	1.932216691784560680e-03	9.056602763130546570e-04
2.014349516599958978e+00	2.039425773546099663e-03	9.262460810350298503e-04
2.031115703774294179e+00	2.046314766630530357e-03	9.236673600713026129e-04
2.047881890948629824e+00	1.912116189487278461e-03	8.885940079136385320e-04
2.064648078122965469e+00	1.962332753464579582e-03	8.963627527486698688e-04
2.081414265297301114e+00	2.082047052681446075e-03	9.192249728505958242e-04
2.098180452471636759e+00	1.882408279925584793e-03	8.701034881444846868e-04
2.114946639645972404e+00	2.021233551204204559e-03	8.977378470028162059e-04
2.131712826820307605e+00	1.987069612368941307e-03	8.863089000948009243e-04
2.148479013994643250e+00	1.834257738664746284e-03	8.476148979837250371e-04
2.165245201168978895e+00	1.854344969615340233e-03	8.487492120887546411e-04
2.182011388343314540e+00	1.885439036414027214e-03	8.523271937085761434e-04
2.198777575517650185e+00	1.773855998180806637e-03	8.231570555781175542e-04
2.215543762691985830e+00	1.847030362114310265e-03	8.365183712480543958e-04
2.232309949866321475e+00	1.702204579487442970e-03	7.994080918950962830e-04
2.249076137040656675e+00	1.741039915941655636e-03	8.053572868772545168e-04
2.265842324214992320e+00	1.842868048697710037e-03	8.252955836945928547e-04
2.282608511389327965e+00	1.726169837638735771e-03	7.954638994449444653e-04
2.299374698563663610e+00	1.876199967227876186e-03	8.261601985711047001e-04
2.316140885737999255e+00	1.829385408200323582e-03	8.125796819978343055e-04
2.332907072912334900e+00	1.795042073354125023e-03	8.017421788482895131e-04
2.349673260086670545e+00	1.708014169707894325e-03	7.788656532975574403e-04
2.366439447261005746e+00	1.636105589568614960e-03	7.592881991164444682e-04
2.383205634435341391e+00	1.616048393771052361e-03	7.517345384618538771e-04
2.399971821609677036e+00	1.761411898769438267e-03	7.810553238955413643e-04
2.416738008784012681e+00	1.717917271889746189e-03	7.677244271490006426e-04
2.433504195958348326e+00	1.630540122278034687e-03	7.449901757421091867e-04
2.450270383132683971e+00	1.634519547224044800e-03	7.431364488589716193e-04
2.467036570307019172e+00	1.467707450501620770e-03	7.014087220599617796e-04
2.483802757481354817e+00	1.495050266385078430e-03	7.107734313973360866e-04
2.500568944655690462e+00	1.593766268342733383e-03	7.405703332668006232e-04
2.517335131830026107e+00	1.536535448394715786e-03	7.295315870950545975e-04
2.534101319004361752e+00	1.717419247142970562e-03	7.734124623781270117e-04
2.550867506178697397e+00	1.637079287320375443e-03	7.563374778032724713e-04
2.567633693353032598e+00	1.499118632636964321e-03	7.245440881463671929e-04
2.584399880527368243e+00	1.576205017045140266e-03	7.434825081246217594e-04
2.601166067701703888e+00	1.591995824128389359e-03	7.476720186543021765e-04
2.617932254876039533e+00	1.506981323473155499e-03	7.274314303794730081e-04
2.634698442050375178e+00	1.496623270213603973e-03	7.204656053896113738e-04
2.651464629224710823e+00	1.585471094585955143e-03	7.311153656938654440e-04
2.668230816399046024e+00	1.492566661909222603e-03	7.037850504946332802e-04
2.684997003573381669e+00	1.393683371134102345e-03	6.752208722456809866e-04
2.701763190747717314e+00	1.401285873726010323e-03	6.730786938242249839e-04
2.718529377922052959e+00	1.455669756978750229e-03	6.824333790006115782e-04
2.735295565096388604e+00	1.390395453199744225e-03	6.635037795504114934e-04
2.752061752270724249e+00	1.463283435441553593e-03	6.774462612308566672e-04
2.768827939445059449e+00	1.292655128054320812e-03	6.336761989292643464e-04
2.785594126619395094e+00	1.421282649971544743e-03	6.616695335169675129e-04
2.802360313793730739e+00	1.360349822789430618e-03	6.445642732573026671e-04
2.819126500968066384e+00	1.469923066906630993e-03	6.675185461956571449e-04
2.835892688142402029e+00	1.451096963137388229e-03	6.605284986700646213e-04
2.852658875316737674e+00	1.409087912179529667e-03	6.483246996434362122e-04
2.869425062491072875e+00	1.321982243098318577e-03	6.252734914312759644e-04
2.886191249665408520e+00	1.436540042050182819e-03	6.495147005941432619e-04
2.902957436839744165e+00	1.354486215859651566e-03	6.282841812019596909e-04
2.919723624014079810e+00	1.390695804730057716e-03	6.343567392390618738e-04
2.936489811188415455e+00	1.359665300697088242e-03	6.249347060621858810e-04
2.953255998362751100e+00	1.436012913472950459e-03	6.400994015442723183e-04
2.970022185537086301e+00	1.346162287518382072e-03	6.174114604362531452e-04
2.986788372711421946e+00	1.394916442222893238e-03	6.264038542034390880e-04
3.003554559885757591e+00	1.340133720077574253e-03	6.118194035763743505e-04
3.020320747060093236e+00	1.447200658731162548e-03	6.338045911513005099e-04
3.037086934234428881e+00	1.350073027424514294e-03	6.099301396605570549e-04
3.053853121408764526e+00	1.401801477186381817e-03	6.196202590607220728e-04
3.070619308583099727e+00	1.359324320219457150e-03	6.080188933446536688e-04
3.087385495757435372e+00	1.197147532366216183e-03	5.686360241779622260e-04
3.104151682931771017e+00	1.301266020163893700e-03	5.910559776502685193e-04
3.120917870106106662e+00	1.365190488286316395e-03	6.109408575081184695e-04
3.137684057280442307e+00	1.266792532987892628e-03	5.913712853179239502e-04
3.154450244454777952e+00	1.367640448734164238e-03	6.166224528950925692e-04
3.171216431629113153e+00	1.265983213670551777e-03	5.944638198280975975e-04
3.187982618803448798e+00	1.296044676564633846e-03	6.025261213740272948e-04
3.204748805977784443e+00	1.321658492088317871e-03	6.091529190529844980e-04
3.221514993152120088e+00	1.279646879993379116e-03	5.997443221679767946e-04
3.238281180326455733e+00	1.405692775733768940e-03	6.290292692627615263e-04
3.255047367500791378e+00	1.199904945679008961e-03	5.810779561425328177e-04
3.271813554675126579e+00	1.262257457710802555e-03	5.898156592624017669e-04
3.288579741849462224e+00	1.239170785993337631e-03	5.786814520901902058e-04
3.305345929023797868e+00	1.126139191910624504e-03	5.476539391914615230e-04
3.322112116198133513e+00	1.180782448500394821e-03	5.576718017456701055e-04
3.338878303372469158e+00	1.219545374624431133e-03	5.639922341973121816e-04
3.355644490546804803e+00	1.303444849327206612e-03	5.805232452611510134e-04
3.372410677721140004e+00	1.225254032760858536e-03	5.603392882583673471e-04
3.389176864895475649e+00	1.127340015955269337e-03	5.352001331611740348e-04
3.405943052069811294e+00	1.134651363827288151e-03	5.349158069191531969e-04
3.422709239244146939e+00	1.214349525980651379e-03	5.514399398888883202e-04
3.439475426418482584e+00	1.241510035470128059e-03	5.555805151306480614e-04
3.456241613592818229e+00	1.230672351084649563e-03	5.512724561221103541e-04
3.473007800767153874e+00	1.140703330747783184e-03	5.288256022817778559e-04
3.489773987941489075e+00	1.164826215244829655e-03	5.326355580797482656e-04
3.506540175115824720e+00	1.129861804656684399e-03	5.228892739730555198e-04
3.523306362290160365e+00	1.126078655943274498e-03	5.202733681345334069e-04
3.540072549464496010e+00	1.014702836982905865e-03	4.922327617663792504e-04
3.556838736638831655e+00	1.203250838443636894e-03	5.346269992960806308e-04
3.573604923813167300e+00	1.177171594463288784e-03	5.271020538247724345e-04
3.590371110987502501e+00	1.094843610189855099e-03	5.067708132397812093e-04
3.607137298161838146e+00	1.143712201155722141e-03	5.164844515988677815e-04
3.623903485336173791e+00	1.108141266740858555e-03	5.068000039668646645e-04
3.640669672510509436e+00	1.161511871032416821e-03	5.175423321676886042e-04
3.657435859684845081e+00	1.114810351282358170e-03	5.054459955304257653e-04
3.674202046859180726e+00	1.114418497309088707e-03	5.038691874733238624e-04
3.690968234033515927e+00	1.156295998953282833e-03	5.119133223076807781e-04
3.707734421207851572e+00	1.153536839410662651e-03	5.098843286896998601e-04
3.724500608382187217e+00	1.138104940764605999e-03	5.050474904129991687e-04
3.741266795556522862e+00	1.145264017395675182e-03	5.052587365009486272e-04
3.758032982730858507e+00	1.079023350030183792e-03	4.890679168518685541e-04
3.774799169905194152e+00	1.182340201921761036e-03	5.108023741946554922e-04
3.791565357079529353e+00	1.087301061488687992e-03	4.885226440991197660e-04
3.808331544253864998e+00	1.113376580178737640e-03	4.930607561350627919e-04
3.825097731428200643e+00	1.050804974511265755e-03	4.777157192414340186e-04
3.841863918602536287e+00	1.151402248069643974e-03	4.989295714676727231e-04
3.858630105776871932e+00	1.032724510878324509e-03	4.711984101703357766e-04
3.875396292951207577e+00	1.040486036799848080e-03	4.717382648837247384e-04
3.892162480125542778e+00	1.124208909459412098e-03	4.892497628221871217e-04
3.908928667299878423e+00	1.240250887349247932e-03	5.127767142090735534e-04
3.925694854474214068e+00	1.043728552758693695e-03	4.689950262128132156e-04
3.942461041648549713e+00	1.036346424371004105e-03	4.661447447253741299e-04
3.959227228822885358e+00	1.048570615239441395e-03	4.677908877272861496e-04
3.975993415997221003e+00	1.037706271745264530e-03	4.642901164240554701e-04
3.992759603171556204e+00	1.073430408723652363e-03	4.710186427160716841e-04
4.009525790345891849e+00	1.052338629961013794e-03	4.652176678641636322e-04
4.026291977520227050e+00	1.131579629145562649e-03	4.813469200985787165e-04
4.043058164694563139e+00	1.080138259567320347e-03	4.690815700482621107e-04
4.059824351868898340e+00	1.060413662344217300e-03	4.636429316210073930e-04
4.076590539043234429e+00	9.677043999545276165e-04	4.417478208417541978e-04
4.093356726217569630e+00	9.236620389856398106e-04	4.305106076412809840e-04
4.110122913391904831e+00	1.136983046308159828e-03	4.768044039380967816e-04
4.126889100566240920e+00	1.056615030393004417e-03	4.630769531162630339e-04
4.143655287740576121e+00	9.821915300562977791e-04	4.492818586121726768e-04
4.160421474914912210e+00	9.884895989671349525e-04	4.519539162795585215e-04
4.177187662089247411e+00	9.219422354362905025e-04	4.364675316170173961e-04
4.193953849263583500e+00	9.690496954135596752e-04	4.480611065298898137e-04
4.210720036437918701e+00	1.112200552597641945e-03	4.808176671759586051e-04
4.227486223612254790e+00	1.093441271223127842e-03	4.771813574980096270e-04
4.244252410786589991e+00	1.026743208058178425e-03	4.626510682601963362e-04
4.261018597960925192e+00	1.026569749228656292e-03	4.628328251512426792e-04
4.277784785135261281e+00	1.060385955497622490e-03	4.706175470098975530e-04
4.294550972309596482e+00	1.033430336974561214e-03	4.644014737029851232e-04
4.311317159483932571e+00	9.957758011296391487e-04	4.552337007105764595e-04
4.328083346658267772e+00	1.030331244692206383e-03	4.625276708326494786e-04
4.344849533832602972e+00	1.056677661836147308e-03	4.682475717061383540e-04
4.361615721006939062e+00	1.016658381558954716e-03	4.591214692406337056e-04
4.378381908181274262e+00	1.075649517588317394e-03	4.725406356186120232e-04
4.395148095355610351e+00	1.001380267553031445e-03	4.610939937404526495e-04
4.411914282529945552e+00	9.473021491430699825e-04	4.518154493217165489e-04
4.428680469704281641e+00	8.954873774200677872e-04	4.417430257607088081e-04
4.445446656878616842e+00	9.894492104649543762e-04	4.666259876329126527e-04
4.462212844052952043e+00	1.049084123224020004e-03	4.824723894338291629e-04
4.478979031227288132e+00	1.057058339938521385e-03	4.860602570289580316e-04
4.495745218401623333e+00	1.047715777531266212e-03	4.854704627326814894e-04
4.512511405575959422e+00	9.288130677305161953e-04	4.584429804921891618e-04
4.529277592750294623e+00	9.644746896810829639e-04	4.719998554595569436e-04
4.546043779924630712e+00	8.673063130117952824e-04	4.517354962606988053e-04
4.562809967098965913e+00	9.110583923757076263e-04	4.667785081435337565e-04
4.579576154273301114e+00	1.048592734150588512e-03	5.063308111025635171e-04
4.596342341447637203e+00	1.097379717975854874e-03	5.247581648930837311e-04
4.613108528621972404e+00	9.090194362215697765e-04	4.821588944659580076e-04
4.629874715796308493e+00	9.318572119809687138e-04	4.915084597601840095e-04
4.646640902970643694e+00	9.597263997420668602e-04	5.014546752627155627e-04
4.663407090144978895e+00	9.721355163492262363e-04	5.072795816920786394e-04
4.680173277319314984e+00	1.032280619256198406e-03	5.251852082386846039e-04
4.696939464493650185e+00	1.176325022242963314e-03	5.631217387275979508e-04
4.713705651667986274e+00	9.847879409790039062e-04	5.169545906517227602e-04
4.730471838842321475e+00	1.037043053656816483e-03	5.409000170965793351e-04
4.747238026016657564e+00	1.043952303007245064e-03	5.524627765930478817e-04
4.764004213190992765e+00	9.129265090450644493e-04	5.215040653601004696e-04
4.780770400365327966e+00	9.633733425289392471e-04	5.394703886522028789e-04
4.797536587539664055e+00	8.669648086652159691e-04	5.152543153830397085e-04
4.814302774713999256e+00	9.291896712966263294e-04	5.366523174716341434e-04
4.831068961888335345e+00	9.734383202157914639e-04	5.523272877571425762e-04
4.847835149062670546e+00	9.717521024867892265e-04	5.546614983871953584e-04
4.864601336237005746e+00	8.816563058644533157e-04	5.307237108170562373e-04
4.881367523411341836e+00	9.825504384934902191e-04	5.620748562725445948e-04
4.898133710585677036e+00	8.445208659395575523e-04	5.219991002077728395e-04
4.914899897760013125e+00	8.685293141752481461e-04	5.308344031286246593e-04
4.931666084934348326e+00	7.505879038944840431e-04	4.952857156672222467e-04
4.948432272108684415e+00	8.521387353539466858e-04	5.298923223300229307e-04
4.965198459283019616e+00	8.094854420050978661e-04	5.183636751352993207e-04
4.981964646457354817e+00	8.484095451422035694e-04	5.326902226542810231e-04
4.998730833631690906e+00	9.189710835926234722e-04	5.563945393130428864e-04
5.015497020806026107e+00	9.084366029128432274e-04	5.626881531400861058e-04
5.032263207980362196e+00	8.610171498730778694e-04	5.600221926031542091e-04
5.049029395154697397e+00	8.364372188225388527e-04	5.608177176140271419e-04
5.065795582329032598e+00	8.822643430903553963e-04	5.840194663455752951e-04
5.082561769503368687e+00	8.277578745037317276e-04	5.727645853927433063e-04
5.099327956677703888e+00	8.473197231069207191e-04	5.864089554325736201e-04
5.116094143852039977e+00	8.525524172000586987e-04	5.949021756692491301e-04
5.132860331026375178e+00	7.123675895854830742e-04	5.495722264847757201e-04
5.149626518200711267e+00	8.496374357491731644e-04	6.065924916806203536e-04
5.166392705375046468e+00	1.074892352335155010e-03	6.887298844715100416e-04
5.183158892549381669e+00	7.538778008893132210e-04	5.813165318199309912e-04
5.199925079723717758e+00	1.024231081828474998e-03	6.836046877301809460e-04
5.216691266898052959e+00	9.049214422702789307e-04	6.476285537218537695e-04
5.233457454072389048e+00	9.357008966617286205e-04	6.638685622004454525e-04
5.250223641246724249e+00	9.075258858501911163e-04	6.594850627498499316e-04
5.266989828421059450e+00	9.125743526965379715e-04	6.676558902164955343e-04
5.283756015595395539e+00	9.519765735603868961e-04	6.885169004951236914e-04
5.300522202769730740e+00	1.034058164805173874e-03	7.247175973683344253e-04
5.317288389944066829e+00	9.057212737388908863e-04	6.843270903306583001e-04
5.334054577118402030e+00	7.468760013580322266e-04	6.262698227806442249e-04
5.350820764292738119e+00	7.840094040147960186e-04	6.462723541617472738e-04
5.367586951467073320e+00	1.018535112962126732e-03	7.421803356274731325e-04
5.384353138641408520e+00	1.176338642835617065e-03	8.035311988044468784e-04
5.401119325815744610e+00	1.031487598083913326e-03	7.581807352497498724e-04
5.417885512990079810e+00	8.254001149907708168e-04	6.843329586800027398e-04
5.434651700164415900e+00	8.885858696885406971e-04	7.169118780870332953e-04
5.451417887338751100e+00	6.685491534881293774e-04	6.274952790024608323e-04
5.468184074513086301e+00	7.453460129909217358e-04	6.690312963089906344e-04
5.484950261687422390e+00	8.662615437060594559e-04	7.284046217781091305e-04
5.501716448861757591e+00	7.827551453374326229e-04	6.990748442931030366e-04
5.518482636036093680e+00	7.322464953176677227e-04	6.827226928334571366e-04
5.535248823210428881e+00	8.300741319544613361e-04	7.342213440305641985e-04
5.552015010384764970e+00	7.876951131038367748e-04	7.223745385367173017e-04
5.568781197559100171e+00	9.180846391245722771e-04	7.879016776907336395e-04
5.585547384733435372e+00	9.042672463692724705e-04	7.899479771069716589e-04
5.602313571907771461e+00	8.761690114624798298e-04	7.855283913336698603e-04
5.619079759082106662e+00	8.574126404710114002e-04	7.854688466938723442e-04
5.635845946256442751e+00	9.851104114204645157e-04	8.506752229546594643e-04
5.652612133430777952e+00	9.018198470585048199e-04	8.206926491690774705e-04
5.669378320605114041e+00	8.585016475990414619e-04	8.069357617280178453e-04
5.686144507779449242e+00	6.644575041718780994e-04	7.152507371801024002e-04
5.702910694953784443e+00	8.661359315738081932e-04	8.232745222416011253e-04
5.719676882128120532e+00	1.032372005283832550e-03	9.066330346955927579e-04
5.736443069302455733e+00	8.944870205596089363e-04	8.521198837048212654e-04
5.753209256476791822e+00	9.384671575389802456e-04	8.827305029348438093e-04
5.769975443651127023e+00	6.497765425592660904e-04	7.425842850926742036e-04
5.786741630825462224e+00	9.748497395776212215e-04	9.207065739352072791e-04
5.803507817999798313e+00	1.055077533237636089e-03	9.693974582149110985e-04
5.820274005174133514e+00	8.815102628432214260e-04	8.965673487910581253e-04
5.837040192348469603e+00	1.008899882435798645e-03	9.716072885991092201e-04
5.853806379522804804e+00	8.173628593795001507e-04	8.849567494498281539e-04
5.870572566697140893e+00	7.469698903150856495e-04	8.566851126963281144e-04
5.887338753871476094e+00	6.688840803690254688e-04	8.212295780586849380e-04
5.904104941045811294e+00	7.473535370081663132e-04	8.797532168113821526e-04
5.920871128220147384e+00	8.576501859351992607e-04	9.554629817116391940e-04
5.937637315394482584e+00	9.262517560273408890e-04	1.006948387302866992e-03
5.954403502568818674e+00	7.170422468334436417e-04	8.983256898976796226e-04
5.971169689743153874e+00	9.626533137634396553e-04	1.056470734812792753e-03
5.987935876917489075e+00	8.426656713709235191e-04	1.003115736858612491e-03
6.004702064091825164e+00	8.747818064875900745e-04	1.037863193809512256e-03
6.021468251266160365e+00	8.761791395954787731e-04	1.056085663981002785e-03
6.038234438440496454e+00	9.863969171419739723e-04	1.138388121005631023e-03
6.055000625614831655e+00	9.775386424735188484e-04	1.151705966881522809e-03
6.071766812789167744e+00	9.820836130529642105e-04	1.174446897604544291e-03
6.088532999963502945e+00	9.249314898625016212e-04	1.161389393061742960e-03
6.105299187137838146e+00	6.884207832626998425e-04	1.018792658947832632e-03
6.122065374312174235e+00	7.198291132226586342e-04	1.061481743348692032e-03
6.138831561486509436e+00	9.718731162138283253e-04	1.258165976403133367e-03
6.155597748660845525e+00	1.056458917446434498e-03	1.338529673815359389e-03
6.172363935835180726e+00	6.769619067199528217e-04	1.093749705069392824e-03
6.189130123009515927e+00	8.865447598509490490e-04	1.279629201284942066e-03
6.205896310183852016e+00	1.193410949781537056e-03	1.519187434345807552e-03
6.222662497358187217e+00	1.049963524565100670e-03	1.458864859538438509e-03
6.239428684532523306e+00	1.064070151187479496e-03	1.505771752243266308e-03
6.256194871706858507e+00	1.448043738491833210e-03	1.803218394876897552e-03
6.272961058881194596e+00	1.704331021755933762e-03	2.010855183742026563e-03
6.289727246055529797e+00	1.682574511505663395e-03	2.056755999264788057e-03
6.306493433229864998e+00	2.150188665837049484e-03	2.397761512798766981e-03
6.323259620404201087e+00	1.707524876110255718e-03	2.218158490660454129e-03
6.340025807578536288e+00	1.518098288215696812e-03	2.191701312093444730e-03
6.356791994752872377e+00	8.644720073789358139e-04	1.738358927222391492e-03
6.373558181927207578e+00	6.370989722199738026e-04	1.596803930016613138e-03
6.390324369101542779e+00	5.937808309681713581e-04	1.619587870093380615e-03
6.407090556275878868e+00	2.298858598805963993e-04	1.044023503700949483e-03
6.423856743450214069e+00	4.980559460818767548e-04	1.583172178256495597e-03
6.440622930624550158e+00	1.497205579653382301e-03	2.804086481925200172e-03
6.457389117798885358e+00	1.043025287799537182e-03	2.390450470852266592e-03
6.474155304973221448e+00	7.220859406515955925e-04	2.033839590087496620e-03
6.490921492147556648e+00	9.116342407651245594e-04	2.339487823667704691e-03
6.507687679321891849e+00	1.384637318551540375e-03	2.954853838454045683e-03
6.524453866496227938e+00	1.362341456115245819e-03	3.006499010778949498e-03
6.541220053670563139e+00	2.977165277116000652e-04	1.445165302031956511e-03
6.557986240844899228e+00	1.729606810840778053e-05	3.585333459223763192e-04
6.574752428019234429e+00	-1.545145350974053144e-04	nan
6.591518615193569630e+00	6.272835889831185341e-04	2.292014401888487103e-03
6.608284802367905719e+00	3.726784780155867338e-04	1.828050887423763064e-03
6.625050989542240920e+00	7.792243268340826035e-04	2.740864022084252370e-03
6.641817176716577009e+00	7.527641719207167625e-04	2.800360598648669701e-03
6.658583363890912210e+00	1.021045958623290062e-03	3.403729631989937682e-03
6.675349551065248299e+00	1.299070194363594055e-03	4.020800356908019353e-03
6.692115738239583500e+00	5.005981656722724438e-04	2.623477489210392609e-03
6.708881925413918701e+00	8.213003166019916534e-04	3.554927561070475930e-03
6.725648112588254790e+00	1.747424597851932049e-03	5.525328740379303362e-03
6.742414299762589991e+00	1.418774132616817951e-03	5.345982801868307856e-03
6.759180486936926080e+00	8.390055736526846886e-04	4.471161151536281325e-03
6.775946674111261281e+00	1.058518755598925054e-04	1.758215800948635145e-03
6.792712861285597370e+00	7.438774337060749531e-04	5.281517767336815078e-03
6.809479048459932571e+00	9.204181696986779571e-05	2.200435484239063495e-03
6.826245235634267772e+00	5.076230736449360847e-04	6.670520994314423427e-03
6.843011422808603861e+00	-4.600751562975347042e-04	nan
