# Normalized	8973.0 eV	187
# q	I	Poisson error
# nm-1	cm-1	cm-1
1.652559244913754666e-01	1.575599861145019531e+01	1.008358016339472973e+00
1.833293896666008949e-01	1.445400905609130859e+01	5.394022153387499907e-01
2.014028548418262954e-01	1.287318897247314453e+01	3.973332500900695896e-01
2.194763200170517237e-01	1.130798435211181641e+01	3.173990738325722094e-01
2.375497851922771519e-01	9.808606147766113281e+00	2.570558763690478643e-01
2.556232503675025525e-01	8.387865066528320312e+00	2.097523332564368292e-01
2.736967155427280085e-01	7.158693790435791016e+00	1.741131082472966440e-01
2.917701807179534090e-01	5.970633506774902344e+00	1.574034850648037276e-01
3.098436458931788096e-01	4.898458003997802734e+00	1.396758989705194076e-01
3.279171110684042656e-01	3.941143274307250977e+00	1.227065288263695653e-01
3.459905762436297216e-01	3.135180234909057617e+00	1.077837145262089680e-01
3.640640414188550666e-01	2.471878528594970703e+00	9.220882758538581636e-02
3.821375065940805227e-01	1.937718033790588379e+00	7.654188329396272028e-02
4.002109717693059787e-01	1.495726108551025391e+00	6.429840750617435430e-02
4.182844369445313237e-01	1.139584541320800781e+00	5.400839115909338017e-02
4.363579021197567798e-01	8.605697751045227051e-01	4.518484793460025156e-02
4.544313672949822358e-01	6.488584876060485840e-01	3.793390131905296364e-02
4.725048324702075808e-01	4.906595051288604736e-01	3.207953570579243768e-02
4.905782976454330369e-01	3.768777251243591309e-01	2.739015209921994917e-02
5.086517628206584929e-01	2.965608835220336914e-01	2.372722813409606710e-02
5.267252279958839489e-01	2.410593479871749878e-01	2.093025223083614175e-02
5.447986931711092939e-01	2.041825354099273682e-01	1.881532352947496572e-02
5.628721583463347500e-01	1.796796619892120361e-01	1.726510797437715711e-02
5.809456235215602060e-01	1.636696755886077881e-01	1.618515247641621330e-02
5.990190886967855510e-01	1.519346088171005249e-01	1.532911930569204849e-02
6.170925538720110071e-01	1.427112221717834473e-01	1.499106693002757486e-02
6.351660190472364631e-01	1.352802067995071411e-01	1.471690295933272656e-02
6.532394842224618081e-01	1.273996233940124512e-01	1.427846112559986655e-02
6.713129493976872642e-01	1.187981367111206055e-01	1.373982938949033263e-02
6.893864145729127202e-01	1.098408475518226624e-01	1.309717583028514529e-02
7.074598797481381762e-01	1.006759628653526306e-01	1.240566041526316131e-02
7.255333449233635212e-01	9.115101397037506104e-02	1.172268505525197319e-02
7.436068100985889773e-01	8.208553493022918701e-02	1.105340117032370915e-02
7.616802752738144333e-01	7.317600399255752563e-02	1.036865880629867474e-02
7.797537404490397783e-01	6.520327925682067871e-02	9.536242112863668394e-03
7.978272056242652344e-01	5.719571933150291443e-02	8.631693217959006056e-03
8.159006707994906904e-01	5.056405812501907349e-02	7.941086417395971930e-03
8.339741359747160354e-01	4.438142105937004089e-02	7.313646553373933518e-03
8.520476011499414914e-01	3.940796479582786560e-02	6.809242222871705538e-03
8.701210663251669475e-01	3.505475074052810669e-02	6.332421958849559183e-03
8.881945315003924035e-01	3.156129643321037292e-02	5.922471966608506243e-03
9.062679966756177485e-01	2.860327623784542084e-02	5.560954072408434180e-03
9.243414618508432046e-01	2.604569680988788605e-02	5.238008342349822696e-03
9.424149270260686606e-01	2.381999418139457703e-02	4.946767596076844485e-03
9.604883922012940056e-01	2.210654504597187042e-02	4.707805375825419199e-03
9.785618573765194617e-01	2.046720869839191437e-02	4.477484060993545609e-03
9.966353225517449177e-01	1.907628402113914490e-02	4.273127441949006733e-03
1.014708787726970263e+00	1.783934421837329865e-02	4.087427962032947476e-03
1.032782252902195719e+00	1.650413498282432556e-02	3.890054868515646115e-03
1.050855718077421175e+00	1.565499044954776764e-02	3.749382665870845330e-03
1.068929183252646409e+00	1.454963348805904388e-02	3.578044124583631448e-03
1.087002648427871865e+00	1.398710347712039948e-02	3.473584326084181405e-03
1.105076113603097321e+00	1.318378560245037079e-02	3.338457272360673047e-03
1.123149578778322777e+00	1.202932000160217285e-02	3.159621195064501054e-03
1.141223043953548233e+00	1.118521764874458313e-02	3.018435715089982322e-03
1.159296509128773689e+00	1.032612379640340805e-02	2.873128662389781013e-03
1.177369974303998923e+00	9.931524284183979034e-03	2.793640363349164137e-03
1.195443439479224379e+00	9.124620817601680756e-03	2.654098534171404292e-03
1.213516904654449835e+00	8.861641399562358856e-03	2.593426159128530036e-03
1.231590369829675291e+00	8.441359736025333405e-03	2.510050316504518556e-03
1.249663835004900747e+00	7.817470468580722809e-03	2.395692955274139353e-03
1.267737300180125981e+00	7.645975332707166672e-03	2.352070691198961724e-03
1.285810765355351437e+00	7.299519609659910202e-03	2.282923302682181473e-03
1.303884230530576893e+00	6.822074763476848602e-03	2.234527625297372949e-03
1.321957695705802349e+00	6.598656531423330307e-03	2.212183655068704954e-03
1.340031160881027805e+00	6.203110329806804657e-03	2.142053776881218310e-03
1.358104626056253261e+00	6.154167465865612030e-03	2.132049249455483624e-03
1.376178091231478717e+00	5.968397017568349838e-03	2.098503057396263350e-03
1.394251556406703951e+00	5.479251965880393982e-03	2.008095705134362464e-03
1.412325021581929407e+00	5.385177209973335266e-03	1.988061272620843603e-03
1.430398486757154863e+00	5.303108599036931992e-03	1.969815779195660879e-03
1.448471951932380319e+00	5.236113909631967545e-03	1.954028164402963480e-03
1.466545417107605775e+00	5.005839746445417404e-03	1.871620633350754709e-03
1.484618882282831231e+00	4.598730709403753281e-03	1.758913874179971869e-03
1.502692347458056465e+00	4.340633284300565720e-03	1.693044497052357492e-03
1.520765812633281922e+00	4.775006324052810669e-03	1.764665885808073490e-03
1.538839277808507378e+00	4.558325745165348053e-03	1.714226910089942544e-03
1.556912742983732834e+00	4.400434903800487518e-03	1.675190272828812072e-03
1.574986208158958290e+00	4.234711639583110809e-03	1.635352359983913845e-03
1.593059673334183746e+00	4.207350313663482666e-03	1.622104062757315484e-03
1.611133138509409202e+00	4.177496302872896194e-03	1.608579423951692284e-03
1.629206603684634436e+00	4.392428323626518250e-03	1.642208735528376089e-03
1.647280068859859892e+00	4.040603525936603546e-03	1.567915624242071466e-03
1.665353534035085348e+00	4.017245955765247345e-03	1.556469324677617252e-03
1.683426999210310804e+00	4.067564383149147034e-03	1.559319084287309103e-03
1.701500464385536260e+00	3.928786609321832657e-03	1.526089416932057026e-03
1.719573929560761716e+00	3.963511902838945389e-03	1.526243948278067442e-03
1.737647394735986950e+00	3.886826569214463234e-03	1.502920396352898456e-03
1.755720859911212406e+00	3.856178373098373413e-03	1.486798444218228070e-03
1.773794325086437862e+00	3.711040131747722626e-03	1.444967538748813916e-03
1.791867790261663318e+00	3.704947186633944511e-03	1.428816218519861781e-03
1.809941255436888774e+00	3.563673468306660652e-03	1.387308447344627127e-03
1.828014720612114230e+00	3.676507622003555298e-03	1.396964364040420743e-03
1.846088185787339464e+00	3.687953343614935875e-03	1.387245339930326784e-03
1.864161650962564920e+00	3.740517655387520790e-03	1.385912962963396517e-03
1.882235116137790376e+00	3.596833441406488419e-03	1.346893243174560398e-03
1.900308581313015832e+00	3.714664839208126068e-03	1.357402800541427810e-03
1.918382046488241288e+00	3.573730587959289551e-03	1.320668561775140181e-03
1.936455511663466744e+00	3.530875081196427345e-03	1.303081914617272531e-03
1.954528976838692200e+00	3.483697306364774704e-03	1.286490816817853532e-03
1.972602442013917434e+00	3.454808378592133522e-03	1.274326630619304276e-03
1.990675907189142890e+00	3.468740265816450119e-03	1.270316567783406295e-03
2.008749372364368568e+00	3.376229666173458099e-03	1.247063722152221997e-03
2.026822837539593802e+00	3.409415017813444138e-03	1.246525610167749940e-03
2.044896302714819480e+00	3.310912521556019783e-03	1.222028165806308573e-03
2.062969767890044714e+00	3.241960424929857254e-03	1.203169411563278493e-03
2.081043233065269948e+00	3.239616053178906441e-03	1.197039943781245865e-03
2.099116698240495626e+00	3.280318574979901314e-03	1.198680949544089118e-03
2.117190163415720860e+00	3.140415530651807785e-03	1.166927407100561706e-03
2.135263628590946539e+00	3.219543024897575378e-03	1.175973249491265183e-03
2.153337093766171773e+00	3.191845491528511047e-03	1.165470269961072858e-03
2.171410558941397451e+00	3.166632726788520813e-03	1.155414375786951260e-03
2.189484024116622685e+00	3.259567776694893837e-03	1.167125702577147912e-03
2.207557489291848363e+00	3.128770040348172188e-03	1.138062529199736781e-03
2.225630954467073597e+00	3.046250203624367714e-03	1.118005784635420913e-03
2.243704419642299275e+00	3.075121436268091202e-03	1.118179988737643370e-03
2.261777884817524509e+00	3.170640906319022179e-03	1.130752298897010066e-03
2.279851349992749743e+00	3.157640341669321060e-03	1.123334053396318755e-03
2.297924815167975421e+00	3.233448136597871780e-03	1.132032016966441970e-03
2.315998280343200655e+00	2.945475978776812553e-03	1.075361134815513075e-03
2.334071745518426333e+00	2.960612298920750618e-03	1.073691257840580148e-03
2.352145210693651567e+00	2.912747673690319061e-03	1.060505504308424229e-03
2.370218675868876801e+00	3.016650676727294922e-03	1.074924718824723157e-03
2.388292141044102479e+00	2.908945782110095024e-03	1.050982716976738398e-03
2.406365606219327713e+00	2.728487364947795868e-03	1.013260157656571377e-03
2.424439071394553391e+00	2.775939181447029114e-03	1.018090774623222478e-03
2.442512536569778625e+00	2.872495213523507118e-03	1.031503588586510064e-03
2.460586001745004303e+00	2.797777764499187469e-03	1.013932811041393925e-03
2.478659466920229537e+00	2.830690238624811172e-03	1.015799852020772467e-03
2.496732932095454771e+00	2.848114585503935814e-03	1.015016966779346561e-03
2.514806397270680449e+00	2.832651603966951370e-03	1.008307249889111743e-03
2.532879862445905683e+00	2.910327399149537086e-03	1.018107310675455930e-03
2.550953327621131361e+00	2.782959025353193283e-03	9.916248799957260059e-04
2.569026792796356595e+00	2.673465525731444359e-03	9.681081013055407468e-04
2.587100257971582273e+00	2.757561858743429184e-03	9.783726937311364776e-04
2.605173723146807507e+00	2.692043315619230270e-03	9.621286131348299369e-04
2.623247188322032741e+00	2.923210849985480309e-03	9.990782895555640197e-04
2.641320653497258419e+00	2.816020743921399117e-03	9.768237010244614979e-04
2.659394118672483653e+00	2.799412701278924942e-03	9.703666113385861578e-04
2.677467583847709331e+00	2.716331044211983681e-03	9.595625483116322759e-04
2.695541049022934565e+00	2.712127054110169411e-03	9.673901841171786897e-04
2.713614514198159799e+00	2.665248000994324684e-03	9.621669394162562410e-04
2.731687979373385478e+00	2.698325086385011673e-03	9.705287789690701444e-04
2.749761444548610712e+00	2.678354736417531967e-03	9.686148864243706658e-04
2.767834909723836390e+00	2.813739236444234848e-03	9.942722874051500639e-04
2.785908374899061624e+00	2.758830087259411812e-03	9.850408164597506799e-04
2.803981840074287302e+00	2.675871364772319794e-03	9.705998315369753935e-04
2.822055305249512536e+00	2.662742044776678085e-03	9.683426887507577815e-04
2.840128770424737770e+00	2.576288999989628792e-03	9.465496195326564928e-04
2.858202235599963448e+00	2.746362937614321709e-03	9.636300589228265125e-04
2.876275700775188682e+00	2.703555393964052200e-03	9.486807750354121814e-04
2.894349165950414360e+00	2.647567540407180786e-03	9.322257363367126995e-04
2.912422631125639594e+00	2.630490576848387718e-03	9.237254299216858403e-04
2.930496096300865272e+00	2.702212193980813026e-03	9.313444458656884107e-04
2.948569561476090506e+00	2.578718122094869614e-03	9.050740566545228310e-04
2.966643026651315740e+00	2.510780468583106995e-03	8.886329309144845893e-04
2.984716491826541418e+00	2.674204763025045395e-03	9.132339567586957637e-04
3.002789957001766652e+00	2.514023100957274437e-03	8.813266166509483874e-04
3.020863422176992330e+00	2.549674361944198608e-03	8.839192131592939726e-04
3.038936887352217564e+00	2.590601099655032158e-03	8.875201545783433302e-04
3.057010352527443242e+00	2.625876804813742638e-03	8.899848463096305794e-04
3.075083817702668476e+00	2.566606504842638969e-03	8.764119352301700085e-04
3.093157282877893710e+00	2.511277096346020699e-03	8.632890824390319949e-04
3.111230748053119388e+00	2.621426014229655266e-03	8.788597774799613346e-04
3.129304213228344622e+00	2.483182819560170174e-03	8.520851611389842475e-04
3.147377678403570300e+00	2.463051350787281990e-03	8.455133584163334985e-04
3.165451143578795534e+00	2.722761593759059906e-03	8.861040124188878297e-04
3.183524608754020768e+00	2.426899503916501999e-03	8.332985096227376763e-04
3.201598073929246446e+00	2.524571027606725693e-03	8.469822074925452025e-04
3.219671539104471680e+00	2.587559865787625313e-03	8.546287385203383798e-04
3.237745004279697358e+00	2.572317142039537430e-03	8.491960278155587542e-04
3.255818469454922592e+00	2.366332802921533585e-03	8.115098255976478355e-04
3.273891934630148270e+00	2.510233316570520401e-03	8.331255017687772338e-04
3.291965399805373504e+00	2.532071201130747795e-03	8.341433698853332719e-04
3.310038864980598738e+00	2.475362736731767654e-03	8.218630730749051103e-04
3.328112330155824417e+00	2.646372886374592781e-03	8.473893982579620236e-04
3.346185795331049651e+00	2.412716392427682877e-03	8.061992933976828415e-04
3.364259260506275329e+00	2.340969396755099297e-03	8.011758350510931595e-04
3.382332725681500563e+00	2.425107173621654510e-03	8.196848972047600249e-04
3.400406190856726241e+00	2.392416587099432945e-03	8.167827632482607637e-04
3.418479656031951475e+00	2.392759779468178749e-03	8.186709478531242973e-04
3.436553121207176709e+00	2.510943450033664703e-03	8.401981702944126941e-04
3.454626586382402387e+00	2.433873480185866356e-03	8.280130433849964980e-04
3.472700051557627621e+00	2.406617160886526108e-03	8.238862701799681528e-04
3.490773516732853299e+00	2.410934772342443466e-03	8.249856291421237909e-04
3.508846981908078533e+00	2.405691193416714668e-03	8.243257175888084624e-04
3.526920447083303767e+00	2.538378350436687469e-03	8.380580769814089098e-04
3.544993912258529445e+00	2.418576972559094429e-03	8.099525153949256985e-04
3.563067377433754679e+00	2.408095169812440872e-03	8.025379151887283803e-04
3.581140842608980357e+00	2.478317590430378914e-03	8.096314238129837318e-04
3.599214307784205591e+00	2.541916677728295326e-03	8.159765694239213673e-04
3.617287772959431269e+00	2.420759294182062149e-03	7.925199038113498644e-04
3.635361238134656503e+00	2.274145139381289482e-03	7.646923876010671035e-04
3.653434703309881737e+00	2.277257852256298065e-03	7.621526902503261789e-04
3.671508168485107415e+00	2.367634093388915062e-03	7.743165805364946811e-04
3.689581633660332649e+00	2.438833704218268394e-03	7.830584672091724964e-04
3.707655098835558327e+00	2.454783301800489426e-03	7.827821099902353315e-04
3.725728564010783561e+00	2.365153981372714043e-03	7.656628763891440512e-04
3.743802029186009239e+00	2.319983206689357758e-03	7.556972484212117142e-04
3.761875494361234473e+00	2.337584970518946648e-03	7.560532746232865881e-04
3.779948959536459707e+00	2.284108893945813179e-03	7.449484957178731598e-04
3.798022424711685385e+00	2.322122687473893166e-03	7.486783363491685862e-04
3.816095889886910619e+00	2.313144039362668991e-03	7.449553294905695384e-04
3.834169355062136297e+00	2.187223173677921295e-03	7.220142171100159354e-04
3.852242820237361531e+00	2.397162606939673424e-03	7.537656128452525093e-04
3.870316285412586765e+00	2.363286912441253662e-03	7.462345922923780371e-04
3.888389750587812443e+00	2.410432090982794762e-03	7.514695179441375009e-04
3.906463215763037677e+00	2.419501543045043945e-03	7.506112837130392680e-04
3.924536680938263356e+00	2.415955299511551857e-03	7.480538939995884850e-04
3.942610146113488589e+00	2.409859094768762589e-03	7.448598417031312979e-04
3.960683611288714268e+00	2.367847831919789314e-03	7.361187412169306219e-04
3.978757076463939502e+00	2.393604954704642296e-03	7.381408163178919488e-04
3.996830541639164736e+00	2.363238018006086349e-03	7.313833698778628763e-04
4.014904006814390414e+00	2.266317605972290039e-03	7.141410192543586923e-04
4.032977471989615204e+00	2.226465381681919098e-03	7.058532225551550701e-04
4.051050937164840882e+00	2.289643744006752968e-03	7.140204516959154776e-04
4.069124402340066560e+00	2.294748090207576752e-03	7.130330314728927209e-04
4.087197867515292238e+00	2.304972382262349129e-03	7.128890843973128937e-04
4.105271332690517028e+00	2.375321462750434875e-03	7.218483778908556291e-04
4.123344797865742706e+00	2.302458742633461952e-03	7.088106264355375965e-04
4.141418263040968384e+00	2.341139828786253929e-03	7.129846750228145029e-04
4.159491728216193174e+00	2.198099624365568161e-03	6.889797585351027220e-04
4.177565193391418852e+00	2.481381408870220184e-03	7.304860077426328412e-04
4.195638658566644530e+00	2.357475226745009422e-03	7.101054043723395871e-04
4.213712123741869320e+00	2.252464648336172104e-03	6.922795655021623130e-04
4.231785588917094998e+00	2.236511092633008957e-03	6.881110793497448048e-04
4.249859054092320676e+00	2.367361914366483688e-03	7.063394772561186865e-04
4.267932519267545466e+00	2.186909085139632225e-03	6.770568395314955279e-04
4.286005984442771144e+00	2.221315633505582809e-03	6.808616851834463834e-04
4.304079449617996822e+00	2.155398949980735779e-03	6.688382276621107842e-04
4.322152914793222500e+00	2.278633182868361473e-03	6.861972961427690969e-04
4.340226379968447290e+00	2.153985900804400444e-03	6.653904442598591222e-04
4.358299845143672968e+00	2.193924272432923317e-03	6.699699830772353620e-04
4.376373310318898646e+00	2.213405910879373550e-03	6.713600792802923694e-04
4.394446775494123436e+00	2.303242683410644531e-03	6.833501958145753782e-04
4.412520240669349114e+00	2.251947764307260513e-03	6.740570406575116871e-04
4.430593705844574792e+00	2.268979093059897423e-03	6.750189400188673187e-04
4.448667171019799582e+00	2.265312476083636284e-03	6.796462720993317859e-04
4.466740636195025260e+00	2.253802027553319931e-03	6.823085791675305174e-04
4.484814101370250938e+00	2.340762177482247353e-03	6.973427813657892289e-04
4.502887566545476616e+00	2.243222668766975403e-03	6.826593604263432417e-04
4.520961031720701406e+00	2.253090729936957359e-03	6.849630961200587655e-04
4.539034496895927084e+00	2.191219013184309006e-03	6.762669103822675299e-04
4.557107962071152762e+00	2.316479105502367020e-03	6.961563271316924695e-04
4.575181427246377552e+00	2.184251789003610611e-03	6.763287625313657613e-04
4.593254892421603230e+00	2.238634508103132248e-03	6.850885344936937004e-04
4.611328357596828909e+00	2.324331318959593773e-03	6.984522716736679508e-04
4.629401822772054587e+00	2.129338448867201805e-03	6.680439646614562930e-04
4.647475287947279377e+00	2.159234834834933281e-03	6.719022537358431465e-04
4.665548753122505055e+00	2.144167432561516762e-03	6.686922851732369404e-04
4.683622218297730733e+00	2.263491274788975716e-03	6.869182449780657316e-04
4.701695683472955523e+00	2.236623084172606468e-03	6.826144497545894810e-04
4.719769148648181201e+00	2.179857343435287476e-03	6.741236293097334440e-04
4.737842613823406879e+00	2.193290041759610176e-03	6.839905678516807050e-04
4.755916078998632557e+00	2.137090312317013741e-03	6.802303890211157606e-04
4.773989544173857347e+00	2.127967309206724167e-03	6.826572590607272225e-04
4.792063009349083025e+00	2.145841019228100777e-03	6.887202408735603344e-04
4.810136474524308703e+00	2.217369852587580681e-03	7.029723497000072915e-04
4.828209939699533493e+00	2.214832929894328117e-03	7.050958061210187708e-04
4.846283404874759171e+00	2.129495376721024513e-03	6.935178577939900757e-04
4.864356870049984849e+00	2.194513101130723953e-03	7.064158251354478750e-04
4.882430335225210527e+00	2.318631624802947044e-03	7.337060240594988443e-04
4.900503800400435317e+00	2.276593819260597229e-03	7.338835434908492833e-04
4.918577265575660995e+00	2.179020782932639122e-03	7.236375531999996542e-04
4.936650730750886673e+00	2.236767672002315521e-03	7.410760733523664079e-04
4.954724195926111463e+00	2.181441523134708405e-03	7.412566275773028752e-04
4.972797661101337141e+00	2.100643469020724297e-03	7.345814454214186001e-04
4.990871126276562819e+00	2.324678003787994385e-03	7.782646984861976746e-04
5.008944591451788497e+00	2.204610966145992279e-03	7.617107001246642677e-04
5.027018056627013287e+00	2.068371279165148735e-03	7.413917389855335634e-04
5.045091521802238965e+00	2.157880691811442375e-03	7.607995663536160687e-04
5.063164986977464643e+00	2.185438293963670731e-03	7.688078296854741192e-04
5.081238452152689433e+00	2.367533044889569283e-03	8.034576290122001163e-04
5.099311917327915111e+00	2.302113920450210571e-03	8.075993378586823193e-04
5.117385382503140789e+00	2.183492993935942650e-03	8.004817093223342899e-04
5.135458847678366467e+00	2.203446347266435623e-03	8.119807516771363485e-04
5.153532312853591257e+00	2.141742734238505363e-03	8.059516921570285871e-04
5.171605778028816935e+00	2.164063276723027229e-03	8.158712708026142962e-04
5.189679243204042614e+00	2.025586320087313652e-03	7.938123676391043489e-04
5.207752708379267403e+00	2.077356912195682526e-03	8.083197156320004332e-04
5.225826173554493081e+00	2.009057439863681793e-03	7.988813367793191509e-04
5.243899638729718760e+00	2.126791980117559433e-03	8.260153490500850987e-04
5.261973103904943549e+00	2.058093901723623276e-03	8.148960426116728288e-04
5.280046569080169228e+00	2.016203245148062706e-03	8.081636778678081981e-04
5.298120034255394906e+00	2.049498725682497025e-03	8.170584097395145167e-04
5.316193499430620584e+00	2.104800892993807793e-03	8.313579663900499224e-04
5.334266964605845374e+00	2.235577208921313286e-03	8.602436486932875728e-04
5.352340429781071052e+00	2.153478562831878662e-03	8.473912126777896235e-04
5.370413894956296730e+00	2.124954247847199440e-03	8.448271766471100600e-04
5.388487360131521520e+00	2.247907454147934914e-03	8.720510308225094646e-04
5.406560825306747198e+00	2.235902706161141396e-03	8.846165052357376482e-04
5.424634290481972876e+00	2.157389884814620018e-03	8.882877062511464064e-04
5.442707755657198554e+00	2.077086828649044037e-03	8.854885553222532728e-04
5.460781220832423344e+00	2.147724619135260582e-03	9.129626480437630929e-04
5.478854686007649022e+00	2.187956823036074638e-03	9.331429459671162488e-04
5.496928151182874700e+00	2.354034688323736191e-03	9.796033503335311796e-04
5.515001616358099490e+00	2.122303238138556480e-03	9.403944604418989052e-04
5.533075081533325168e+00	2.344579203054308891e-03	9.994885740732175478e-04
5.551148546708550846e+00	2.332861069589853287e-03	1.007281421692456189e-03
5.569222011883776524e+00	2.084134845063090324e-03	9.603014981204751992e-04
5.587295477059001314e+00	2.108639804646372795e-03	9.741847234802987910e-04
5.605368942234226992e+00	2.019124338403344154e-03	9.610842306464031969e-04
5.623442407409452670e+00	2.034521428868174553e-03	9.725973186980222491e-04
5.641515872584677460e+00	2.128364052623510361e-03	1.002854732595663025e-03
5.659589337759903138e+00	2.101723104715347290e-03	1.005233453953819321e-03
5.677662802935128816e+00	2.218823414295911789e-03	1.042879548571367613e-03
5.695736268110354494e+00	2.216747729107737541e-03	1.052384561645386407e-03
5.713809733285579284e+00	2.280464861541986465e-03	1.077908051980907026e-03
5.731883198460804962e+00	1.946695847436785698e-03	1.004642297624918669e-03
5.749956663636030640e+00	1.908573089167475700e-03	1.002773733323151324e-03
5.768030128811255430e+00	2.126886509358882904e-03	1.066384235866352356e-03
5.786103593986481108e+00	2.134937560185790062e-03	1.075987057103802410e-03
5.804177059161706786e+00	2.133058151230216026e-03	1.083197668083552175e-03
5.822250524336932465e+00	2.120410790666937828e-03	1.088470344066260745e-03
5.840323989512157254e+00	2.055258257314562798e-03	1.081577293759006285e-03
5.858397454687382933e+00	2.149879699572920799e-03	1.116871869683303421e-03
5.876470919862608611e+00	1.896509667858481407e-03	1.058655667782214867e-03
5.894544385037833401e+00	1.873606699518859386e-03	1.062319014270499216e-03
5.912617850213059079e+00	1.850991160608828068e-03	1.066060085664000817e-03
5.930691315388284757e+00	2.104766899719834328e-03	1.148232216971125427e-03
5.948764780563510435e+00	2.093211980536580086e-03	1.156299096375199226e-03
5.966838245738735225e+00	2.389239147305488586e-03	1.247927038678688962e-03
5.984911710913960903e+00	2.160442760214209557e-03	1.198317618076937896e-03
6.002985176089186581e+00	2.328685019165277481e-03	1.256817433810096703e-03
6.021058641264411371e+00	2.307991497218608856e-03	1.264003504821586098e-03
6.039132106439637049e+00	2.248272765427827835e-03	1.260262936802606900e-03
6.057205571614862727e+00	2.108347136527299881e-03	1.233438938295967728e-03
6.075279036790087517e+00	2.286166884005069733e-03	1.297682763947797689e-03
6.093352501965313195e+00	2.095702104270458221e-03	1.252716792436649792e-03
6.111425967140538873e+00	1.855957088991999626e-03	1.187780975970310036e-03
6.129499432315764551e+00	2.320168307051062584e-03	1.339084712807347803e-03
6.147572897490989341e+00	2.194245578721165657e-03	1.312246887859007437e-03
6.165646362666215019e+00	2.259222557768225670e-03	1.342833893607827365e-03
6.183719827841440697e+00	2.389214932918548584e-03	1.394782130502559506e-03
6.201793293016665487e+00	1.968432683497667313e-03	1.279786735823971403e-03
6.219866758191891165e+00	2.344311680644750595e-03	1.413120402048654266e-03
6.237940223367116843e+00	2.000836655497550964e-03	1.320382818865927909e-03
6.256013688542342521e+00	2.019516890868544579e-03	1.342377982994746432e-03
6.274087153717567311e+00	2.342273015528917313e-03	1.463550024206049585e-03
6.292160618892792989e+00	2.029245486482977867e-03	1.379269196291270155e-03
6.310234084068018667e+00	1.799570512957870960e-03	1.314418250435682965e-03
6.328307549243243457e+00	2.066487679257988930e-03	1.426800200884811376e-03
6.346381014418469135e+00	1.989566953852772713e-03	1.418301497172760059e-03
6.364454479593694813e+00	2.014479832723736763e-03	1.446184075779033320e-03
6.382527944768920491e+00	2.344049746170639992e-03	1.581720545769775728e-03
6.400601409944145281e+00	2.196855843067169189e-03	1.552505983361714571e-03
6.418674875119370959e+00	2.210019621998071671e-03	1.579321784848145525e-03
6.436748340294596638e+00	2.108461223542690277e-03	1.565054019969727879e-03
6.454821805469821427e+00	2.121067605912685394e-03	1.593269248254769411e-03
6.472895270645047106e+00	2.224486786872148514e-03	1.656924649353146281e-03
6.490968735820272784e+00	2.012172248214483261e-03	1.601974777968468875e-03
6.509042200995498462e+00	1.940336194820702076e-03	1.597848905129120979e-03
6.527115666170723252e+00	1.857810653746128082e-03	1.588823376134383030e-03
6.545189131345948930e+00	1.804210129193961620e-03	1.592872301007697668e-03
6.563262596521174608e+00	1.950862002559006214e-03	1.688032068991210432e-03
6.581336061696399398e+00	1.791582093574106693e-03	1.645101059674530667e-03
6.599409526871625076e+00	1.861744327470660210e-03	1.708715490488963221e-03
6.617482992046850754e+00	1.890061073936522007e-03	1.755740697108063974e-03
6.635556457222076432e+00	1.968443859368562698e-03	1.828231819327612523e-03
6.653629922397301222e+00	1.914930413477122784e-03	1.841359135987496098e-03
6.671703387572526900e+00	1.948648714460432529e-03	1.898557061082219947e-03
6.689776852747752578e+00	2.502795308828353882e-03	2.201760306213212861e-03
6.707850317922977368e+00	2.759069902822375298e-03	2.367299699134552560e-03
6.725923783098203046e+00	3.022617660462856293e-03	2.540716019136758739e-03
6.743997248273428724e+00	2.815793734043836594e-03	2.516265773453052641e-03
6.762070713448653514e+00	2.655963879078626633e-03	2.511310480753265861e-03
6.780144178623879192e+00	2.840189961716532707e-03	2.673552236614229992e-03
6.798217643799104870e+00	3.046624129638075829e-03	2.855040771117593485e-03
6.816291108974330548e+00	3.333777887746691704e-03	3.101455235361419514e-03
6.834364574149555338e+00	2.823602408170700073e-03	2.990682882817835044e-03
6.852438039324781016e+00	2.850907156243920326e-03	3.159840691306043357e-03
6.870511504500006694e+00	1.647178083658218384e-03	2.569009087835481212e-03
6.888584969675231484e+00	2.035382902249693871e-03	3.000684922700154120e-03
6.906658434850457162e+00	2.518424997106194496e-03	3.459964804362147903e-03
6.924731900025682840e+00	1.692752121016383171e-03	2.920522610596585928e-03
6.942805365200908518e+00	2.075272845104336739e-03	3.301888471369017388e-03
6.960878830376133308e+00	1.587299862876534462e-03	2.949532425034211321e-03
6.978952295551358986e+00	1.914018997922539711e-03	3.312940996076902279e-03
6.997025760726584664e+00	1.899393973872065544e-03	3.378198771391487804e-03
7.015099225901809454e+00	2.662076381966471672e-03	4.098715411444816756e-03
7.033172691077035132e+00	1.789311412721872330e-03	3.445947977519502395e-03
7.051246156252260811e+00	2.553313039243221283e-03	4.236058192761590555e-03
7.069319621427486489e+00	2.161579905077815056e-03	4.013277265753085327e-03
7.087393086602711278e+00	1.717477338388562202e-03	3.676188426082797455e-03
7.105466551777936957e+00	1.840054756030440331e-03	3.927468382169250170e-03
7.123540016953162635e+00	1.642134855501353741e-03	3.839290521656242485e-03
7.141613482128387425e+00	1.560580451041460037e-03	3.879903980693425423e-03
7.159686947303613103e+00	1.987089170143008232e-03	4.551394002724959420e-03
7.177760412478838781e+00	1.826946157962083817e-03	4.554063019582763050e-03
7.195833877654064459e+00	1.610563835129141808e-03	4.477230817662301160e-03
7.213907342829289249e+00	1.706153969280421734e-03	4.844997646409966545e-03
7.231980808004514927e+00	1.410289201885461807e-03	4.659147714011289965e-03
7.250054273179740605e+00	2.000260865315794945e-03	5.911710021199795100e-03
7.268127738354965395e+00	1.899681286886334419e-03	6.186433121734472192e-03
7.286201203530191073e+00	2.166728489100933075e-03	7.187009266302619125e-03
7.304274668705416751e+00	1.572239096276462078e-03	6.779005999585497114e-03
7.322348133880642429e+00	1.759666483849287033e-03	8.124462656054222062e-03
7.340421599055867219e+00	2.605527115520089865e-04	3.702782945505263875e-03
7.358495064231092897e+00	3.974973224103450775e-03	1.867023447187756216e-02
7.376568529406317687e+00	3.181433770805597305e-03	2.855243541129055471e-02
