# Normalized	10000.0 eV	193
# q	I	Poisson error
# nm-1	cm-1	cm-1
1.841697267451812003e-01	2.976142644882202148e+00	4.293319065286277381e-01
2.043117271404169821e-01	2.890952825546264648e+00	2.330451453001577411e-01
2.244537275356527362e-01	2.788650751113891602e+00	1.776428035121652704e-01
2.445957279308885179e-01	2.672124862670898438e+00	1.479204265902855364e-01
2.647377283261242997e-01	2.557049989700317383e+00	1.257838665345454021e-01
2.848797287213600815e-01	2.420650959014892578e+00	1.080962987175717177e-01
3.050217291165958633e-01	2.303762197494506836e+00	9.497960390125363694e-02
3.251637295118315896e-01	2.171680450439453125e+00	9.192479672355083342e-02
3.453057299070674269e-01	2.044433593750000000e+00	8.797176484601973434e-02
3.654477303023031531e-01	1.905888438224792480e+00	8.374533046249447998e-02
3.855897306975389904e-01	1.771768212318420410e+00	8.003117001847409595e-02
4.057317310927747167e-01	1.645407080650329590e+00	7.473808999237663286e-02
4.258737314880104985e-01	1.530607938766479492e+00	6.795516307887779217e-02
4.460157318832462803e-01	1.417637586593627930e+00	6.287856947123583728e-02
4.661577322784820065e-01	1.310652732849121094e+00	5.849156992406995270e-02
4.862997326737178438e-01	1.205419659614562988e+00	5.426703817882062852e-02
5.064417330689535701e-01	1.107103109359741211e+00	5.049604864173557611e-02
5.265837334641894074e-01	1.013859629631042480e+00	4.715712321737386414e-02
5.467257338594251337e-01	9.245694875717163086e-01	4.398511812221752443e-02
5.668677342546609710e-01	8.427535891532897949e-01	4.108229587199226096e-02
5.870097346498966973e-01	7.665019035339355469e-01	3.837066721658904944e-02
6.071517350451324235e-01	6.944496631622314453e-01	3.568154756739994049e-02
6.272937354403682608e-01	6.267871260643005371e-01	3.314341680912023108e-02
6.474357358356039871e-01	5.657980442047119141e-01	3.089923935588861220e-02
6.675777362308398244e-01	5.106333494186401367e-01	2.882039164017765817e-02
6.877197366260755507e-01	4.592198133468627930e-01	2.752331235471471710e-02
7.078617370213112769e-01	4.132171869277954102e-01	2.627438895665233642e-02
7.280037374165471142e-01	3.704455792903900146e-01	2.483061583613945661e-02
7.481457378117828405e-01	3.330820202827453613e-01	2.343171134190501215e-02
7.682877382070186778e-01	2.980878353118896484e-01	2.194897455445891238e-02
7.884297386022544041e-01	2.676451802253723145e-01	2.055804622914230231e-02
8.085717389974902414e-01	2.390769720077514648e-01	1.927820686807444825e-02
8.287137393927259676e-01	2.145844995975494385e-01	1.813396744519107928e-02
8.488557397879616939e-01	1.928476244211196899e-01	1.706943309392843292e-02
8.689977401831975312e-01	1.722394078969955444e-01	1.571122054673640758e-02
8.891397405784332575e-01	1.545462310314178467e-01	1.438166711086620066e-02
9.092817409736690948e-01	1.397549808025360107e-01	1.337896011039890060e-02
9.294237413689048211e-01	1.263294070959091187e-01	1.250182309613658178e-02
9.495657417641406584e-01	1.144289150834083557e-01	1.175214229465863791e-02
9.697077421593763846e-01	1.046477705240249634e-01	1.107951481300231689e-02
9.898497425546122219e-01	9.577178955078125000e-02	1.044458271523159357e-02
1.009991742949847948e+00	8.878806233406066895e-02	9.917497485135469068e-03
1.030133743345083674e+00	8.261267840862274170e-02	9.441550316522983113e-03
1.050275743740319623e+00	7.741910964250564575e-02	9.025218366125520308e-03
1.070417744135555349e+00	7.293856143951416016e-02	8.653021223589258543e-03
1.090559744530791075e+00	6.933929771184921265e-02	8.339150038020300484e-03
1.110701744926026802e+00	6.648480892181396484e-02	8.072496953772403255e-03
1.130843745321262750e+00	6.432965397834777832e-02	7.855363620202730074e-03
1.150985745716498476e+00	6.228402629494667053e-02	7.649341458426913223e-03
1.171127746111734202e+00	6.050191447138786316e-02	7.461507587331416176e-03
1.191269746506969929e+00	5.938980355858802795e-02	7.319985303980250033e-03
1.211411746902205655e+00	5.845466628670692444e-02	7.191510300393594464e-03
1.231553747297441381e+00	5.780811235308647156e-02	7.081817364014024452e-03
1.251695747692677330e+00	5.697269365191459656e-02	6.968578139339477902e-03
1.271837748087913056e+00	5.649291723966598511e-02	6.877214497209215190e-03
1.291979748483148782e+00	5.643374100327491760e-02	6.812704756190231248e-03
1.312121748878384508e+00	5.611495301127433777e-02	6.736973279966889348e-03
1.332263749273620235e+00	5.577329918742179871e-02	6.659935393324566133e-03
1.352405749668856183e+00	5.571512877941131592e-02	6.601671595060322126e-03
1.372547750064091909e+00	5.518222227692604065e-02	6.516593234091965642e-03
1.392689750459327636e+00	5.508093535900115967e-02	6.459894602062537725e-03
1.412831750854563362e+00	5.489583313465118408e-02	6.403265621183074595e-03
1.432973751249799310e+00	5.503688380122184753e-02	6.371009788909642868e-03
1.453115751645035036e+00	5.468423292040824890e-02	6.429679157127109711e-03
1.473257752040270763e+00	5.448523908853530884e-02	6.460302729979980341e-03
1.493399752435506489e+00	5.405619740486145020e-02	6.427392127991941352e-03
1.513541752830742215e+00	5.390202999114990234e-02	6.413637810743513801e-03
1.533683753225978164e+00	5.362385883927345276e-02	6.394015621590689799e-03
1.553825753621213890e+00	5.338361114263534546e-02	6.373171846356396816e-03
1.573967754016449616e+00	5.297686904668807983e-02	6.340118496209954692e-03
1.594109754411685342e+00	5.252130702137947083e-02	6.302928499876238669e-03
1.614251754806921291e+00	5.272487923502922058e-02	6.305190530399102690e-03
1.634393755202157017e+00	5.200841650366783142e-02	6.136564301516723649e-03
1.654535755597392743e+00	5.200208351016044617e-02	6.020210946619674805e-03
1.674677755992628470e+00	5.183982104063034058e-02	5.957092666337888281e-03
1.694819756387864196e+00	5.120529234409332275e-02	5.881562012661725736e-03
1.714961756783100144e+00	5.099292472004890442e-02	5.836725748922124042e-03
1.735103757178335870e+00	5.083816125988960266e-02	5.797427522921704164e-03
1.755245757573571597e+00	5.062489211559295654e-02	5.758043491034783162e-03
1.775387757968807323e+00	5.024979636073112488e-02	5.708775051579440506e-03
1.795529758364043271e+00	5.011830478906631470e-02	5.674371965624170136e-03
1.815671758759278998e+00	4.970327392220497131e-02	5.625005860700836753e-03
1.835813759154514724e+00	4.937663301825523376e-02	5.582548971799708090e-03
1.855955759549750450e+00	4.947292059659957886e-02	5.563986424243826633e-03
1.876097759944986176e+00	4.931405931711196899e-02	5.530690134285686302e-03
1.896239760340222125e+00	4.904748871922492981e-02	5.493356328023223621e-03
1.916381760735457851e+00	4.887012019753456116e-02	5.459926445003822348e-03
1.936523761130693577e+00	4.888555034995079041e-02	5.431052102141229951e-03
1.956665761525929303e+00	4.852613434195518494e-02	5.374560052729402890e-03
1.976807761921165030e+00	4.847697913646697998e-02	5.323329314378726085e-03
1.996949762316400978e+00	4.857708513736724854e-02	5.274801871474155829e-03
2.017091762711636704e+00	4.837660491466522217e-02	5.212686362151284017e-03
2.037233763106872431e+00	4.809733852744102478e-02	5.152823415778693544e-03
2.057375763502108157e+00	4.827325791120529175e-02	5.119405577010745223e-03
2.077517763897344327e+00	4.807265102863311768e-02	5.068148586339826268e-03
2.097659764292580054e+00	4.777590185403823853e-02	5.008475335369052921e-03
2.117801764687815780e+00	4.797948896884918213e-02	4.978001908605385502e-03
2.137943765083051506e+00	4.774471744894981384e-02	4.926885164819067020e-03
2.158085765478287232e+00	4.786544293165206909e-02	4.897964431128911528e-03
2.178227765873522959e+00	4.758952185511589050e-02	4.854626993807055653e-03
2.198369766268758685e+00	4.766734689474105835e-02	4.833506806515541418e-03
2.218511766663994411e+00	4.753998667001724243e-02	4.802459546692461508e-03
2.238653767059230137e+00	4.734639823436737061e-02	4.769617526236244118e-03
2.258795767454465864e+00	4.767733439803123474e-02	4.761687184343246088e-03
2.278937767849701590e+00	4.745343700051307678e-02	4.726575104670424458e-03
2.299079768244937316e+00	4.728731885552406311e-02	4.695221699025443722e-03
2.319221768640173487e+00	4.727566614747047424e-02	4.672885809483687432e-03
2.339363769035409213e+00	4.733128473162651062e-02	4.653274998420943789e-03
2.359505769430644939e+00	4.713062942028045654e-02	4.620884515342333493e-03
2.379647769825880665e+00	4.719011858105659485e-02	4.602201439111122672e-03
2.399789770221116392e+00	4.703145846724510193e-02	4.573511837438571336e-03
2.419931770616352118e+00	4.710521176457405090e-02	4.556327180210119170e-03
2.440073771011587844e+00	4.687581583857536316e-02	4.525033633432969625e-03
2.460215771406823571e+00	4.718979820609092712e-02	4.520235166743834937e-03
2.480357771802059297e+00	4.708861187100410461e-02	4.496192711731376510e-03
2.500499772197295467e+00	4.704876616597175598e-02	4.474100134719815117e-03
2.520641772592531193e+00	4.687363654375076294e-02	4.447137089495005469e-03
2.540783772987766920e+00	4.675163328647613525e-02	4.421625008908740273e-03
2.560925773383002646e+00	4.680282250046730042e-02	4.405843848077192239e-03
2.581067773778238372e+00	4.675259068608283997e-02	4.384552841394606659e-03
2.601209774173474099e+00	4.668377712368965149e-02	4.363565185036037512e-03
2.621351774568709825e+00	4.677129909396171570e-02	4.350096382819404993e-03
2.641493774963945551e+00	4.678993299603462219e-02	4.333420162322439498e-03
2.661635775359181277e+00	4.676430299878120422e-02	4.314374165676179533e-03
2.681777775754417448e+00	4.670729115605354309e-02	4.293550197615231614e-03
2.701919776149653174e+00	4.678579047322273254e-02	4.280834290009917845e-03
2.722061776544888900e+00	4.666049778461456299e-02	4.257740296401199033e-03
2.742203776940124627e+00	4.639139771461486816e-02	4.228888436898106326e-03
2.762345777335360353e+00	4.650596156716346741e-02	4.217564042845355771e-03
2.782487777730596079e+00	4.684681445360183716e-02	4.217540766677908316e-03
2.802629778125831805e+00	4.657679051160812378e-02	4.189055674862460742e-03
2.822771778521067532e+00	4.663856700062751770e-02	4.175785881412783472e-03
2.842913778916303258e+00	4.671690240502357483e-02	4.163844225430281959e-03
2.863055779311539428e+00	4.668742790818214417e-02	4.147120760738798144e-03
2.883197779706775155e+00	4.650530219078063965e-02	4.118443744572623452e-03
2.903339780102010881e+00	4.636695608496665955e-02	4.093572183212408101e-03
2.923481780497246607e+00	4.640734568238258362e-02	4.080249152105036234e-03
2.943623780892482333e+00	4.657064378261566162e-02	4.072877699884488827e-03
2.963765781287718060e+00	4.656277596950531006e-02	4.058032257630679422e-03
2.983907781682953786e+00	4.654465243220329285e-02	4.072981477363728231e-03
3.004049782078189512e+00	4.631813243031501770e-02	4.098183201635431476e-03
3.024191782473425238e+00	4.649138078093528748e-02	4.119580697172046946e-03
3.044333782868661409e+00	4.647722095251083374e-02	4.128763412657892803e-03
3.064475783263897135e+00	4.644922912120819092e-02	4.134597533723975010e-03
3.084617783659132861e+00	4.639314860105514526e-02	4.137331144883031088e-03
3.104759784054368588e+00	4.645086824893951416e-02	4.142388276160029192e-03
3.124901784449604314e+00	4.637066647410392761e-02	4.141136328515728632e-03
3.145043784844840040e+00	4.655710607767105103e-02	4.150312856168696454e-03
3.165185785240075766e+00	4.639141261577606201e-02	4.117925151282468034e-03
3.185327785635311493e+00	4.648018255829811096e-02	4.064886914057644872e-03
3.205469786030547219e+00	4.633896425366401672e-02	4.028053761946739399e-03
3.225611786425783389e+00	4.638597369194030762e-02	4.002910577323981305e-03
3.245753786821019116e+00	4.642172530293464661e-02	3.981534193370875850e-03
3.265895787216254842e+00	4.651042446494102478e-02	3.964798875620767146e-03
3.286037787611490568e+00	4.633720964193344116e-02	3.937723099150264132e-03
3.306179788006726294e+00	4.642231762409210205e-02	3.922735656315903645e-03
3.326321788401962021e+00	4.643994942307472229e-02	3.906537241635052969e-03
3.346463788797197747e+00	4.633560031652450562e-02	3.885099529974087116e-03
3.366605789192433473e+00	4.643882438540458679e-02	3.873866802772777188e-03
3.386747789587669200e+00	4.650485515594482422e-02	3.861810971587336869e-03
3.406889789982905370e+00	4.653168097138404846e-02	3.847802912382390552e-03
3.427031790378141096e+00	4.659399390220642090e-02	3.835986851954902889e-03
3.447173790773376822e+00	4.650299623608589172e-02	3.816812266956856083e-03
3.467315791168612549e+00	4.642777517437934875e-02	3.799737299879982037e-03
3.487457791563848275e+00	4.651411995291709900e-02	3.789903510052063367e-03
3.507599791959084001e+00	4.656399413943290710e-02	3.778589340886658911e-03
3.527741792354319728e+00	4.652399942278862000e-02	3.763668042115511560e-03
3.547883792749555454e+00	4.651764780282974243e-02	3.750631288845183379e-03
3.568025793144791180e+00	4.655876010656356812e-02	3.739275521854048927e-03
3.588167793540026906e+00	4.653056710958480835e-02	3.725664991365164064e-03
3.608309793935263077e+00	4.662187397480010986e-02	3.717126894229445117e-03
3.628451794330498803e+00	4.671915993094444275e-02	3.709039780501072973e-03
3.648593794725734529e+00	4.675206914544105530e-02	3.697970947481819207e-03
3.668735795120970256e+00	4.677105695009231567e-02	3.687463353831083555e-03
3.688877795516205982e+00	4.667095839977264404e-02	3.671149618425227548e-03
3.709019795911441708e+00	4.669695720076560974e-02	3.661258398228549229e-03
3.729161796306677434e+00	4.678117856383323669e-02	3.653091415229041492e-03
3.749303796701913161e+00	4.688015952706336975e-02	3.689059909829105460e-03
3.769445797097148887e+00	4.675561189651489258e-02	3.702126953534875219e-03
3.789587797492385057e+00	4.685863852500915527e-02	3.718215265848492067e-03
3.809729797887620784e+00	4.685483127832412720e-02	3.726156953221023815e-03
3.829871798282856510e+00	4.697581753134727478e-02	3.737195162686795039e-03
3.850013798678092236e+00	4.678913578391075134e-02	3.733478608428358186e-03
3.870155799073327962e+00	4.695957899093627930e-02	3.742967009887199822e-03
3.890297799468563689e+00	4.698162898421287537e-02	3.745443460544204978e-03
3.910439799863799415e+00	4.708846285939216614e-02	3.750931558172573149e-03
3.930581800259035141e+00	4.698789492249488831e-02	3.708643649009772756e-03
3.950723800654270867e+00	4.701234772801399231e-02	3.674631005663539333e-03
3.970865801049507038e+00	4.703950881958007812e-02	3.650781558134523052e-03
3.991007801444742764e+00	4.721538722515106201e-02	3.637714467049216801e-03
4.011149801839978934e+00	4.714135453104972839e-02	3.617281485963453908e-03
4.031291802235214661e+00	4.726957902312278748e-02	3.606364524389419832e-03
4.051433802630450387e+00	4.722562804818153381e-02	3.589717151713978267e-03
4.071575803025686113e+00	4.743751510977745056e-02	3.584060758211305396e-03
4.091717803420921840e+00	4.743772745132446289e-02	3.570967340315179660e-03
4.111859803816157566e+00	4.753961041569709778e-02	3.562115174247854673e-03
4.132001804211393292e+00	4.745408147573471069e-02	3.546249641023136497e-03
4.152143804606629018e+00	4.754912853240966797e-02	3.538343071042820715e-03
4.172285805001864745e+00	4.757889360189437866e-02	3.527884649253128918e-03
4.192427805397100471e+00	4.762909561395645142e-02	3.518408962605189347e-03
4.212569805792336197e+00	4.769439622759819031e-02	3.510217266682528429e-03
4.232711806187571923e+00	4.783329740166664124e-02	3.504208716093818766e-03
4.252853806582807650e+00	4.788406938314437866e-02	3.495842668053200739e-03
4.272995806978043376e+00	4.782904684543609619e-02	3.483355060509456431e-03
4.293137807373279102e+00	4.779590293765068054e-02	3.471493920390213671e-03
4.313279807768514829e+00	4.787510633468627930e-02	3.464829209167926468e-03
4.333421808163750555e+00	4.788139835000038147e-02	3.455122807871470816e-03
4.353563808558986281e+00	4.803862422704696655e-02	3.450843727964262968e-03
4.373705808954222007e+00	4.806664586067199707e-02	3.442951783767298542e-03
4.393847809349457734e+00	4.824726283550262451e-02	3.439636276168264294e-03
4.413989809744693460e+00	4.822928458452224731e-02	3.429185421690075612e-03
4.434131810139930074e+00	4.827514290809631348e-02	3.421884714464306330e-03
4.454273810535165801e+00	4.836178943514823914e-02	3.415924536560063611e-03
4.474415810930401527e+00	4.848165437579154968e-02	3.411220736875569641e-03
4.494557811325637253e+00	4.849890992045402527e-02	3.402838668286496497e-03
4.514699811720872979e+00	4.851400479674339294e-02	3.394843769395881894e-03
4.534841812116108706e+00	4.866153001785278320e-02	3.391963380862865560e-03
4.554983812511344432e+00	4.863768443465232849e-02	3.383092243884501440e-03
4.575125812906580158e+00	4.869299009442329407e-02	3.376367850504839643e-03
4.595267813301815885e+00	4.874882474541664124e-02	3.370145881427140649e-03
4.615409813697051611e+00	4.889595508575439453e-02	3.367186172005252800e-03
4.635551814092287337e+00	4.879464581608772278e-02	3.355530291288063346e-03
4.655693814487523063e+00	4.893438145518302917e-02	3.352040996998691645e-03
4.675835814882758790e+00	4.908670485019683838e-02	3.349449896145829421e-03
4.695977815277994516e+00	4.925053939223289490e-02	3.347313592255691302e-03
4.716119815673230242e+00	4.917745664715766907e-02	3.336791189239298253e-03
4.736261816068465968e+00	4.917934164404869080e-02	3.328740663486662050e-03
4.756403816463701695e+00	4.931907728314399719e-02	3.326026264574796255e-03
4.776545816858937421e+00	4.957900941371917725e-02	3.327850061523574248e-03
4.796687817254174035e+00	4.958937317132949829e-02	3.319753832369906014e-03
4.816829817649409762e+00	4.966720938682556152e-02	3.314753240497003966e-03
4.836971818044645488e+00	4.965613409876823425e-02	3.306588121270870578e-03
4.857113818439881214e+00	4.973750934004783630e-02	3.301737271508017359e-03
4.877255818835116941e+00	4.985766485333442688e-02	3.298285359451521691e-03
4.897397819230352667e+00	4.995325207710266113e-02	3.294069134214317775e-03
4.917539819625588393e+00	5.002573132514953613e-02	3.289122344734709755e-03
4.937681820020824119e+00	5.007120221853256226e-02	3.283149260342749926e-03
4.957823820416059846e+00	5.022743344306945801e-02	3.312863454562874413e-03
4.977965820811295572e+00	5.038795247673988342e-02	3.339206708792357217e-03
4.998107821206531298e+00	5.051096901297569275e-02	3.352211546803509062e-03
5.018249821601767025e+00	5.050911754369735718e-02	3.352723398516242303e-03
5.038391821997002751e+00	5.053943768143653870e-02	3.357519855867085318e-03
5.058533822392238477e+00	5.067095160484313965e-02	3.366161477636589027e-03
5.078675822787474203e+00	5.077913776040077209e-02	3.373037004094977566e-03
5.098817823182709930e+00	5.091720446944236755e-02	3.380204597175324750e-03
5.118959823577945656e+00	5.119791254401206970e-02	3.391450424085517418e-03
5.139101823973181382e+00	5.130494758486747742e-02	3.396389092992181322e-03
5.159243824368417997e+00	5.127127841114997864e-02	3.394097226024435712e-03
5.179385824763653723e+00	5.137916281819343567e-02	3.393656619871578215e-03
5.199527825158889449e+00	5.143451318144798279e-02	3.391434205507036764e-03
5.219669825554125175e+00	5.177619308233261108e-02	3.401817531506243653e-03
5.239811825949360902e+00	5.148000642657279968e-02	3.390791602895405678e-03
5.259953826344596628e+00	5.170009657740592957e-02	3.399786494466584992e-03
5.280095826739832354e+00	5.194513499736785889e-02	3.446016922144332778e-03
5.300237827135068081e+00	5.194918438792228699e-02	3.471451335403156167e-03
5.320379827530303807e+00	5.205908045172691345e-02	3.494521526995155412e-03
5.340521827925539533e+00	5.212322995066642761e-02	3.512434855377570032e-03
5.360663828320775259e+00	5.226098001003265381e-02	3.530746367254941707e-03
5.380805828716010986e+00	5.238158628344535828e-02	3.547282044326371259e-03
5.400947829111246712e+00	5.245173349976539612e-02	3.560896973468827276e-03
5.421089829506482438e+00	5.265521630644798279e-02	3.579386905941888287e-03
5.441231829901718164e+00	5.283165350556373596e-02	3.621093510006858935e-03
5.461373830296953891e+00	5.291186273097991943e-02	3.657269152016499100e-03
5.481515830692189617e+00	5.308719351887702942e-02	3.692064687927167164e-03
5.501657831087425343e+00	5.307591706514358521e-02	3.729856843543989144e-03
5.521799831482661070e+00	5.319726467132568359e-02	3.781048108426729362e-03
5.541941831877897684e+00	5.336964875459671021e-02	3.824122871492284699e-03
5.562083832273133410e+00	5.350857600569725037e-02	3.854312413910731139e-03
5.582225832668369137e+00	5.380341038107872009e-02	3.884882652272692981e-03
5.602367833063604863e+00	5.376074090600013733e-02	3.902456270187059685e-03
5.622509833458840589e+00	5.388333275914192200e-02	3.924174946567916822e-03
5.642651833854076315e+00	5.407622084021568298e-02	3.947034254342462328e-03
5.662793834249312042e+00	5.410740524530410767e-02	3.962690864467466843e-03
5.682935834644547768e+00	5.428022146224975586e-02	4.044044763190972336e-03
5.703077835039783494e+00	5.443317815661430359e-02	4.120397879155551779e-03
5.723219835435019220e+00	5.461551249027252197e-02	4.166509360690490160e-03
5.743361835830254947e+00	5.468602851033210754e-02	4.197074087715784579e-03
5.763503836225490673e+00	5.490897968411445618e-02	4.234652047482699404e-03
5.783645836620726399e+00	5.516684800386428833e-02	4.269199899802727551e-03
5.803787837015962126e+00	5.538376048207283020e-02	4.300401834530112252e-03
5.823929837411197852e+00	5.538295209407806396e-02	4.321613514634504473e-03
5.844071837806433578e+00	5.565908551216125488e-02	4.352756964865292857e-03
5.864213838201669304e+00	5.566019564867019653e-02	4.365361567938003812e-03
5.884355838596905031e+00	5.568121373653411865e-02	4.374924420434735291e-03
5.904497838992141645e+00	5.611748993396759033e-02	4.404182130270231643e-03
5.924639839387377371e+00	5.616966634988784790e-02	4.423242478173113057e-03
5.944781839782613098e+00	5.613897368311882019e-02	4.438437425804778527e-03
5.964923840177848824e+00	5.647572875022888184e-02	4.468546589850061479e-03
5.985065840573084550e+00	5.669623613357543945e-02	4.493594445185229019e-03
6.005207840968320276e+00	5.698021128773689270e-02	4.520184945790482398e-03
6.025349841363556003e+00	5.718707665801048279e-02	4.604078212988431743e-03
6.045491841758791729e+00	5.714775249361991882e-02	4.702489452201951900e-03
6.065633842154027455e+00	5.729421600699424744e-02	4.782190604729840387e-03
6.085775842549263182e+00	5.749396234750747681e-02	4.855231813921358046e-03
6.105917842944498908e+00	5.765410140156745911e-02	4.921849458138719512e-03
6.126059843339734634e+00	5.786336958408355713e-02	4.987992382077012510e-03
6.146201843734970360e+00	5.803954228758811951e-02	5.050919388871816761e-03
6.166343844130206087e+00	5.820522829890251160e-02	5.112131289783608361e-03
6.186485844525441813e+00	5.824275687336921692e-02	5.165329181937520359e-03
6.206627844920677539e+00	5.849911645054817200e-02	5.222246291182714058e-03
6.226769845315913265e+00	5.864411592483520508e-02	5.272292394652866414e-03
6.246911845711148992e+00	5.886292085051536560e-02	5.325140955789116164e-03
6.267053846106385606e+00	5.891286581754684448e-02	5.369637267029194784e-03
6.287195846501621332e+00	5.931802839040756226e-02	5.430655987190172868e-03
6.307337846896857059e+00	5.953138321638107300e-02	5.487059021378346869e-03
6.327479847292092785e+00	5.965578928589820862e-02	5.544161358897926710e-03
6.347621847687328511e+00	5.967924371361732483e-02	5.597135279001165531e-03
6.367763848082564238e+00	5.996837839484214783e-02	5.664540930301897176e-03
6.387905848477799964e+00	6.022126227617263794e-02	5.727644148829245420e-03
6.408047848873035690e+00	6.029807403683662415e-02	5.776729163893017625e-03
6.428189849268271416e+00	6.042534485459327698e-02	5.823153200896587743e-03
6.448331849663507143e+00	6.065963953733444214e-02	5.875125237700445403e-03
6.468473850058742869e+00	6.105113402009010315e-02	5.935725550850316085e-03
6.488615850453978595e+00	6.107258796691894531e-02	5.982443336662440596e-03
6.508757850849214321e+00	6.105288118124008179e-02	6.036177100019565755e-03
6.528899851244450048e+00	6.122404336929321289e-02	6.101194675440245289e-03
6.549041851639685774e+00	6.157128885388374329e-02	6.175753586819016962e-03
6.569183852034921500e+00	6.192273646593093872e-02	6.251938615049694621e-03
6.589325852430157227e+00	6.199240311980247498e-02	6.314562858902259337e-03
6.609467852825392953e+00	6.228517740964889526e-02	6.390320420008553659e-03
6.629609853220629567e+00	6.252451986074447632e-02	6.464332890027803778e-03
6.649751853615865294e+00	6.257301568984985352e-02	6.529274888374402529e-03
6.669893854011101020e+00	6.293809413909912109e-02	6.613140431494017590e-03
6.690035854406336746e+00	6.339014321565628052e-02	6.702701677016929642e-03
6.710177854801572472e+00	6.323688477277755737e-02	6.761432580631690677e-03
6.730319855196808199e+00	6.323825567960739136e-02	6.829352505711806104e-03
6.750461855592043925e+00	6.362326443195343018e-02	6.923144836395575194e-03
6.770603855987279651e+00	6.401869654655456543e-02	7.014272359310865131e-03
6.790745856382515377e+00	6.473569571971893311e-02	7.112739555944197663e-03
6.810887856777751104e+00	6.467767804861068726e-02	7.163750937152200439e-03
6.831029857172986830e+00	6.481621414422988892e-02	7.226707623117042088e-03
6.851171857568222556e+00	6.483788788318634033e-02	7.283188568811822632e-03
6.871313857963458283e+00	6.493560969829559326e-02	7.348943298244435367e-03
6.891455858358694009e+00	6.483988463878631592e-02	7.414718615303618650e-03
6.911597858753929735e+00	6.548290699720382690e-02	7.534585592249595613e-03
6.931739859149165461e+00	6.584222614765167236e-02	7.640497669204239332e-03
6.951881859544401188e+00	6.576032936573028564e-02	7.723280978447238931e-03
6.972023859939636914e+00	6.606721132993698120e-02	7.832240039093937151e-03
6.992165860334872640e+00	6.650210916996002197e-02	7.951575953155421567e-03
7.012307860730109255e+00	6.693921983242034912e-02	8.078205593300660098e-03
7.032449861125344981e+00	6.713451445102691650e-02	8.186906354319447784e-03
7.052591861520580707e+00	6.733218580484390259e-02	8.301584860964071610e-03
7.072733861915816433e+00	6.762514263391494751e-02	8.427321434634638814e-03
7.092875862311052160e+00	6.776522099971771240e-02	8.546403236065489364e-03
7.113017862706287886e+00	6.765390187501907349e-02	8.653622676674540756e-03
7.133159863101523612e+00	6.814820319414138794e-02	8.805215185727842744e-03
7.153301863496759339e+00	6.848736107349395752e-02	8.950911882884875215e-03
7.173443863891995065e+00	6.870782375335693359e-02	9.094487375113992009e-03
7.193585864287230791e+00	6.899607926607131958e-02	9.248122873650435963e-03
7.213727864682466517e+00	6.901136040687561035e-02	9.389215151042842530e-03
7.233869865077702244e+00	6.976190954446792603e-02	9.596401277219670026e-03
7.254011865472937970e+00	6.994495540857315063e-02	9.758257933308454174e-03
7.274153865868173696e+00	6.958178430795669556e-02	9.887983067855755231e-03
7.294295866263409422e+00	7.034106552600860596e-02	1.011272255125934480e-02
7.314437866658645149e+00	7.066114991903305054e-02	1.032570873928526610e-02
7.334579867053880875e+00	7.083930075168609619e-02	1.051280561503369938e-02
7.354721867449116601e+00	7.154006510972976685e-02	1.076163193115301300e-02
7.374863867844353216e+00	7.149413228034973145e-02	1.096750749543565218e-02
7.395005868239588942e+00	7.185958325862884521e-02	1.121570289318115678e-02
7.415147868634824668e+00	7.201050966978073120e-02	1.146200945501616060e-02
7.435289869030060395e+00	7.202912122011184692e-02	1.171291281953103051e-02
7.455431869425296121e+00	7.269918173551559448e-02	1.203433357798657823e-02
7.475573869820531847e+00	7.235590368509292603e-02	1.228824831819463545e-02
7.495715870215767573e+00	7.192425429821014404e-02	1.255625697413725525e-02
7.515857870611003300e+00	7.222110033035278320e-02	1.290804988691223766e-02
7.535999871006239026e+00	7.151076197624206543e-02	1.319470991279972361e-02
7.556141871401474752e+00	7.049426436424255371e-02	1.347969595367937840e-02
7.576283871796710478e+00	6.941743940114974976e-02	1.378426070275207832e-02
7.596425872191946205e+00	6.801068782806396484e-02	1.415920987010972111e-02
7.616567872587181931e+00	6.817404925823211670e-02	1.484949033582701715e-02
7.636709872982417657e+00	6.904257833957672119e-02	1.570635939796639208e-02
7.656851873377653384e+00	7.403261959552764893e-02	1.740049251710444958e-02
7.676993873772889110e+00	7.552936673164367676e-02	1.845762157980505511e-02
7.697135874168124836e+00	7.652999460697174072e-02	1.925063724556145064e-02
7.717277874563360562e+00	7.706783711910247803e-02	1.989111723791244998e-02
7.737419874958597177e+00	7.776548713445663452e-02	2.039623061667551057e-02
7.757561875353832903e+00	7.798577845096588135e-02	2.086259435440751889e-02
7.777703875749068629e+00	7.743807137012481689e-02	2.125690081546934701e-02
7.797845876144304356e+00	7.742404192686080933e-02	2.175261839708004380e-02
7.817987876539540082e+00	7.788451761007308960e-02	2.234980441124135436e-02
7.838129876934775808e+00	7.900379598140716553e-02	2.308694045135255973e-02
7.858271877330011534e+00	7.944681495428085327e-02	2.381388269415869730e-02
7.878413877725247261e+00	8.002996444702148438e-02	2.460860127537089700e-02
7.898555878120482987e+00	7.971115410327911377e-02	2.523654455058870968e-02
7.918697878515718713e+00	7.994973659515380859e-02	2.607960273747403357e-02
7.938839878910954440e+00	8.009897917509078979e-02	2.700733877305061884e-02
7.958981879306190166e+00	8.109697699546813965e-02	2.816616372439224858e-02
7.979123879701425892e+00	8.119411021471023560e-02	2.928700331706735049e-02
7.999265880096661618e+00	8.103685081005096436e-02	3.052436152505237296e-02
8.019407880491897345e+00	8.054558932781219482e-02	3.185682365489606732e-02
8.039549880887133071e+00	8.159258216619491577e-02	3.370227621558060521e-02
8.059691881282368797e+00	8.311988413333892822e-02	3.597222938912472689e-02
8.079833881677604523e+00	8.229494839906692505e-02	3.811448311054185800e-02
8.099975882072840250e+00	8.188722282648086548e-02	4.081309192376660067e-02
8.120117882468077752e+00	8.202865719795227051e-02	4.441569133783487833e-02
8.140259882863313479e+00	8.351570367813110352e-02	4.960825774498581892e-02
8.160401883258549205e+00	8.450910449028015137e-02	5.650701274356949994e-02
8.180543883653784931e+00	8.173664659261703491e-02	6.580761692672747187e-02
8.200685884049020657e+00	8.479811996221542358e-02	8.642213743219506750e-02
8.220827884444256384e+00	8.330795168876647949e-02	1.462984639996096903e-01
