# Normalized	8239 eV	193neu
# q	I	Poisson error
# nm-1	cm-1	cm-1
1.517372972275117804e-01	3.715590953826904297e+00	4.950781014590361906e-01
1.683322765328058579e-01	3.603134870529174805e+00	2.750651559706823734e-01
1.849272558380999354e-01	3.509191036224365234e+00	2.138226147362471963e-01
2.015222351433940129e-01	3.391860723495483398e+00	1.807521308221060885e-01
2.181172144486880904e-01	3.230622768402099609e+00	1.547915995745851592e-01
2.347121937539821679e-01	3.091962814331054688e+00	1.350435919377236393e-01
2.513071730592763009e-01	2.960068702697753906e+00	1.200085642865591773e-01
2.679021523645703784e-01	2.803248643875122070e+00	1.161479225610853594e-01
2.844971316698644559e-01	2.667019367218017578e+00	1.116513103114471356e-01
3.010921109751585334e-01	2.524342060089111328e+00	1.070019866605715492e-01
3.176870902804526109e-01	2.387262105941772461e+00	1.029923420581888294e-01
3.342820695857466884e-01	2.253468990325927734e+00	9.703683231025661549e-02
3.508770488910407659e-01	2.118066787719726562e+00	8.896252243478874888e-02
3.674720281963348434e-01	1.998197197914123535e+00	8.320736633407263549e-02
3.840670075016289209e-01	1.869944930076599121e+00	7.789870175386898188e-02
4.006619868069229984e-01	1.752528309822082520e+00	7.300019847317629207e-02
4.172569661122170759e-01	1.638719797134399414e+00	6.854404208630808515e-02
4.338519454175111534e-01	1.527691364288330078e+00	6.454466016829769892e-02
4.504469247228052309e-01	1.415268301963806152e+00	6.061301307536106492e-02
4.670419040280993084e-01	1.315379977226257324e+00	5.710996668600777648e-02
4.836368833333933859e-01	1.213306069374084473e+00	5.363043518054271680e-02
5.002318626386874634e-01	1.121731758117675781e+00	5.032456346826036375e-02
5.168268419439815409e-01	1.036289453506469727e+00	4.723924809110748718e-02
5.334218212492756184e-01	9.551038146018981934e-01	4.442789966784987249e-02
5.500168005545698069e-01	8.756009936332702637e-01	4.167975989485282057e-02
5.666117798598637734e-01	8.029875159263610840e-01	4.002511673803264836e-02
5.832067591651579619e-01	7.392149567604064941e-01	3.850134945904597900e-02
5.998017384704519284e-01	6.737089753150939941e-01	3.655880706730300911e-02
6.163967177757461169e-01	6.178273558616638184e-01	3.474311816105107170e-02
6.329916970810400834e-01	5.669382810592651367e-01	3.288158530609090052e-02
6.495866763863342719e-01	5.170474648475646973e-01	3.096376168938110712e-02
6.661816556916282384e-01	4.714343249797821045e-01	2.926001939423731810e-02
6.827766349969224269e-01	4.315848946571350098e-01	2.772952130863618608e-02
6.993716143022163934e-01	3.937217593193054199e-01	2.623107050590565287e-02
7.159665936075105819e-01	3.576829433441162109e-01	2.431955081729160820e-02
7.325615729128045484e-01	3.273429870605468750e-01	2.247308929247976775e-02
7.491565522180987369e-01	2.986328899860382080e-01	2.096694838823262574e-02
7.657515315233927033e-01	2.720203101634979248e-01	1.963123010694018192e-02
7.823465108286868919e-01	2.480022460222244263e-01	1.847525440263808605e-02
7.989414901339808583e-01	2.262931615114212036e-01	1.736341750405740597e-02
8.155364694392750469e-01	2.067332714796066284e-01	1.632325198137895075e-02
8.321314487445690133e-01	1.892401874065399170e-01	1.537162193754850262e-02
8.487264280498632019e-01	1.731734722852706909e-01	1.448405821859905830e-02
8.653214073551571683e-01	1.586178392171859741e-01	1.366079391223092195e-02
8.819163866604513569e-01	1.459125131368637085e-01	1.291821191410815785e-02
8.985113659657453233e-01	1.344870775938034058e-01	1.223593569781585531e-02
9.151063452710395119e-01	1.245507523417472839e-01	1.162079683229522674e-02
9.317013245763334783e-01	1.149600073695182800e-01	1.102336328107120927e-02
9.482963038816276669e-01	1.070965677499771118e-01	1.051275226586090468e-02
9.648912831869218554e-01	1.000771522521972656e-01	1.004290746773867787e-02
9.814862624922158219e-01	9.342443197965621948e-02	9.592561454581371994e-03
9.980812417975100104e-01	8.794219791889190674e-02	9.203957560451409697e-03
1.014676221102803977e+00	8.315677195787429810e-02	8.851765516158221353e-03
1.031271200408098165e+00	7.898674160242080688e-02	8.541844505465169546e-03
1.047866179713392132e+00	7.555853575468063354e-02	8.272313221251105866e-03
1.064461159018686320e+00	7.224547863006591797e-02	8.009259518104759959e-03
1.081056138323980287e+00	6.954234838485717773e-02	7.786770243673963102e-03
1.097651117629274475e+00	6.728713959455490112e-02	7.590533629148348005e-03
1.114246096934568442e+00	6.518196314573287964e-02	7.404763512872727764e-03
1.130841076239862630e+00	6.341949850320816040e-02	7.241686983487410217e-03
1.147436055545156597e+00	6.212407723069190979e-02	7.109369505041775693e-03
1.164031034850450563e+00	6.115867197513580322e-02	7.002696695339875183e-03
1.180626014155744752e+00	5.996668338775634766e-02	6.887738892828649574e-03
1.197220993461038718e+00	5.899852141737937927e-02	6.911402665960360292e-03
1.213815972766332907e+00	5.834155902266502380e-02	6.914737695844924877e-03
1.230410952071627095e+00	5.802278965711593628e-02	6.887691411740977723e-03
1.247005931376921062e+00	5.728353559970855713e-02	6.836731291447903543e-03
1.263600910682215250e+00	5.694014206528663635e-02	6.812326800822228468e-03
1.280195889987509217e+00	5.636334419250488281e-02	6.769489656198727362e-03
1.296790869292803405e+00	5.609283596277236938e-02	6.743930193477927666e-03
1.313385848598097372e+00	5.575714260339736938e-02	6.713090108897705639e-03
1.329980827903391560e+00	5.553499981760978699e-02	6.688476813229956089e-03
1.346575807208685527e+00	5.554023385047912598e-02	6.559996871528846717e-03
1.363170786513979715e+00	5.535326525568962097e-02	6.428678360353981200e-03
1.379765765819273682e+00	5.488864704966545105e-02	6.345062506345783282e-03
1.396360745124567870e+00	5.487825348973274231e-02	6.305001814177820831e-03
1.412955724429861837e+00	5.455653741955757141e-02	6.251987707870761656e-03
1.429550703735156025e+00	5.455946922302246094e-02	6.220858667931302398e-03
1.446145683040449992e+00	5.414138361811637878e-02	6.167762173896344617e-03
1.462740662345744180e+00	5.378974601626396179e-02	6.118213012034363907e-03
1.479335641651038147e+00	5.341183021664619446e-02	6.067822773675166093e-03
1.495930620956332335e+00	5.335285142064094543e-02	6.038117647189473851e-03
1.512525600261626302e+00	5.298242345452308655e-02	5.991562812823038667e-03
1.529120579566920490e+00	5.270866304636001587e-02	5.950245489094047220e-03
1.545715558872214457e+00	5.245991796255111694e-02	5.910472774079526988e-03
1.562310538177508645e+00	5.196928977966308594e-02	5.858507771640617499e-03
1.578905517482802612e+00	5.173921957612037659e-02	5.820850038635441009e-03
1.595500496788096800e+00	5.116827040910720825e-02	5.756315519567530188e-03
1.612095476093390767e+00	5.103060603141784668e-02	5.711201817842788235e-03
1.628690455398684955e+00	5.067971721291542053e-02	5.640845603768267387e-03
1.645285434703978922e+00	5.042410269379615784e-02	5.570577350504707023e-03
1.661880414009273110e+00	5.012570694088935852e-02	5.501230002809408270e-03
1.678475393314567077e+00	4.977328330278396606e-02	5.435516965696687158e-03
1.695070372619861265e+00	4.955578595399856567e-02	5.379263934004140102e-03
1.711665351925155232e+00	4.929920285940170288e-02	5.323629558891428658e-03
1.728260331230449420e+00	4.915650561451911926e-02	5.271226934800667813e-03
1.744855310535743609e+00	4.883912205696105957e-02	5.211348096883825810e-03
1.761450289841037575e+00	4.854340851306915283e-02	5.155651332557121408e-03
1.778045269146331764e+00	4.831738024950027466e-02	5.107407748834390769e-03
1.794640248451625730e+00	4.802054911851882935e-02	5.061766279676840376e-03
1.811235227756919919e+00	4.794614017009735107e-02	5.032327783951988896e-03
1.827830207062213885e+00	4.779197648167610168e-02	4.999247025995450650e-03
1.844425186367508074e+00	4.744347557425498962e-02	4.957026445901553321e-03
1.861020165672802040e+00	4.728773236274719238e-02	4.923440654799861316e-03
1.877615144978096229e+00	4.701599851250648499e-02	4.884877496133704575e-03
1.894210124283390195e+00	4.689538851380348206e-02	4.855461329598908214e-03
1.910805103588684384e+00	4.683316126465797424e-02	4.830393033107444403e-03
1.927400082893978350e+00	4.688783735036849976e-02	4.811062549963863143e-03
1.943995062199272539e+00	4.663414880633354187e-02	4.775070754640990504e-03
1.960590041504566505e+00	4.667850211262702942e-02	4.755924124493086762e-03
1.977185020809860694e+00	4.633526504039764404e-02	4.716700059870329934e-03
1.993780000115154660e+00	4.615205526351928711e-02	4.686101152297679484e-03
2.010374979420448849e+00	4.603644087910652161e-02	4.660156005192604527e-03
2.026969958725743037e+00	4.594213515520095825e-02	4.634975397750622748e-03
2.043564938031037226e+00	4.598807543516159058e-02	4.618615084672299947e-03
2.060159917336330970e+00	4.580752551555633545e-02	4.589075698608049633e-03
2.076754896641625159e+00	4.575423151254653931e-02	4.568063871270999603e-03
2.093349875946919347e+00	4.568642005324363708e-02	4.545125966102682782e-03
2.109944855252213536e+00	4.554392024874687195e-02	4.519536097095261731e-03
2.126539834557507280e+00	4.532051458954811096e-02	4.489133646532843074e-03
2.143134813862801469e+00	4.535747691988945007e-02	4.473675223825484062e-03
2.159729793168095657e+00	4.515964910387992859e-02	4.445883032601250125e-03
2.176324772473389402e+00	4.513518884778022766e-02	4.427342676857645362e-03
2.192919751778683590e+00	4.508632048964500427e-02	4.407282875996529868e-03
2.209514731083977779e+00	4.501328244805335999e-02	4.385687309939947064e-03
2.226109710389271967e+00	4.493377730250358582e-02	4.365446666656357978e-03
2.242704689694565712e+00	4.484297335147857666e-02	4.343886809097000264e-03
2.259299668999859900e+00	4.490479081869125366e-02	4.331161788702669185e-03
2.275894648305154089e+00	4.462373256683349609e-02	4.300297735213012666e-03
2.292489627610448277e+00	4.466005787253379822e-02	4.286619542116877624e-03
2.309084606915742466e+00	4.455102980136871338e-02	4.265434939448262477e-03
2.325679586221036210e+00	4.453830420970916748e-02	4.249018295461091596e-03
2.342274565526330399e+00	4.463407397270202637e-02	4.238696573653822491e-03
2.358869544831624587e+00	4.450508579611778259e-02	4.217135354870247231e-03
2.375464524136918776e+00	4.463034868240356445e-02	4.203566456619978534e-03
2.392059503442212520e+00	4.449852183461189270e-02	4.178746015741066112e-03
2.408654482747506709e+00	4.423717781901359558e-02	4.150790894774122539e-03
2.425249462052800897e+00	4.442518204450607300e-02	4.145798144413510682e-03
2.441844441358095086e+00	4.423982650041580200e-02	4.122403408779934560e-03
2.458439420663388830e+00	4.416446015238761902e-02	4.133996408154728790e-03
2.475034399968683019e+00	4.405473545193672180e-02	4.163057141541457763e-03
2.491629379273977207e+00	4.405380040407180786e-02	4.176150942638636419e-03
2.508224358579271396e+00	4.409565404057502747e-02	4.187847514449311893e-03
2.524819337884565140e+00	4.405542835593223572e-02	4.192734248279186317e-03
2.541414317189859329e+00	4.403329268097877502e-02	4.196779294408637534e-03
2.558009296495153517e+00	4.402827471494674683e-02	4.198863604010035291e-03
2.574604275800447706e+00	4.387660324573516846e-02	4.193494666233837063e-03
2.591199255105741450e+00	4.387388378381729126e-02	4.193938562831137085e-03
2.607794234411035639e+00	4.378574714064598083e-02	4.165372457642721113e-03
2.624389213716329827e+00	4.378655180335044861e-02	4.109992755560014539e-03
2.640984193021624016e+00	4.378625378012657166e-02	4.080371644723398972e-03
2.657579172326917760e+00	4.373263195157051086e-02	4.051234156490775978e-03
2.674174151632211949e+00	4.367145150899887085e-02	4.025919931790883366e-03
2.690769130937506137e+00	4.374349862337112427e-02	4.009441096150300268e-03
2.707364110242800326e+00	4.371777921915054321e-02	3.989288925076971311e-03
2.723959089548094070e+00	4.361963644623756409e-02	3.966338200713216688e-03
2.740554068853388259e+00	4.367414116859436035e-02	3.952540592345002088e-03
2.757149048158682447e+00	4.365970939397811890e-02	3.935433535497036804e-03
2.773744027463976636e+00	4.361081868410110474e-02	3.917852325334269387e-03
2.790339006769270380e+00	4.369059577584266663e-02	3.907255776630176071e-03
2.806933986074564569e+00	4.362001642584800720e-02	3.889187594897025417e-03
2.823528965379858757e+00	4.351082444190979004e-02	3.869965534362013355e-03
2.840123944685152946e+00	4.359299317002296448e-02	3.859074811795057489e-03
2.856718923990447134e+00	4.359746724367141724e-02	3.845835549806298284e-03
2.873313903295740879e+00	4.357669502496719360e-02	3.831797596304460304e-03
2.889908882601035067e+00	4.349800571799278259e-02	3.815111121692421267e-03
2.906503861906329256e+00	4.353826865553855896e-02	3.804198512218793377e-03
2.923098841211623444e+00	4.349834844470024109e-02	3.789972431719294821e-03
2.939693820516917189e+00	4.351360350847244263e-02	3.778052474414705063e-03
2.956288799822211377e+00	4.358133673667907715e-02	3.769177329456299338e-03
2.972883779127505566e+00	4.350644350051879883e-02	3.753789997683398133e-03
2.989478758432799754e+00	4.343689233064651489e-02	3.738892612194725205e-03
3.006073737738093499e+00	4.355476424098014832e-02	3.732363737169304158e-03
3.022668717043387687e+00	4.352544620633125305e-02	3.720124442864988605e-03
3.039263696348681876e+00	4.354684427380561829e-02	3.709298902373128239e-03
3.055858675653976064e+00	4.361241683363914490e-02	3.701726149239986923e-03
3.072453654959269809e+00	4.353864863514900208e-02	3.687174407529293391e-03
3.089048634264563997e+00	4.354997724294662476e-02	3.718503424752335473e-03
3.105643613569858186e+00	4.357342422008514404e-02	3.737097119769037558e-03
3.122238592875152374e+00	4.351417720317840576e-02	3.745797189706210738e-03
3.138833572180446119e+00	4.336855560541152954e-02	3.746833576113975297e-03
3.155428551485740307e+00	4.333210736513137817e-02	3.750960978232903333e-03
3.172023530791034496e+00	4.334723949432373047e-02	3.755492704554047514e-03
3.188618510096328684e+00	4.352175444364547729e-02	3.765988205362289301e-03
3.205213489401622429e+00	4.341567307710647583e-02	3.762552364623156492e-03
3.221808468706916617e+00	4.335900396108627319e-02	3.760948057470809864e-03
3.238403448012210806e+00	4.339978843927383423e-02	3.726196004721877598e-03
3.254998427317504994e+00	4.333546012639999390e-02	3.689606016775856968e-03
3.271593406622798739e+00	4.332553967833518982e-02	3.665207662208364286e-03
3.288188385928092927e+00	4.333302378654479980e-02	3.646264499215575317e-03
3.304783365233387116e+00	4.333434253931045532e-02	3.629567401667552293e-03
3.321378344538681304e+00	4.348644241690635681e-02	3.621078189561628777e-03
3.337973323843975493e+00	4.347303137183189392e-02	3.606171069563120050e-03
3.354568303149269237e+00	4.344309866428375244e-02	3.591437497484869547e-03
3.371163282454563426e+00	4.337522387504577637e-02	3.575877935152105367e-03
3.387758261759857614e+00	4.330125823616981506e-02	3.560342452501010814e-03
3.404353241065151803e+00	4.332729801535606384e-02	3.549514815910504231e-03
3.420948220370445547e+00	4.335210099816322327e-02	3.539548656859451813e-03
3.437543199675739736e+00	4.351708665490150452e-02	3.535723104651646888e-03
3.454138178981033924e+00	4.356025904417037964e-02	3.526711649524956037e-03
3.470733158286328113e+00	4.351087287068367004e-02	3.514334852400056389e-03
3.487328137591621857e+00	4.347410798072814941e-02	3.501946410772941408e-03
3.503923116896916046e+00	4.353382065892219543e-02	3.494731787747945486e-03
3.520518096202210234e+00	4.345371946692466736e-02	3.481334809425856627e-03
3.537113075507504423e+00	4.336026683449745178e-02	3.467176783543152001e-03
3.553708054812798167e+00	4.357191175222396851e-02	3.467123314416653210e-03
3.570303034118092356e+00	4.364515095949172974e-02	3.460785636121683183e-03
3.586898013423386544e+00	4.357906058430671692e-02	3.448263533501047182e-03
3.603492992728680733e+00	4.355289414525032043e-02	3.438634745269313585e-03
3.620087972033974477e+00	4.355701431632041931e-02	3.429282139459835684e-03
3.636682951339268666e+00	4.364519193768501282e-02	3.423734986525749438e-03
3.653277930644562854e+00	4.361319169402122498e-02	3.413824682101610636e-03
3.669872909949857043e+00	4.366119205951690674e-02	3.407168394072941295e-03
3.686467889255150787e+00	4.364245012402534485e-02	3.397739712669507490e-03
3.703062868560444976e+00	4.368001595139503479e-02	3.390773134591413239e-03
3.719657847865739164e+00	4.370945319533348083e-02	3.383901125982024215e-03
3.736252827171033353e+00	4.365039616823196411e-02	3.373612236513098828e-03
3.752847806476327097e+00	4.358629137277603149e-02	3.363342529208618835e-03
3.769442785781621286e+00	4.374177008867263794e-02	3.361581883797992460e-03
3.786037765086915474e+00	4.378800094127655029e-02	3.355706893507913891e-03
3.802632744392209663e+00	4.391565918922424316e-02	3.353202888738665566e-03
3.819227723697503407e+00	4.383007436990737915e-02	3.342044335089185744e-03
3.835822703002797596e+00	4.384630545973777771e-02	3.334685986853036781e-03
3.852417682308091784e+00	4.388288035988807678e-02	3.328618667260659254e-03
3.869012661613385973e+00	4.387263953685760498e-02	3.320694252843506018e-03
3.885607640918680161e+00	4.383121803402900696e-02	3.311496124197408578e-03
3.902202620223973906e+00	4.382966086268424988e-02	3.303769261763937586e-03
3.918797599529268094e+00	4.405746236443519592e-02	3.305883333481063856e-03
3.935392578834562283e+00	4.397023469209671021e-02	3.295454916636454418e-03
3.951987558139856471e+00	4.396871104836463928e-02	3.287428050053664997e-03
3.968582537445150216e+00	4.404542967677116394e-02	3.283285467280202749e-03
3.985177516750444404e+00	4.402977973222732544e-02	3.275324271927631918e-03
4.001772496055738593e+00	4.406372457742691040e-02	3.269477675558278389e-03
4.018367475361032781e+00	4.411430656909942627e-02	3.264368425718099792e-03
4.034962454666326970e+00	4.413823038339614868e-02	3.258273985178104792e-03
4.051557433971621158e+00	4.420969635248184204e-02	3.254156266984312498e-03
4.068152413276915347e+00	4.420576989650726318e-02	3.246923696494596889e-03
4.084747392582209535e+00	4.423413425683975220e-02	3.270936486010835205e-03
4.101342371887502836e+00	4.430738463997840881e-02	3.293420676717135915e-03
4.117937351192797024e+00	4.447605088353157043e-02	3.308462321120353693e-03
4.134532330498091213e+00	4.455153271555900574e-02	3.312059112606621954e-03
4.151127309803385401e+00	4.440226405858993530e-02	3.309526390476101674e-03
4.167722289108679590e+00	4.452386498451232910e-02	3.318294251832356462e-03
4.184317268413973778e+00	4.446504265069961548e-02	3.318839596749282878e-03
4.200912247719267079e+00	4.460557550191879272e-02	3.326786137457965128e-03
4.217507227024561267e+00	4.453593119978904724e-02	3.325404327502536929e-03
4.234102206329855456e+00	4.461465775966644287e-02	3.329764936287558583e-03
4.250697185635149644e+00	4.455444589257240295e-02	3.326264769404402386e-03
4.267292164940443833e+00	4.462150856852531433e-02	3.325112630646458092e-03
4.283887144245738021e+00	4.462362825870513916e-02	3.321355199691058621e-03
4.300482123551032210e+00	4.477785155177116394e-02	3.326356609218112954e-03
4.317077102856326398e+00	4.476480558514595032e-02	3.325015976949759981e-03
4.333672082161619699e+00	4.475599154829978943e-02	3.326007507871143760e-03
4.350267061466913887e+00	4.479892924427986145e-02	3.362887960155150433e-03
4.366862040772208076e+00	4.491850361227989197e-02	3.391289404730428881e-03
4.383457020077502264e+00	4.497509449720382690e-02	3.411502798647250180e-03
4.400051999382796453e+00	4.497203603386878967e-02	3.425934120022336958e-03
4.416646978688090641e+00	4.493482410907745361e-02	3.436894663571298837e-03
4.433241957993384830e+00	4.503564909100532532e-02	3.452484048355255151e-03
4.449836937298679018e+00	4.515155777335166931e-02	3.467646838646074037e-03
4.466431916603973207e+00	4.518579319119453430e-02	3.479548367921950561e-03
4.483026895909266507e+00	4.522754997014999390e-02	3.514112372076996609e-03
4.499621875214560696e+00	4.535335674881935120e-02	3.550257782859184402e-03
4.516216854519854884e+00	4.535827785730361938e-02	3.576808683436790998e-03
4.532811833825149073e+00	4.537148773670196533e-02	3.612691998040178185e-03
4.549406813130443261e+00	4.544882476329803467e-02	3.659247936128812075e-03
4.566001792435737450e+00	4.539808630943298340e-02	3.690898532673508349e-03
4.582596771741031638e+00	4.546978324651718140e-02	3.717115961606334493e-03
4.599191751046325827e+00	4.552163183689117432e-02	3.737394255740782070e-03
4.615786730351619127e+00	4.552273824810981750e-02	3.755087868227344888e-03
4.632381709656913316e+00	4.552816972136497498e-02	3.771048916597461928e-03
4.648976688962207504e+00	4.562857002019882202e-02	3.789843021609331283e-03
4.665571668267501693e+00	4.552385956048965454e-02	3.798423969362241942e-03
4.682166647572795881e+00	4.561310261487960815e-02	3.870999482329495322e-03
4.698761626878090070e+00	4.598575830459594727e-02	3.952766624223258939e-03
4.715356606183384258e+00	4.599595814943313599e-02	3.988996172194033199e-03
4.731951585488678447e+00	4.591136425733566284e-02	4.010498407763380714e-03
4.748546564793971747e+00	4.601939022541046143e-02	4.041865922725649748e-03
4.765141544099265936e+00	4.619000852108001709e-02	4.072112757313730083e-03
4.781736523404560124e+00	4.613337293267250061e-02	4.089977495187777784e-03
4.798331502709854313e+00	4.623192921280860901e-02	4.114080635897504785e-03
4.814926482015148501e+00	4.644974693655967712e-02	4.142752798110729828e-03
4.831521461320442690e+00	4.603857174515724182e-02	4.134442220196227896e-03
4.848116440625736878e+00	4.649598523974418640e-02	4.164405473713384855e-03
4.864711419931031067e+00	4.657251015305519104e-02	4.178602916465038418e-03
4.881306399236324367e+00	4.657107964158058167e-02	4.193959136980204665e-03
4.897901378541618556e+00	4.678202793002128601e-02	4.219159217853121063e-03
4.914496357846912744e+00	4.688494652509689331e-02	4.239034016488354983e-03
4.931091337152206933e+00	4.688192903995513916e-02	4.253462095937060768e-03
4.947686316457501121e+00	4.687980189919471741e-02	4.266924865127758558e-03
4.964281295762795310e+00	4.701444879174232483e-02	4.341865603239198484e-03
4.980876275068089498e+00	4.708854481577873230e-02	4.436350411880464126e-03
4.997471254373383687e+00	4.702643305063247681e-02	4.499784920106790834e-03
5.014066233678677875e+00	4.717799648642539978e-02	4.565899899638703810e-03
5.030661212983971176e+00	4.723984375596046448e-02	4.623082018786362803e-03
5.047256192289265364e+00	4.729307442903518677e-02	4.677327902028498990e-03
5.063851171594559553e+00	4.737724736332893372e-02	4.731544795858228132e-03
5.080446150899853741e+00	4.756373167037963867e-02	4.790079044753078018e-03
5.097041130205147930e+00	4.746547341346740723e-02	4.831293621386055850e-03
5.113636109510442118e+00	4.767003655433654785e-02	4.883178346499479454e-03
5.130231088815736307e+00	4.774070531129837036e-02	4.926168970026720273e-03
5.146826068121030495e+00	4.783147573471069336e-02	4.969657406179834279e-03
5.163421047426323796e+00	4.785854741930961609e-02	5.009159770977115490e-03
5.180016026731617984e+00	4.775869846343994141e-02	5.041309628205870898e-03
5.196611006036912173e+00	4.796119034290313721e-02	5.094256672778340982e-03
5.213205985342206361e+00	4.810194298624992371e-02	5.148167136063293813e-03
5.229800964647500550e+00	4.830140992999076843e-02	5.206140151425196760e-03
5.246395943952794738e+00	4.821305721998214722e-02	5.249020314819263615e-03
5.262990923258088927e+00	4.837400093674659729e-02	5.303855610911324681e-03
5.279585902563383115e+00	4.840570315718650818e-02	5.346309259495539250e-03
5.296180881868676416e+00	4.845652356743812561e-02	5.385242487341550081e-03
5.312775861173970604e+00	4.870643839240074158e-02	5.436111875520653787e-03
5.329370840479264793e+00	4.878534004092216492e-02	5.477541316176256884e-03
5.345965819784558981e+00	4.885597899556159973e-02	5.522562424899886933e-03
5.362560799089853170e+00	4.899796098470687866e-02	5.580079869699338529e-03
5.379155778395147358e+00	4.896138235926628113e-02	5.628243421107426495e-03
5.395750757700441547e+00	4.920491576194763184e-02	5.693806852869588361e-03
5.412345737005735735e+00	4.926005005836486816e-02	5.748993733774172485e-03
5.428940716311029036e+00	4.941752180457115173e-02	5.811386879490357260e-03
5.445535695616323224e+00	4.942238330841064453e-02	5.865541201094280274e-03
5.462130674921617413e+00	4.959648102521896362e-02	5.931139413051735379e-03
5.478725654226911601e+00	4.965002462267875671e-02	5.990071682650861644e-03
5.495320633532205790e+00	4.959279298782348633e-02	6.043540594907569410e-03
5.511915612837499978e+00	4.990007355809211731e-02	6.121125893454947009e-03
5.528510592142794167e+00	4.982199147343635559e-02	6.175590998435859930e-03
5.545105571448088355e+00	4.998079314827919006e-02	6.246265756007552544e-03
5.561700550753382544e+00	5.013032257556915283e-02	6.320453022947347330e-03
5.578295530058675844e+00	5.029181763529777527e-02	6.392402868095647603e-03
5.594890509363970033e+00	5.030135065317153931e-02	6.444432531501945692e-03
5.611485488669264221e+00	5.050025880336761475e-02	6.505781371659741588e-03
5.628080467974558410e+00	5.053536966443061829e-02	6.556809964555705521e-03
5.644675447279852598e+00	5.081032961606979370e-02	6.624435756479861090e-03
5.661270426585146787e+00	5.076560750603675842e-02	6.674542559889119764e-03
5.677865405890440975e+00	5.098207667469978333e-02	6.752721551761763606e-03
5.694460385195735164e+00	5.117950960993766785e-02	6.839194036936372192e-03
5.711055364501028464e+00	5.126519501209259033e-02	6.919998031310744049e-03
5.727650343806322653e+00	5.136081576347351074e-02	7.004227633957333700e-03
5.744245323111616841e+00	5.165925994515419006e-02	7.105593239202510555e-03
5.760840302416911030e+00	5.152163282036781311e-02	7.177521062647421179e-03
5.777435281722205218e+00	5.171437188982963562e-02	7.279407196546443942e-03
5.794030261027499407e+00	5.191659927368164062e-02	7.379293072328763081e-03
5.810625240332793595e+00	5.196863412857055664e-02	7.473089076345934383e-03
5.827220219638087784e+00	5.178206413984298706e-02	7.552929932371502814e-03
5.843815198943381084e+00	5.193421989679336548e-02	7.660964323277287893e-03
5.860410178248675273e+00	5.198861286044120789e-02	7.765433877105506685e-03
5.877005157553969461e+00	5.214443802833557129e-02	7.881981325326779114e-03
5.893600136859263650e+00	5.219954997301101685e-02	7.994005647849130453e-03
5.910195116164557838e+00	5.241470411419868469e-02	8.123742712828348200e-03
5.926790095469852027e+00	5.244385451078414917e-02	8.243076729205087161e-03
5.943385074775146215e+00	5.274145305156707764e-02	8.389845492276712391e-03
5.959980054080440404e+00	5.301665887236595154e-02	8.547938193105316176e-03
5.976575033385733704e+00	5.300475656986236572e-02	8.676667723009495042e-03
5.993170012691027893e+00	5.283071845769882202e-02	8.797409747744714195e-03
6.009764991996322081e+00	5.316383764147758484e-02	8.973894578785114942e-03
6.026359971301616270e+00	5.323550477623939514e-02	9.144716081944866473e-03
6.042954950606910458e+00	5.329184606671333313e-02	9.300518696888755710e-03
6.059549929912204647e+00	5.329567566514015198e-02	9.470022875422250130e-03
6.076144909217498835e+00	5.356254056096076965e-02	9.675826703797031289e-03
6.092739888522793024e+00	5.366479232907295227e-02	9.875254558221130755e-03
6.109334867828087212e+00	5.388423427939414978e-02	1.009884550578611130e-02
6.125929847133380513e+00	5.410529673099517822e-02	1.033642334080088487e-02
6.142524826438674701e+00	5.401731282472610474e-02	1.055712943300755186e-02
6.159119805743968890e+00	5.381931364536285400e-02	1.078103878928532433e-02
6.175714785049263078e+00	5.384963378310203552e-02	1.104835792393128562e-02
6.192309764354557267e+00	5.404514446854591370e-02	1.135061672712397822e-02
6.208904743659851455e+00	5.328266695141792297e-02	1.157097384139108530e-02
6.225499722965145644e+00	5.272544547915458679e-02	1.183754173153717462e-02
6.242094702270439832e+00	5.193956568837165833e-02	1.210053693027424160e-02
6.258689681575733132e+00	5.129538848996162415e-02	1.247236324974866466e-02
6.275284660881027321e+00	5.138752609491348267e-02	1.306821882496621463e-02
6.291879640186321510e+00	5.141888931393623352e-02	1.372935816261272070e-02
6.308474619491615698e+00	5.398752167820930481e-02	1.504116803611793216e-02
6.325069598796909887e+00	5.553501844406127930e-02	1.601497333600820916e-02
6.341664578102204075e+00	5.564812198281288147e-02	1.660278700689190104e-02
6.358259557407498264e+00	5.605508759617805481e-02	1.715273472956072714e-02
6.374854536712792452e+00	5.649939179420471191e-02	1.757519926934621515e-02
6.391449516018085752e+00	5.622692778706550598e-02	1.790308627712602907e-02
6.408044495323379941e+00	5.655924975872039795e-02	1.835737576075043703e-02
6.424639474628674130e+00	5.663336068391799927e-02	1.879527164714191526e-02
6.441234453933968318e+00	5.677107349038124084e-02	1.927273653468405956e-02
6.457829433239262507e+00	5.645080283284187317e-02	1.970376617197669780e-02
6.474424412544556695e+00	5.694327503442764282e-02	2.035133470249836374e-02
6.491019391849850884e+00	5.764410644769668579e-02	2.107825594854407722e-02
6.507614371155145072e+00	5.767245963215827942e-02	2.165978721425491568e-02
6.524209350460439261e+00	5.784156173467636108e-02	2.237676047083359335e-02
6.540804329765732561e+00	5.697512626647949219e-02	2.296742938031615458e-02
6.557399309071026750e+00	5.724695324897766113e-02	2.385457968748218652e-02
6.573994288376320938e+00	5.742651596665382385e-02	2.482090763384624602e-02
6.590589267681615127e+00	5.789390206336975098e-02	2.599327019229237881e-02
6.607184246986909315e+00	5.846857279539108276e-02	2.733863580848544875e-02
6.623779226292203504e+00	5.892060324549674988e-02	2.883722597335871066e-02
6.640374205597497692e+00	5.877873301506042480e-02	3.044510769360177227e-02
6.656969184902791881e+00	5.832028388977050781e-02	3.227955591524903772e-02
6.673564164208085181e+00	5.991314724087715149e-02	3.511243486413192366e-02
6.690159143513379369e+00	5.767400562763214111e-02	3.743376445477989561e-02
6.706754122818673558e+00	5.826799944043159485e-02	4.162880338186644019e-02
6.723349102123967747e+00	5.762560293078422546e-02	4.684917868924512452e-02
6.739944081429261935e+00	5.927938222885131836e-02	5.624187242342969933e-02
6.756539060734556124e+00	5.817529559135437012e-02	7.177137414358215894e-02
6.773134040039850312e+00	5.717974156141281128e-02	1.213898823298495827e-01
