# Normalized	8330.0 eV	195
# q	I	Poisson error
# nm-1	cm-1	cm-1
1.534133333808537225e-01	2.873883628845214844e+01	1.372211151810123431e+00
1.701916152350436418e-01	3.444622039794921875e+01	8.531345306377881021e-01
1.869698970892335610e-01	4.323859786987304688e+01	7.649160640596687211e-01
2.037481789434235080e-01	4.949621963500976562e+01	7.144804523976504562e-01
2.205264607976133995e-01	4.346478652954101562e+01	5.857258597864064553e-01
2.373047426518033465e-01	2.796026802062988281e+01	4.065589823247640067e-01
2.540830245059932935e-01	1.471398353576660156e+01	2.565134165800820321e-01
2.708613063601831850e-01	7.472006320953369141e+00	1.759062650943627182e-01
2.876395882143730764e-01	4.070068836212158203e+00	1.251482274062202249e-01
3.044178700685630234e-01	2.639482498168945312e+00	9.818482221868268800e-02
3.211961519227529704e-01	2.072667360305786133e+00	8.584112802517630814e-02
3.379744337769428619e-01	1.884085297584533691e+00	7.926919731328758989e-02
3.547527156311328089e-01	1.816589117050170898e+00	7.343476466622006482e-02
3.715309974853227004e-01	1.744714260101318359e+00	6.926250697740898854e-02
3.883092793395126474e-01	1.593209743499755859e+00	6.401359422614492922e-02
4.050875611937025389e-01	1.388620734214782715e+00	5.773548095868036995e-02
4.218658430478924859e-01	1.181742191314697266e+00	5.161817154568819344e-02
4.386441249020824329e-01	9.866864085197448730e-01	4.593448182644149780e-02
4.554224067562723244e-01	8.066791296005249023e-01	4.047854731842603221e-02
4.722006886104622714e-01	6.537158489227294922e-01	3.557326851271783857e-02
4.889789704646521629e-01	5.270001888275146484e-01	3.122183406340174258e-02
5.057572523188420544e-01	4.325990378856658936e-01	2.760109290346028296e-02
5.225355341730320013e-01	3.621844053268432617e-01	2.467580910325790911e-02
5.393138160272219483e-01	3.084559142589569092e-01	2.233983653829703375e-02
5.560920978814118953e-01	2.656792104244232178e-01	2.035600506779593546e-02
5.728703797356018423e-01	2.296406924724578857e-01	1.907167722249077102e-02
5.896486615897917893e-01	2.014270424842834473e-01	1.799075667123834280e-02
6.064269434439816253e-01	1.769784092903137207e-01	1.684490298557109883e-02
6.232052252981715723e-01	1.563823819160461426e-01	1.576915263744315537e-02
6.399835071523614083e-01	1.386502236127853394e-01	1.471287110827588368e-02
6.567617890065513553e-01	1.252285242080688477e-01	1.383208576410679264e-02
6.735400708607413023e-01	1.138058230280876160e-01	1.309568766531525597e-02
6.903183527149312493e-01	1.033540517091751099e-01	1.240121856460156373e-02
7.070966345691211963e-01	9.266241639852523804e-02	1.166683009906069844e-02
7.238749164233111433e-01	8.223828673362731934e-02	1.070850441405632285e-02
7.406531982775009793e-01	7.352556288242340088e-02	9.787072014710051712e-03
7.574314801316909262e-01	6.415957957506179810e-02	8.944646721389332492e-03
7.742097619858808732e-01	5.584441125392913818e-02	8.202957163000417287e-03
7.909880438400708202e-01	4.862254112958908081e-02	7.561608185746271707e-03
8.077663256942606562e-01	4.201065376400947571e-02	6.929213914369122124e-03
8.245446075484506032e-01	3.756076842546463013e-02	6.457854808446979351e-03
8.413228894026405502e-01	3.358358144760131836e-02	6.022419775925363233e-03
8.581011712568304972e-01	3.089873306453227997e-02	5.702553909764701903e-03
8.748794531110204442e-01	2.847637236118316650e-02	5.406542131643439497e-03
8.916577349652102802e-01	2.634860016405582428e-02	5.137600206160836645e-03
9.084360168194002272e-01	2.460645698010921478e-02	4.907703034118285693e-03
9.252142986735901742e-01	2.263591066002845764e-02	4.652856612335280057e-03
9.419925805277801212e-01	2.032750099897384644e-02	4.360502598841478616e-03
9.587708623819700682e-01	1.742121577262878418e-02	3.992787427292421309e-03
9.755491442361599042e-01	1.450516935437917709e-02	3.603445875511708096e-03
9.923274260903498512e-01	1.299676764756441116e-02	3.376058302704035372e-03
1.009105707944539798e+00	1.020143460482358932e-02	2.959172189099429622e-03
1.025883989798729745e+00	8.729587309062480927e-03	2.709039445267207111e-03
1.042662271652919692e+00	7.289030123502016068e-03	2.452198717287946104e-03
1.059440553507109417e+00	6.330134812742471695e-03	2.263672231997451191e-03
1.076218835361299586e+00	5.093330517411231995e-03	2.010953468291826977e-03
1.092997117215489311e+00	4.635253455489873886e-03	1.901797620469456839e-03
1.109775399069679480e+00	4.233550280332565308e-03	1.801652211614978086e-03
1.126553680923869205e+00	3.372748615220189095e-03	1.593730225253359384e-03
1.143331962778059152e+00	2.273217076435685158e-03	1.296615342169208426e-03
1.160110244632249099e+00	2.331867348402738571e-03	1.302893166482966582e-03
1.176888526486438824e+00	2.148512285202741623e-03	1.241419500201056689e-03
1.193666808340628993e+00	1.630562357604503632e-03	1.073944089995667456e-03
1.210445090194818718e+00	2.029037568718194962e-03	1.213800452347410085e-03
1.227223372049008887e+00	3.466641064733266830e-03	1.599115558421519007e-03
1.244001653903198612e+00	4.877589643001556396e-03	1.896474093843374684e-03
1.260779935757388781e+00	5.602217279374599457e-03	2.031895114629274964e-03
1.277558217611578506e+00	3.315295791253447533e-03	1.560218382712767879e-03
1.294336499465768675e+00	1.562843448482453823e-03	1.068591637134947477e-03
1.311114781319958400e+00	-2.801473601721227169e-04	nan
1.327893063174148125e+00	-8.984011947177350521e-04	nan
1.344671345028338294e+00	-1.476415200158953667e-03	nan
1.361449626882528019e+00	-1.790179521776735783e-03	nan
1.378227908736718188e+00	-1.958457520231604576e-03	nan
1.395006190590907913e+00	-2.467029262334108353e-03	nan
1.411784472445098082e+00	-2.421408426016569138e-03	nan
1.428562754299287807e+00	-2.319351071491837502e-03	nan
1.445341036153477976e+00	-2.595272846519947052e-03	nan
1.462119318007667701e+00	-2.071350580081343651e-03	nan
1.478897599861857426e+00	-2.441753167659044266e-03	nan
1.495675881716047595e+00	-2.308433875441551208e-03	nan
1.512454163570237320e+00	-2.261200221255421638e-03	nan
1.529232445424427489e+00	-1.997345592826604843e-03	nan
1.546010727278617214e+00	-2.349372021853923798e-03	nan
1.562789009132807383e+00	-2.294015139341354370e-03	nan
1.579567290986997108e+00	-1.854305155575275421e-03	nan
1.596345572841187277e+00	-1.741521758958697319e-03	nan
1.613123854695377002e+00	-1.759520266205072403e-03	nan
1.629902136549566727e+00	-1.341830007731914520e-03	nan
1.646680418403756896e+00	-1.291721942834556103e-03	nan
1.663458700257946621e+00	-1.244539860635995865e-03	nan
1.680236982112136790e+00	-9.640777716413140297e-04	nan
1.697015263966326515e+00	-6.388124893419444561e-04	nan
1.713793545820516684e+00	-5.625837366096675396e-04	nan
1.730571827674706409e+00	-3.144931979477405548e-04	nan
1.747350109528896578e+00	-4.710363282356411219e-05	nan
1.764128391383086303e+00	1.800836471375077963e-04	2.972208335508107896e-04
1.780906673237276028e+00	4.216265224386006594e-04	4.514810520844175041e-04
1.797684955091466197e+00	6.380665581673383713e-04	5.515908987540149187e-04
1.814463236945655922e+00	1.034912886098027229e-03	6.987291414866686652e-04
1.831241518799846091e+00	9.227104601450264454e-04	6.561371032256059022e-04
1.848019800654035816e+00	1.438583480194211006e-03	8.156645310165856451e-04
1.864798082508225985e+00	1.907291123643517494e-03	9.351716034627085639e-04
1.881576364362415710e+00	1.962607726454734802e-03	9.436194223447336550e-04
1.898354646216605879e+00	2.233413746580481529e-03	1.001805487465401955e-03
1.915132928070795604e+00	2.642547711730003357e-03	1.084781359016995326e-03
1.931911209924985329e+00	2.919308841228485107e-03	1.135085269547931588e-03
1.948689491779175498e+00	3.140433691442012787e-03	1.171760108462220531e-03
1.965467773633365223e+00	3.543889848515391350e-03	1.239117629805700730e-03
1.982246055487555392e+00	3.645318560302257538e-03	1.250812789608547184e-03
1.999024337341745117e+00	4.101976286619901657e-03	1.321248261085917119e-03
2.015802619195935286e+00	4.306252580136060715e-03	1.347665037426095487e-03
2.032580901050125011e+00	4.782803356647491455e-03	1.414475039395265586e-03
2.049359182904315180e+00	4.850058350712060928e-03	1.417931350135886743e-03
2.066137464758504905e+00	5.119171924889087677e-03	1.450758898165885758e-03
2.082915746612694630e+00	5.233043339103460312e-03	1.460217109201558802e-03
2.099694028466884799e+00	5.741004366427659988e-03	1.523587800622378148e-03
2.116472310321074524e+00	6.117920856922864914e-03	1.566159639111675168e-03
2.133250592175264693e+00	6.016385275870561600e-03	1.546445535659534548e-03
2.150028874029454418e+00	6.383090745657682419e-03	1.586322348337233443e-03
2.166807155883644143e+00	6.629771087318658829e-03	1.610303875435362868e-03
2.183585437737834312e+00	7.075111381709575653e-03	1.657134541073020150e-03
2.200363719592024037e+00	7.244414184242486954e-03	1.670121228906470490e-03
2.217142001446214206e+00	7.331838365644216537e-03	1.673206972270278609e-03
2.233920283300403931e+00	7.794549223035573959e-03	1.718318792973782269e-03
2.250698565154594100e+00	8.133298717439174652e-03	1.748789642682385117e-03
2.267476847008783825e+00	8.299623616039752960e-03	1.759517825027456447e-03
2.284255128862973994e+00	8.290947414934635162e-03	1.751746521385912298e-03
2.301033410717163719e+00	8.594133891165256500e-03	1.776647893372293799e-03
2.317811692571353444e+00	8.865095674991607666e-03	1.797813239226552949e-03
2.334589974425543613e+00	9.050993248820304871e-03	1.809746491123669608e-03
2.351368256279733338e+00	9.454487822949886322e-03	1.842834483677161265e-03
2.368146538133923507e+00	9.654630906879901886e-03	1.855389550779456588e-03
2.384924819988113232e+00	9.909093379974365234e-03	1.872884773571401387e-03
2.401703101842303401e+00	1.004924252629280090e-02	1.876789145761418795e-03
2.418481383696493126e+00	1.033249590545892715e-02	1.894615379066450422e-03
2.435259665550683295e+00	1.037976704537868500e-02	1.891826595226817152e-03
2.452037947404873020e+00	1.063276175409555435e-02	1.907967474333401329e-03
2.468816229259062744e+00	1.067367382347583771e-02	1.904742414205514356e-03
2.485594511113252914e+00	1.090868748724460602e-02	1.933491265329153686e-03
2.502372792967442638e+00	1.111339591443538666e-02	1.969135502593924707e-03
2.519151074821632807e+00	1.135904155671596527e-02	1.997725717500769410e-03
2.535929356675822532e+00	1.143658626824617386e-02	2.009495711400144553e-03
2.552707638530012701e+00	1.164506096392869949e-02	2.031523454668784749e-03
2.569485920384202426e+00	1.176255568861961365e-02	2.044549693196002008e-03
2.586264202238392595e+00	1.193626411259174347e-02	2.061002783727278968e-03
2.603042484092582320e+00	1.218208018690347672e-02	2.083640139940689563e-03
2.619820765946772045e+00	1.225877646356821060e-02	2.090582574763127834e-03
2.636599047800962214e+00	1.253012660890817642e-02	2.101024910809850231e-03
2.653377329655151939e+00	1.260726433247327805e-02	2.077830020579236794e-03
2.670155611509342108e+00	1.270889211446046829e-02	2.070350092613207783e-03
2.686933893363531833e+00	1.301512029021978378e-02	2.081051860835084200e-03
2.703712175217722002e+00	1.306945458054542542e-02	2.073263876894023208e-03
2.720490457071911727e+00	1.315375138074159622e-02	2.069046391867207686e-03
2.737268738926101896e+00	1.315068639814853668e-02	2.058441850856401658e-03
2.754047020780291621e+00	1.327853091061115265e-02	2.058553790830479954e-03
2.770825302634481346e+00	1.326776202768087387e-02	2.048637390482211090e-03
2.787603584488671515e+00	1.374885160475969315e-02	2.076779835391500718e-03
2.804381866342861240e+00	1.366201043128967285e-02	2.061598620127448947e-03
2.821160148197051409e+00	1.389521546661853790e-02	2.071233714428913179e-03
2.837938430051241134e+00	1.388155668973922729e-02	2.061921440349331197e-03
2.854716711905431303e+00	1.415608823299407959e-02	2.074535658732805897e-03
2.871494993759621028e+00	1.390912663191556931e-02	2.047719831144660402e-03
2.888273275613811197e+00	1.416449621319770813e-02	2.059048822596364677e-03
2.905051557468000922e+00	1.402960997074842453e-02	2.041666274336012814e-03
2.921829839322190647e+00	1.407699845731258392e-02	2.037787869504197914e-03
2.938608121176380816e+00	1.435026712715625763e-02	2.050421616160233700e-03
2.955386403030570541e+00	1.440415065735578537e-02	2.047220907334953034e-03
2.972164684884760710e+00	1.436483766883611679e-02	2.037121865947287645e-03
2.988942966738950435e+00	1.446536276489496231e-02	2.037413863495061116e-03
3.005721248593140604e+00	1.449595950543880463e-02	2.032731882888845227e-03
3.022499530447330329e+00	1.443662960082292557e-02	2.021777263078821524e-03
3.039277812301520498e+00	1.440076343715190887e-02	2.012330911182657212e-03
3.056056094155710223e+00	1.446656789630651474e-02	2.010720203144625382e-03
3.072834376009899948e+00	1.449528895318508148e-02	2.005933032587193035e-03
3.089612657864090117e+00	1.455272827297449112e-02	2.003854664465616435e-03
3.106390939718279842e+00	1.459215581417083740e-02	2.000141548689948062e-03
3.123169221572470011e+00	1.443905290216207504e-02	2.007193575265818052e-03
3.139947503426659736e+00	1.462967600673437119e-02	2.030760204507207987e-03
3.156725785280849905e+00	1.444836426526308060e-02	2.024527379043624970e-03
3.173504067135039630e+00	1.445534173399209976e-02	2.029521490396690980e-03
3.190282348989229799e+00	1.429251767694950104e-02	2.021223166839991852e-03
3.207060630843419524e+00	1.423030253499746323e-02	2.018942554858369886e-03
3.223838912697609249e+00	1.427096500992774963e-02	2.023224977120754650e-03
3.240617194551799418e+00	1.433597970753908157e-02	2.028766237192715111e-03
3.257395476405989143e+00	1.400090567767620087e-02	2.005139315690274236e-03
3.274173758260179312e+00	1.413144730031490326e-02	1.993692875305217230e-03
3.290952040114369037e+00	1.408001221716403961e-02	1.970844089703554288e-03
3.307730321968559206e+00	1.394984964281320572e-02	1.947983752447536273e-03
3.324508603822748931e+00	1.377514842897653580e-02	1.924680655889295360e-03
3.341286885676939100e+00	1.365096867084503174e-02	1.906443953706484298e-03
3.358065167531128825e+00	1.333040930330753326e-02	1.875070984238191114e-03
3.374843449385318994e+00	1.338496711105108261e-02	1.871027106203470864e-03
3.391621731239508719e+00	1.343788113445043564e-02	1.867331921300702680e-03
3.408400013093698444e+00	1.313408371061086655e-02	1.838874688991258034e-03
3.425178294947888613e+00	1.306184381246566772e-02	1.827007716476500591e-03
3.441956576802078338e+00	1.286527700722217560e-02	1.806460998124854219e-03
3.458734858656268507e+00	1.287134643644094467e-02	1.800864722869119491e-03
3.475513140510458232e+00	1.273060217499732971e-02	1.784832131357276487e-03
3.492291422364648401e+00	1.245231833308935165e-02	1.759077824039943436e-03
3.509069704218838126e+00	1.226992160081863403e-02	1.740522084609600131e-03
3.525847986073028295e+00	1.213918533176183701e-02	1.725382535918284490e-03
3.542626267927218020e+00	1.200670376420021057e-02	1.710640421694637359e-03
3.559404549781407745e+00	1.192313060164451599e-02	1.699389494742805035e-03
3.576182831635597914e+00	1.161122880876064301e-02	1.671443237684640303e-03
3.592961113489787639e+00	1.149189099669456482e-02	1.657971516731857661e-03
3.609739395343977808e+00	1.117862015962600708e-02	1.630068424931150088e-03
3.626517677198167533e+00	1.108308043330907822e-02	1.618098559863806679e-03
3.643295959052357702e+00	1.097068283706903458e-02	1.605479430481648959e-03
3.660074240906547427e+00	1.051226351410150528e-02	1.566394365437793123e-03
3.676852522760737596e+00	1.033339928835630417e-02	1.548283855234371727e-03
3.693630804614927321e+00	1.043431926518678665e-02	1.551757151582233924e-03
3.710409086469117046e+00	1.019239891320466995e-02	1.529196216761639915e-03
3.727187368323307215e+00	1.008104998618364334e-02	1.516546212089845596e-03
3.743965650177496940e+00	9.892362169921398163e-03	1.498008186457053898e-03
3.760743932031687109e+00	9.784582071006298065e-03	1.485868490054228531e-03
3.777522213885876834e+00	9.467276744544506073e-03	1.457592516943350498e-03
3.794300495740067003e+00	9.382238611578941345e-03	1.447420327072596914e-03
3.811078777594256728e+00	8.980737067759037018e-03	1.411925442817956637e-03
3.827857059448446897e+00	8.500960655510425568e-03	1.369729604046813305e-03
3.844635341302636622e+00	8.560536429286003113e-03	1.371136121661621979e-03
3.861413623156826347e+00	8.191199973225593567e-03	1.337539655732148487e-03
3.878191905011016516e+00	7.870588451623916626e-03	1.307347325139354829e-03
3.894970186865206241e+00	7.587640546262264252e-03	1.280170496053884780e-03
3.911748468719396410e+00	7.317390292882919312e-03	1.253804009574257692e-03
3.928526750573586135e+00	7.240790873765945435e-03	1.244094840932265722e-03
3.945305032427776304e+00	6.960172206163406372e-03	1.216387448326613444e-03
3.962083314281966029e+00	7.096305023878812790e-03	1.225480998953117420e-03
3.978861596136156198e+00	6.817893125116825104e-03	1.198191898892862414e-03
3.995639877990345923e+00	6.623241119086742401e-03	1.177658047267858077e-03
4.012418159844536092e+00	6.264287047088146210e-03	1.142169698214663123e-03
4.029196441698726261e+00	6.338268984109163284e-03	1.146196805222218264e-03
4.045974723552915542e+00	6.285617593675851822e-03	1.138640100469195688e-03
4.062753005407105711e+00	6.191174499690532684e-03	1.127270605588785160e-03
4.079531287261295880e+00	5.772635806351900101e-03	1.085492656714369918e-03
4.096309569115486049e+00	5.579694174230098724e-03	1.064501588036311733e-03
4.113087850969675330e+00	5.372911226004362106e-03	1.041896482670880099e-03
4.129866132823865499e+00	4.982123617082834244e-03	1.010544430143594076e-03
4.146644414678055668e+00	4.643645603209733963e-03	9.815685204268371957e-04
4.163422696532245837e+00	4.114548210054636002e-03	9.258892270695222000e-04
4.180200978386435118e+00	3.582437755540013313e-03	8.635323889609965208e-04
4.196979260240625287e+00	3.382816910743713379e-03	8.398785852671434085e-04
4.213757542094815456e+00	3.105446929112076759e-03	8.054230151353845802e-04
4.230535823949005625e+00	2.641820814460515976e-03	7.430931901823750654e-04
4.247314105803194906e+00	1.988912699744105339e-03	6.445634320752200190e-04
4.264092387657385075e+00	1.800671801902353764e-03	6.133890920034931402e-04
4.280870669511575244e+00	1.482802210375666618e-03	5.564997194328146586e-04
4.297648951365764525e+00	1.038180664181709290e-03	4.650402028022374121e-04
4.314427233219954694e+00	6.223859381861984730e-04	3.592096080015532746e-04
4.331205515074144863e+00	1.766986679285764694e-04	1.908107115475209342e-04
4.347983796928335032e+00	-8.826811972539871931e-05	nan
4.364762078782524313e+00	-4.276240360923111439e-04	nan
4.381540360636714482e+00	-6.530633545480668545e-04	nan
4.398318642490904651e+00	-8.615525439381599426e-04	nan
4.415096924345094820e+00	-9.221070213243365288e-04	nan
4.431875206199284101e+00	-1.484940294176340103e-03	nan
4.448653488053474270e+00	-1.644907286390662193e-03	nan
4.465431769907664439e+00	-1.892832922749221325e-03	nan
4.482210051761853720e+00	-1.955867512151598930e-03	nan
4.498988333616043889e+00	-2.218377077952027321e-03	nan
4.515766615470234058e+00	-2.478963462635874748e-03	nan
4.532544897324424227e+00	-2.757501089945435524e-03	nan
4.549323179178613508e+00	-2.917080186307430267e-03	nan
4.566101461032803677e+00	-2.895115874707698822e-03	nan
4.582879742886993846e+00	-3.147352952510118484e-03	nan
4.599658024741184015e+00	-3.358062822371721268e-03	nan
4.616436306595373296e+00	-3.489058697596192360e-03	nan
4.633214588449563465e+00	-3.661488881334662437e-03	nan
4.649992870303753634e+00	-3.747517708688974380e-03	nan
4.666771152157942915e+00	-3.904875135049223900e-03	nan
4.683549434012133084e+00	-3.965257201343774796e-03	nan
4.700327715866323253e+00	-4.027513787150382996e-03	nan
4.717105997720513422e+00	-4.112150985747575760e-03	nan
4.733884279574702703e+00	-4.301489330828189850e-03	nan
4.750662561428892872e+00	-4.464251920580863953e-03	nan
4.767440843283083041e+00	-4.622800275683403015e-03	nan
4.784219125137272322e+00	-4.719238728284835815e-03	nan
4.800997406991462491e+00	-4.617663566023111343e-03	nan
4.817775688845652660e+00	-4.729210399091243744e-03	nan
4.834553970699842829e+00	-4.779055248945951462e-03	nan
4.851332252554032110e+00	-4.697761498391628265e-03	nan
4.868110534408222279e+00	-4.964388906955718994e-03	nan
4.884888816262412448e+00	-5.072426050901412964e-03	nan
4.901667098116602617e+00	-4.942820407450199127e-03	nan
4.918445379970791898e+00	-5.096092354506254196e-03	nan
4.935223661824982067e+00	-5.123541690409183502e-03	nan
4.952001943679172236e+00	-5.117295775562524796e-03	nan
4.968780225533361516e+00	-5.090441554784774780e-03	nan
4.985558507387551685e+00	-5.118560045957565308e-03	nan
5.002336789241741855e+00	-5.280084442347288132e-03	nan
5.019115071095932024e+00	-5.045975092798471451e-03	nan
5.035893352950121304e+00	-5.264436826109886169e-03	nan
5.052671634804311473e+00	-5.478750914335250854e-03	nan
5.069449916658501643e+00	-5.195482168346643448e-03	nan
5.086228198512690923e+00	-5.198977421969175339e-03	nan
5.103006480366881092e+00	-5.333038978278636932e-03	nan
5.119784762221071261e+00	-5.212712567299604416e-03	nan
5.136563044075261431e+00	-5.222110543400049210e-03	nan
5.153341325929450711e+00	-5.268338136374950409e-03	nan
5.170119607783640880e+00	-5.206292960792779922e-03	nan
5.186897889637831049e+00	-5.309753119945526123e-03	nan
5.203676171492021219e+00	-5.247131455689668655e-03	nan
5.220454453346210499e+00	-5.253597628325223923e-03	nan
5.237232735200400668e+00	-5.058915354311466217e-03	nan
5.254011017054590837e+00	-5.111461505293846130e-03	nan
5.270789298908780118e+00	-5.010719876736402512e-03	nan
5.287567580762970287e+00	-5.023258738219738007e-03	nan
5.304345862617160456e+00	-5.067987833172082901e-03	nan
5.321124144471350625e+00	-5.073313601315021515e-03	nan
5.337902426325539906e+00	-5.150450393557548523e-03	nan
5.354680708179730075e+00	-4.803829360753297806e-03	nan
5.371458990033920244e+00	-4.866093862801790237e-03	nan
5.388237271888109525e+00	-4.928726702928543091e-03	nan
5.405015553742299694e+00	-4.801312927156686783e-03	nan
5.421793835596489863e+00	-4.909686278551816940e-03	nan
5.438572117450680032e+00	-4.720872268080711365e-03	nan
5.455350399304869313e+00	-4.837753716856241226e-03	nan
5.472128681159059482e+00	-4.558218177407979965e-03	nan
5.488906963013249651e+00	-4.641226958483457565e-03	nan
5.505685244867439820e+00	-4.471270367503166199e-03	nan
5.522463526721629101e+00	-4.686955828219652176e-03	nan
5.539241808575819270e+00	-4.710910841822624207e-03	nan
5.556020090430009439e+00	-4.444852005690336227e-03	nan
5.572798372284198720e+00	-4.284152295440435410e-03	nan
5.589576654138388889e+00	-4.526142030954360962e-03	nan
5.606354935992579058e+00	-4.364181309938430786e-03	nan
5.623133217846769227e+00	-4.255738575011491776e-03	nan
5.639911499700958508e+00	-4.001593682914972305e-03	nan
5.656689781555148677e+00	-4.191572777926921844e-03	nan
5.673468063409338846e+00	-4.273904953151941299e-03	nan
5.690246345263528127e+00	-3.931253682821989059e-03	nan
5.707024627117718296e+00	-3.991055302321910858e-03	nan
5.723802908971908465e+00	-3.977952059358358383e-03	nan
5.740581190826098634e+00	-4.152469802647829056e-03	nan
5.757359472680287915e+00	-4.046111367642879486e-03	nan
5.774137754534478084e+00	-3.797205863520503044e-03	nan
5.790916036388668253e+00	-3.815477248281240463e-03	nan
5.807694318242858422e+00	-3.759516868740320206e-03	nan
5.824472600097047703e+00	-3.680412890389561653e-03	nan
5.841250881951237872e+00	-3.420448396354913712e-03	nan
5.858029163805428041e+00	-3.547621192410588264e-03	nan
5.874807445659617322e+00	-3.748644841834902763e-03	nan
5.891585727513807491e+00	-3.483750391751527786e-03	nan
5.908364009367997660e+00	-3.215619828552007675e-03	nan
5.925142291222187829e+00	-3.469529794529080391e-03	nan
5.941920573076377110e+00	-3.301736665889620781e-03	nan
5.958698854930567279e+00	-3.316615941002964973e-03	nan
5.975477136784757448e+00	-3.187928348779678345e-03	nan
5.992255418638946729e+00	-3.493470372632145882e-03	nan
6.009033700493136898e+00	-3.474427387118339539e-03	nan
6.025811982347327067e+00	-3.419728949666023254e-03	nan
6.042590264201517236e+00	-2.978120697662234306e-03	nan
6.059368546055706517e+00	-3.007778665050864220e-03	nan
6.076146827909896686e+00	-2.871901262551546097e-03	nan
6.092925109764086855e+00	-3.007547464221715927e-03	nan
6.109703391618277024e+00	-2.933139912784099579e-03	nan
6.126481673472466305e+00	-2.867943374440073967e-03	nan
6.143259955326656474e+00	-2.924218075349926949e-03	nan
6.160038237180846643e+00	-2.935383701696991920e-03	nan
6.176816519035035924e+00	-3.276504809036850929e-03	nan
6.193594800889226093e+00	-3.075884189456701279e-03	nan
6.210373082743416262e+00	-2.948104403913021088e-03	nan
6.227151364597606431e+00	-2.399157034233212471e-03	nan
6.243929646451795712e+00	-2.851407974958419800e-03	nan
6.260707928305985881e+00	-2.629794413223862648e-03	nan
6.277486210160176050e+00	-2.530614845454692841e-03	nan
6.294264492014365331e+00	-2.776900772005319595e-03	nan
6.311042773868555500e+00	-2.574722981080412865e-03	nan
6.327821055722745669e+00	-2.476955298334360123e-03	nan
6.344599337576935838e+00	-2.612201962620019913e-03	nan
6.361377619431125119e+00	-2.283803420141339302e-03	nan
6.378155901285315288e+00	-2.231062389910221100e-03	nan
6.394934183139505457e+00	-2.180171897634863853e-03	nan
6.411712464993695626e+00	-2.485450590029358864e-03	nan
6.428490746847884907e+00	-2.415142720565199852e-03	nan
6.445269028702075076e+00	-3.217348363250494003e-03	nan
6.462047310556265245e+00	-2.499731024727225304e-03	nan
6.478825592410454526e+00	-2.170690568163990974e-03	nan
6.495603874264644695e+00	-2.172572072595357895e-03	nan
6.512382156118834864e+00	-1.957934815436601639e-03	nan
6.529160437973025033e+00	-1.992223318666219711e-03	nan
6.545938719827214314e+00	-1.980690285563468933e-03	nan
6.562717001681404483e+00	-2.004907699301838875e-03	nan
6.579495283535594652e+00	-2.637220779433846474e-03	nan
6.596273565389784821e+00	-2.281686291098594666e-03	nan
6.613051847243974102e+00	-2.297587925568223000e-03	nan
6.629830129098164271e+00	-2.801456488668918610e-03	nan
6.646608410952354440e+00	-1.725544687360525131e-03	nan
6.663386692806543721e+00	-1.861208584159612656e-03	nan
6.680164974660733890e+00	-1.875373884104192257e-03	nan
6.696943256514924059e+00	-2.141363453119993210e-03	nan
6.713721538369114228e+00	-1.703472575172781944e-03	nan
6.730499820223303509e+00	-2.218902343884110451e-03	nan
6.747278102077493678e+00	-2.829257166013121605e-03	nan
6.764056383931683847e+00	-1.443378278054296970e-03	nan
6.780834665785873128e+00	-2.127369632944464684e-03	nan
6.797612947640063297e+00	-1.464955043047666550e-03	nan
6.814391229494253466e+00	-3.581009339541196823e-03	nan
6.831169511348443635e+00	-1.044162665493786335e-03	nan
6.847947793202633804e+00	-1.657582237385213375e-03	nan
