# Normalized	8004 eV	195
# q	I	Poisson error
# nm-1	cm-1	cm-1
1.474094802954485084e-01	3.457773590087890625e+01	1.519899715479830826e+00
1.635311411803850590e-01	3.980907821655273438e+01	9.324698193188436512e-01
1.796528020653215818e-01	4.885500335693359375e+01	8.307424731703180187e-01
1.957744629502581324e-01	5.833679199218750000e+01	7.993012507140578871e-01
2.118961238351946830e-01	5.869563674926757812e+01	7.123218791172283293e-01
2.280177847201312336e-01	4.526700210571289062e+01	5.492103226497518920e-01
2.441394456050677841e-01	2.707972908020019531e+01	3.700087630814493100e-01
2.602611064900043347e-01	1.449627017974853516e+01	2.574175096661459605e-01
2.763827673749408298e-01	7.912431240081787109e+00	1.812763779319050139e-01
2.925044282598774359e-01	4.985792160034179688e+00	1.391028160832071259e-01
3.086260891448139310e-01	3.773969888687133789e+00	1.188678722499826729e-01
3.247477500297504815e-01	3.333225011825561523e+00	1.080370173439991199e-01
3.408694109146870321e-01	3.201584815979003906e+00	9.997772485379946561e-02
3.569910717996235827e-01	3.167578697204589844e+00	9.586557721798104337e-02
3.731127326845601333e-01	3.021589994430541992e+00	9.068681730967929899e-02
3.892343935694966284e-01	2.743155956268310547e+00	8.353412317020900146e-02
4.053560544544332345e-01	2.387586116790771484e+00	7.548960439510042641e-02
4.214777153393697295e-01	2.030957460403442383e+00	6.773419782706881220e-02
4.375993762243063356e-01	1.706565260887145996e+00	6.045098916072352141e-02
4.537210371092428307e-01	1.430407166481018066e+00	5.397785535774482502e-02
4.698426979941794368e-01	1.184471368789672852e+00	4.795469335090712243e-02
4.859643588791159319e-01	9.885399937629699707e-01	4.269299443621434043e-02
5.020860197640524270e-01	8.346942663192749023e-01	3.828402017846034566e-02
5.182076806489890330e-01	7.138013839721679688e-01	3.469044990269432027e-02
5.343293415339255281e-01	6.168031096458435059e-01	3.162815364486948333e-02
5.504510024188621342e-01	5.365782976150512695e-01	2.968781271225906862e-02
5.665726633037986293e-01	4.724043011665344238e-01	2.802389259491383858e-02
5.826943241887352354e-01	4.136534631252288818e-01	2.616543407342316468e-02
5.988159850736717305e-01	3.659747540950775146e-01	2.448877184464902032e-02
6.149376459586082255e-01	3.247056901454925537e-01	2.283978802102812691e-02
6.310593068435448316e-01	2.910375297069549561e-01	2.137581781510467654e-02
6.471809677284813267e-01	2.630884647369384766e-01	2.017142814440642598e-02
6.633026286134179328e-01	2.401237338781356812e-01	1.914085881049766222e-02
6.794242894983544279e-01	2.219362854957580566e-01	1.828096095808389235e-02
6.955459503832910340e-01	2.046715170145034790e-01	1.710680867682093723e-02
7.116676112682275290e-01	1.901527345180511475e-01	1.594251031248064901e-02
7.277892721531641351e-01	1.748258918523788452e-01	1.495812511028130586e-02
7.439109330381006302e-01	1.586020886898040771e-01	1.400355201354924750e-02
7.600325939230372363e-01	1.430782377719879150e-01	1.313651033334606137e-02
7.761542548079737314e-01	1.294085979461669922e-01	1.231470795197316462e-02
7.922759156929103375e-01	1.156014725565910339e-01	1.146612274218927752e-02
8.083975765778468325e-01	1.046286895871162415e-01	1.075463998186658790e-02
8.245192374627833276e-01	9.469974786043167114e-02	1.009512590873184491e-02
8.406408983477199337e-01	8.693384379148483276e-02	9.548969924879748342e-03
8.567625592326564288e-01	8.042256534099578857e-02	9.070514642335290867e-03
8.728842201175930349e-01	7.593488693237304688e-02	8.711341341999950111e-03
8.890058810025295299e-01	7.280593365430831909e-02	8.432754660176414174e-03
9.051275418874661360e-01	6.964182108640670776e-02	8.158067163103636249e-03
9.212492027724026311e-01	6.671067327260971069e-02	7.900988281938350552e-03
9.373708636573391262e-01	6.369298696517944336e-02	7.639459159384328138e-03
9.534925245422757323e-01	6.008991971611976624e-02	7.344379708061518110e-03
9.696141854272122274e-01	5.693282932043075562e-02	7.076613238743599370e-03
9.857358463121488334e-01	5.337312817573547363e-02	6.781305742457394668e-03
1.001857507197085217e+00	4.953349381685256958e-02	6.471597863758333895e-03
1.017979168082021824e+00	4.644365981221199036e-02	6.207204239488681510e-03
1.034100828966958430e+00	4.336013644933700562e-02	5.940584263799729078e-03
1.050222489851894814e+00	4.096825793385505676e-02	5.723657657783974041e-03
1.066344150736831420e+00	3.933795914053916931e-02	5.559591191815688345e-03
1.082465811621768026e+00	3.756932169198989868e-02	5.386109150001736762e-03
1.098587472506704632e+00	3.654668480157852173e-02	5.268173100079783129e-03
1.114709133391641016e+00	3.543208912014961243e-02	5.145301093461139563e-03
1.130830794276577622e+00	3.438039869070053101e-02	5.031071761229083047e-03
1.146952455161514228e+00	3.324926272034645081e-02	4.914631148401351138e-03
1.163074116046450612e+00	3.220298141241073608e-02	4.896502425334806063e-03
1.179195776931387218e+00	3.155792877078056335e-02	4.878855425827705213e-03
1.195317437816323825e+00	3.113278932869434357e-02	4.840178481968993029e-03
1.211439098701260209e+00	3.072202205657958984e-02	4.804342423453063053e-03
1.227560759586196815e+00	3.141792491078376770e-02	4.857265746695426344e-03
1.243682420471133421e+00	3.253153339028358459e-02	4.939155960538403785e-03
1.259804081356070027e+00	3.269814327359199524e-02	4.945579083390353077e-03
1.275925742241006411e+00	3.047363087534904480e-02	4.764675189185094140e-03
1.292047403125943017e+00	2.803248725831508636e-02	4.559470476993153672e-03
1.308169064010879623e+00	2.655370160937309265e-02	4.346726540818995031e-03
1.324290724895816007e+00	2.560586296021938324e-02	4.185915339497437229e-03
1.340412385780752613e+00	2.488435804843902588e-02	4.088581039049377433e-03
1.356534046665689219e+00	2.397410571575164795e-02	3.985943553718220185e-03
1.372655707550625825e+00	2.307420223951339722e-02	3.887578787618188592e-03
1.388777368435562209e+00	2.272655628621578217e-02	3.837552302466339885e-03
1.404899029320498816e+00	2.240709029138088226e-02	3.792188407110528604e-03
1.421020690205435422e+00	2.193750627338886261e-02	3.733580637618967839e-03
1.437142351090372028e+00	2.186496555805206299e-02	3.709647365760533350e-03
1.453264011975308412e+00	2.165851742029190063e-02	3.675174157123871875e-03
1.469385672860245018e+00	2.080525644123554230e-02	3.585770680880900549e-03
1.485507333745181624e+00	2.107820287346839905e-02	3.593795414758750670e-03
1.501628994630118008e+00	2.103965543210506439e-02	3.574695796767911327e-03
1.517750655515054614e+00	2.084156312048435211e-02	3.543247520595263315e-03
1.533872316399991220e+00	2.067505940794944763e-02	3.513744453294163558e-03
1.549993977284927826e+00	2.068313397467136383e-02	3.495084483457310941e-03
1.566115638169864210e+00	2.034807205200195312e-02	3.442943678868420638e-03
1.582237299054800816e+00	2.054611593484878540e-02	3.428365532284745852e-03
1.598358959939737423e+00	2.081499248743057251e-02	3.415602191722068998e-03
1.614480620824673807e+00	2.043370157480239868e-02	3.350602032186688044e-03
1.630602281709610413e+00	2.027444541454315186e-02	3.308492313829150717e-03
1.646723942594547019e+00	2.068420313298702240e-02	3.314064936482797371e-03
1.662845603479483625e+00	2.070672251284122467e-02	3.289426463232353760e-03
1.678967264364420009e+00	2.070832997560501099e-02	3.260854653698152562e-03
1.695088925249356615e+00	2.085434459149837494e-02	3.245204564571988349e-03
1.711210586134293221e+00	2.107614651322364807e-02	3.237044385693165459e-03
1.727332247019229605e+00	2.104111574590206146e-02	3.210897006065676056e-03
1.743453907904166211e+00	2.119404822587966919e-02	3.203500878565037745e-03
1.759575568789102817e+00	2.123287133872509003e-02	3.189665288852048999e-03
1.775697229674039423e+00	2.164364978671073914e-02	3.204406247264111017e-03
1.791818890558975808e+00	2.162497118115425110e-02	3.187601868782803920e-03
1.807940551443912414e+00	2.176452241837978363e-02	3.181129734431581944e-03
1.824062212328849020e+00	2.208778820931911469e-02	3.188957593107082621e-03
1.840183873213785404e+00	2.217096649110317230e-02	3.179417687136608817e-03
1.856305534098722010e+00	2.223927900195121765e-02	3.169483249924498914e-03
1.872427194983658616e+00	2.240270562469959259e-02	3.165872642672128319e-03
1.888548855868595222e+00	2.252755314111709595e-02	3.159460291860485218e-03
1.904670516753531606e+00	2.284257672727108002e-02	3.166776704686537040e-03
1.920792177638468212e+00	2.289875969290733337e-02	3.156275308374198625e-03
1.936913838523404818e+00	2.321485430002212524e-02	3.163721142810607505e-03
1.953035499408341202e+00	2.361541986465454102e-02	3.177289705200967741e-03
1.969157160293277808e+00	2.359611913561820984e-02	3.161566760653335226e-03
1.985278821178214415e+00	2.414741180837154388e-02	3.185321621757222603e-03
2.001400482063151021e+00	2.423989586532115936e-02	3.177076426953169899e-03
2.017522142948087627e+00	2.435687556862831116e-02	3.171623198618203198e-03
2.033643803833024233e+00	2.466136217117309570e-02	3.177559694146266014e-03
2.049765464717960839e+00	2.483816072344779968e-02	3.175835130900023142e-03
2.065887125602897445e+00	2.505110576748847961e-02	3.175877568763052407e-03
2.082008786487833607e+00	2.518002130091190338e-02	3.171224070038320027e-03
2.098130447372770213e+00	2.540935948491096497e-02	3.172883763822080278e-03
2.114252108257706819e+00	2.590852417051792145e-02	3.191438703466648649e-03
2.130373769142643425e+00	2.608432993292808533e-02	3.189152278109129261e-03
2.146495430027580031e+00	2.602330781519412994e-02	3.171824248209988758e-03
2.162617090912516193e+00	2.624903805553913116e-02	3.173520086581370966e-03
2.178738751797452800e+00	2.665827609598636627e-02	3.185676743595142191e-03
2.194860412682389406e+00	2.678915485739707947e-02	3.181349365669973450e-03
2.210982073567326012e+00	2.689516358077526093e-02	3.175066061096868709e-03
2.227103734452262618e+00	2.720363624393939972e-02	3.181466477226009993e-03
2.243225395337199224e+00	2.745634317398071289e-02	3.184281587485167462e-03
2.259347056222135830e+00	2.767122723162174225e-02	3.184554841402155445e-03
2.275468717107071992e+00	2.780461125075817108e-02	3.180383863990031163e-03
2.291590377992008598e+00	2.823950722813606262e-02	3.193741285780780925e-03
2.307712038876945204e+00	2.830608747899532318e-02	3.181725715826574930e-03
2.323833699761881810e+00	2.859892882406711578e-02	3.183933484685246267e-03
2.339955360646818416e+00	2.872011438012123108e-02	3.178893408942529055e-03
2.356077021531755022e+00	2.892347611486911774e-02	3.178736976580006247e-03
2.372198682416691629e+00	2.899870090186595917e-02	3.171524507499349620e-03
2.388320343301627791e+00	2.919565699994564056e-02	3.195002974658578843e-03
2.404442004186564397e+00	2.951631322503089905e-02	3.241183932026726541e-03
2.420563665071501003e+00	2.984685450792312622e-02	3.270504309686329564e-03
2.436685325956437609e+00	3.003608807921409607e-02	3.288990091868486225e-03
2.452806986841374215e+00	3.016107156872749329e-02	3.301712918441323044e-03
2.468928647726310821e+00	3.007127530872821808e-02	3.300958070333679523e-03
2.485050308611247427e+00	3.068430535495281219e-02	3.337142843884604530e-03
2.501171969496183589e+00	3.075063601136207581e-02	3.342813506774709037e-03
2.517293630381120195e+00	3.082657419145107269e-02	3.347520765224254284e-03
2.533415291266056801e+00	3.086016327142715454e-02	3.329185456984842459e-03
2.549536952150993407e+00	3.113860078155994415e-02	3.297776753339220959e-03
2.565658613035930014e+00	3.128116577863693237e-02	3.280467968240759723e-03
2.581780273920866620e+00	3.160406276583671570e-02	3.275257485004318993e-03
2.597901934805803226e+00	3.182300552725791931e-02	3.267834549417098031e-03
2.614023595690739388e+00	3.209438920021057129e-02	3.264909677445451165e-03
2.630145256575675994e+00	3.192374482750892639e-02	3.239869018301267008e-03
2.646266917460612600e+00	3.216990083456039429e-02	3.237054175271664863e-03
2.662388578345549206e+00	3.239589184522628784e-02	3.234509108185786713e-03
2.678510239230485812e+00	3.247226029634475708e-02	3.224263987167880641e-03
2.694631900115422418e+00	3.273848444223403931e-02	3.224597768347088698e-03
2.710753561000359024e+00	3.294169157743453979e-02	3.222297715795190750e-03
2.726875221885295630e+00	3.283198177814483643e-02	3.204059938098376310e-03
2.742996882770231792e+00	3.306245803833007812e-02	3.203373354248470212e-03
2.759118543655168398e+00	3.336113318800926208e-02	3.205216069461573093e-03
2.775240204540105005e+00	3.338367864489555359e-02	3.194555210730340260e-03
2.791361865425041611e+00	3.347157686948776245e-02	3.187425608313194762e-03
2.807483526309978217e+00	3.364697843790054321e-02	3.184578149739908815e-03
2.823605187194914823e+00	3.385342657566070557e-02	3.183289955451284667e-03
2.839726848079851429e+00	3.375860303640365601e-02	3.167833069170723943e-03
2.855848508964787591e+00	3.398916125297546387e-02	3.167747576256185402e-03
2.871970169849724197e+00	3.423963487148284912e-02	3.169034513115670439e-03
2.888091830734660803e+00	3.432798385620117188e-02	3.162658787999345078e-03
2.904213491619597409e+00	3.428563103079795837e-02	3.150290713556738471e-03
2.920335152504534015e+00	3.435845673084259033e-02	3.143076663084732811e-03
2.936456813389470621e+00	3.427179530262947083e-02	3.129343834031548394e-03
2.952578474274407228e+00	3.462162241339683533e-02	3.135172993556006003e-03
2.968700135159343390e+00	3.460086509585380554e-02	3.124782338765278843e-03
2.984821796044279996e+00	3.471310436725616455e-02	3.120005243216177580e-03
3.000943456929216602e+00	3.474054858088493347e-02	3.148791783316438799e-03
3.017065117814153208e+00	3.486759960651397705e-02	3.170367760090851694e-03
3.033186778699089814e+00	3.504245355725288391e-02	3.188785358704106319e-03
3.049308439584026420e+00	3.490391373634338379e-02	3.189295855828529116e-03
3.065430100468963026e+00	3.499274328351020813e-02	3.198692528595929556e-03
3.081551761353899188e+00	3.484948351979255676e-02	3.195394321829931033e-03
3.097673422238835794e+00	3.502947837114334106e-02	3.205978582096363685e-03
3.113795083123772400e+00	3.505441173911094666e-02	3.208503746409970426e-03
3.129916744008709006e+00	3.507716581225395203e-02	3.210508525440731228e-03
3.146038404893645613e+00	3.498446568846702576e-02	3.173238891378183171e-03
3.162160065778582219e+00	3.509372100234031677e-02	3.148074622345565111e-03
3.178281726663518825e+00	3.510041162371635437e-02	3.126831749481717628e-03
3.194403387548454987e+00	3.490308672189712524e-02	3.100481967168567873e-03
3.210525048433391593e+00	3.509245440363883972e-02	3.094033716646133001e-03
3.226646709318328199e+00	3.511896356940269470e-02	3.081434011037352105e-03
3.242768370203264805e+00	3.514768183231353760e-02	3.069866998463142115e-03
3.258890031088201411e+00	3.483908623456954956e-02	3.043990196632161398e-03
3.275011691973138017e+00	3.495534136891365051e-02	3.037960255902763529e-03
3.291133352858074623e+00	3.488707914948463440e-02	3.023921811406030200e-03
3.307255013743010785e+00	3.491025790572166443e-02	3.014197507351094006e-03
3.323376674627947391e+00	3.484825417399406433e-02	3.001523546698054313e-03
3.339498335512883997e+00	3.506917878985404968e-02	3.001328684864742764e-03
3.355619996397820604e+00	3.500982001423835754e-02	2.988935661916392213e-03
3.371741657282757210e+00	3.509073704481124878e-02	2.983314831442127751e-03
3.387863318167693816e+00	3.504852950572967529e-02	2.971787790669415397e-03
3.403984979052630422e+00	3.492297232151031494e-02	2.957514529450820055e-03
3.420106639937566584e+00	3.506788611412048340e-02	2.954913890259171054e-03
3.436228300822503190e+00	3.491935506463050842e-02	2.939401151035655677e-03
3.452349961707439796e+00	3.506542369723320007e-02	2.937463034487317048e-03
3.468471622592376402e+00	3.498040139675140381e-02	2.925296896103869466e-03
3.484593283477313008e+00	3.513528034090995789e-02	2.923262000648073431e-03
3.500714944362249614e+00	3.505076095461845398e-02	2.912008748791952272e-03
3.516836605247186220e+00	3.518827259540557861e-02	2.909319276703966652e-03
3.532958266132122382e+00	3.522479534149169922e-02	2.902510798363732401e-03
3.549079927017058989e+00	3.520970419049263000e-02	2.894189405799612799e-03
3.565201587901995595e+00	3.536680340766906738e-02	2.893006949508097198e-03
3.581323248786932201e+00	3.527393192052841187e-02	2.881329221448749710e-03
3.597444909671868807e+00	3.538531810045242310e-02	2.878312895295268969e-03
3.613566570556805413e+00	3.577211126685142517e-02	2.887137605922763910e-03
3.629688231441742019e+00	3.600207716226577759e-02	2.889595176034121752e-03
3.645809892326678181e+00	3.607006371021270752e-02	2.885510172785871966e-03
3.661931553211614787e+00	3.647641837596893311e-02	2.894666002563543294e-03
3.678053214096551393e+00	3.653365746140480042e-02	2.889878260531059638e-03
3.694174874981487999e+00	3.697697818279266357e-02	2.900732162497069236e-03
3.710296535866424605e+00	3.739495575428009033e-02	2.910567756884372640e-03
3.726418196751361211e+00	3.777521103620529175e-02	2.918341023184215042e-03
3.742539857636297818e+00	3.844176232814788818e-02	2.937701486902768999e-03
3.758661518521233980e+00	3.881946951150894165e-02	2.945504325876468869e-03
3.774783179406170586e+00	3.937652707099914551e-02	2.960145423618091524e-03
3.790904840291107192e+00	3.961396962404251099e-02	2.962063196495815735e-03
3.807026501176043798e+00	4.012367874383926392e-02	2.974798362368554286e-03
3.823148162060980404e+00	4.071277752518653870e-02	2.990674205679564549e-03
3.839269822945917010e+00	4.121773689985275269e-02	3.002071668196999287e-03
3.855391483830853616e+00	4.197055101394653320e-02	3.023198538982029091e-03
3.871513144715790222e+00	4.245957359671592712e-02	3.034166142288139204e-03
3.887634805600726384e+00	4.302453994750976562e-02	3.047843758629566885e-03
3.903756466485662990e+00	4.366891086101531982e-02	3.064257507952310774e-03
3.919878127370599596e+00	4.440503939986228943e-02	3.083801156048649860e-03
3.935999788255536203e+00	4.496196284890174866e-02	3.096712691609790000e-03
3.952121449140472809e+00	4.543184861540794373e-02	3.106256361606385408e-03
3.968243110025409415e+00	4.571301117539405823e-02	3.139455052381030266e-03
3.984364770910346021e+00	4.584451392292976379e-02	3.163998891000045777e-03
4.000486431795282627e+00	4.604323208332061768e-02	3.179455513696749502e-03
4.016608092680218789e+00	4.625668749213218689e-02	3.187630397572739378e-03
4.032729753565155839e+00	4.607197642326354980e-02	3.184612590854034829e-03
4.048851414450092001e+00	4.573738947510719299e-02	3.176508193520005338e-03
4.064973075335029051e+00	4.501499980688095093e-02	3.153393352382237100e-03
4.081094736219965213e+00	4.439269006252288818e-02	3.132996162617837903e-03
4.097216397104902263e+00	4.364417865872383118e-02	3.106991139517443091e-03
4.113338057989838425e+00	4.266682639718055725e-02	3.071953687162834110e-03
4.129459718874774588e+00	4.143857210874557495e-02	3.024906017445230105e-03
4.145581379759711638e+00	4.005718603730201721e-02	2.968711076567221926e-03
4.161703040644647800e+00	3.887368738651275635e-02	2.919501710811597643e-03
4.177824701529583962e+00	3.746644034981727600e-02	2.863326964909802472e-03
4.193946362414521012e+00	3.612968698143959045e-02	2.809431752369582255e-03
4.210068023299457174e+00	3.489255532622337341e-02	2.760603111251345738e-03
4.226189684184394224e+00	3.353689983487129211e-02	2.735207946848654086e-03
4.242311345069330386e+00	3.234108909964561462e-02	2.704509310404939072e-03
4.258433005954267436e+00	3.124856203794479370e-02	2.672022409460942608e-03
4.274554666839203598e+00	3.017151728272438049e-02	2.636187434946084263e-03
4.290676327724139760e+00	2.910503000020980835e-02	2.597944371011703165e-03
4.306797988609076810e+00	2.815979346632957458e-02	2.563279286120362984e-03
4.322919649494012972e+00	2.709835022687911987e-02	2.521228464653173067e-03
4.339041310378950023e+00	2.609785273671150208e-02	2.480994453015492995e-03
4.355162971263886185e+00	2.541596069931983948e-02	2.472140930340120755e-03
4.371284632148823235e+00	2.478021942079067230e-02	2.463053787954732048e-03
4.387406293033759397e+00	2.404830232262611389e-02	2.444697537450821277e-03
4.403527953918695559e+00	2.364149503409862518e-02	2.448930727530034684e-03
4.419649614803632609e+00	2.288994379341602325e-02	2.439452992013760139e-03
4.435771275688568771e+00	2.223746292293071747e-02	2.427339212220254103e-03
4.451892936573505821e+00	2.181237190961837769e-02	2.419485766046329533e-03
4.468014597458441983e+00	2.123803645372390747e-02	2.399007786316459303e-03
4.484136258343379033e+00	2.095171436667442322e-02	2.394402930335631351e-03
4.500257919228315195e+00	2.055815421044826508e-02	2.381891248213359284e-03
4.516379580113251357e+00	2.006663382053375244e-02	2.362134656448767415e-03
4.532501240998188408e+00	1.964394189417362213e-02	2.345331445281161747e-03
4.548622901883124570e+00	1.912534423172473907e-02	2.357929459206060258e-03
4.564744562768061620e+00	1.910722814500331879e-02	2.398528679448775486e-03
4.580866223652997782e+00	1.864113658666610718e-02	2.391290273234522156e-03
4.596987884537934832e+00	1.852412335574626923e-02	2.399796735066824730e-03
4.613109545422870994e+00	1.821772940456867218e-02	2.396038623599459037e-03
4.629231206307807156e+00	1.786675304174423218e-02	2.386223283254712037e-03
4.645352867192744206e+00	1.741871796548366547e-02	2.368195906488536166e-03
4.661474528077680368e+00	1.728229783475399017e-02	2.370605604415127344e-03
4.677596188962617418e+00	1.713272556662559509e-02	2.371237748083752928e-03
4.693717849847553580e+00	1.670530624687671661e-02	2.347834088732791979e-03
4.709839510732490631e+00	1.650243066251277924e-02	2.338027974681999074e-03
4.725961171617426793e+00	1.621210388839244843e-02	2.323222023687900387e-03
4.742082832502362955e+00	1.599845848977565765e-02	2.316643346053667667e-03
4.758204493387300005e+00	1.570762321352958679e-02	2.303835618155114940e-03
4.774326154272236167e+00	1.550635043531656265e-02	2.297348706740824122e-03
4.790447815157173217e+00	1.519954856485128403e-02	2.282432514033178473e-03
4.806569476042109379e+00	1.509238313883543015e-02	2.281938695140468473e-03
4.822691136927046429e+00	1.494707353413105011e-02	2.309300864036891322e-03
4.838812797811982591e+00	1.470257807523012161e-02	2.340786365479064629e-03
4.854934458696918753e+00	1.445023156702518463e-02	2.357203214609513309e-03
4.871056119581855803e+00	1.442254707217216492e-02	2.387182203739409737e-03
4.887177780466791965e+00	1.422561984509229660e-02	2.400213439122369109e-03
4.903299441351729016e+00	1.387665886431932449e-02	2.398046013535781902e-03
4.919421102236665178e+00	1.360301766544580460e-02	2.400622928294905180e-03
4.935542763121602228e+00	1.351403817534446716e-02	2.418562365760207247e-03
4.951664424006538390e+00	1.319797430187463760e-02	2.414242674585159471e-03
4.967786084891474552e+00	1.298432890325784683e-02	2.415660385857038624e-03
4.983907745776411602e+00	1.280823163688182831e-02	2.419279046376503206e-03
5.000029406661347764e+00	1.281562261283397675e-02	2.439919993967709817e-03
5.016151067546284814e+00	1.250682212412357330e-02	2.429397923604035506e-03
5.032272728431220976e+00	1.246234495192766190e-02	2.444281900168487898e-03
5.048394389316158026e+00	1.236963737756013870e-02	2.456186643113088784e-03
5.064516050201094188e+00	1.214706525206565857e-02	2.456822654586088023e-03
5.080637711086030350e+00	1.200864836573600769e-02	2.465873606894260911e-03
5.096759371970967401e+00	1.196782570332288742e-02	2.485512716673855295e-03
5.112881032855903563e+00	1.162557117640972137e-02	2.471628452152827352e-03
5.129002693740840613e+00	1.163463667035102844e-02	2.492512597765423644e-03
5.145124354625776775e+00	1.171244494616985321e-02	2.518607784833764782e-03
5.161246015510713825e+00	1.106632221490144730e-02	2.464615570530693731e-03
5.177367676395649987e+00	1.107162982225418091e-02	2.482725771565390000e-03
5.193489337280586149e+00	1.103812735527753830e-02	2.498331872081617760e-03
5.209610998165523199e+00	1.103381533175706863e-02	2.521103391288693086e-03
5.225732659050459361e+00	1.087314821779727936e-02	2.526222247058610825e-03
5.241854319935396411e+00	1.079948619008064270e-02	2.541347473973774949e-03
5.257975980820332573e+00	1.089855469763278961e-02	2.577470320465354882e-03
5.274097641705269623e+00	1.073032990097999573e-02	2.581850003167178876e-03
5.290219302590205785e+00	1.053575240075588226e-02	2.582959944802261289e-03
5.306340963475142836e+00	1.048030331730842590e-02	2.601233018507492951e-03
5.322462624360078998e+00	1.019809953868389130e-02	2.590804452428458349e-03
5.338584285245015160e+00	9.959129616618156433e-03	2.585573262918152825e-03
5.354705946129952210e+00	1.013722363859415054e-02	2.634891224987229250e-03
5.370827607014888372e+00	1.017357967793941498e-02	2.666551621147038396e-03
5.386949267899825422e+00	1.003292668610811234e-02	2.674906220887166529e-03
5.403070928784761584e+00	9.961048141121864319e-03	2.693904855173531385e-03
5.419192589669698634e+00	1.001857127994298935e-02	2.729077795982520673e-03
5.435314250554634796e+00	9.989561513066291809e-03	2.747990302523985965e-03
5.451435911439570958e+00	9.865897707641124725e-03	2.751975479586957207e-03
5.467557572324508008e+00	9.800990112125873566e-03	2.764255861858719993e-03
5.483679233209444170e+00	9.451560676097869873e-03	2.735197858470708992e-03
5.499800894094381221e+00	9.733846411108970642e-03	2.799374564999649369e-03
5.515922554979317383e+00	9.530548937618732452e-03	2.797083579559928382e-03
5.532044215864254433e+00	9.349959902465343475e-03	2.801336945575893383e-03
5.548165876749190595e+00	9.415904060006141663e-03	2.843334513534158652e-03
5.564287537634126757e+00	9.132839739322662354e-03	2.832588673658689195e-03
5.580409198519063807e+00	8.977773599326610565e-03	2.841625101570653764e-03
5.596530859403999969e+00	9.082609787583351135e-03	2.892663162982911200e-03
5.612652520288937019e+00	9.003983810544013977e-03	2.916671258974416585e-03
5.628774181173873181e+00	8.981363847851753235e-03	2.948328396847257372e-03
5.644895842058810231e+00	8.969794027507305145e-03	2.983776673371906461e-03
5.661017502943746393e+00	8.997940458357334137e-03	3.027623809602370507e-03
5.677139163828682555e+00	8.761822246015071869e-03	3.026960875997831979e-03
5.693260824713619606e+00	8.990348316729068756e-03	3.108164335380488204e-03
5.709382485598555768e+00	8.739931508898735046e-03	3.107010778008578895e-03
5.725504146483492818e+00	8.802854456007480621e-03	3.162468826190415003e-03
5.741625807368428980e+00	8.641891181468963623e-03	3.178933063330894020e-03
5.757747468253366030e+00	8.641069754958152771e-03	3.226266551870411985e-03
5.773869129138302192e+00	8.626806549727916718e-03	3.273097286096181887e-03
5.789990790023238354e+00	8.658246137201786041e-03	3.333781192232173826e-03
5.806112450908175404e+00	8.751543238759040833e-03	3.404522616807282003e-03
5.822234111793111566e+00	8.740873076021671295e-03	3.457578847658491356e-03
5.838355772678048616e+00	8.782290853559970856e-03	3.525839004624573524e-03
5.854477433562984778e+00	8.731108158826828003e-03	3.582122590085666611e-03
5.870599094447921829e+00	8.520700968801975250e-03	3.598729344104707999e-03
5.886720755332857991e+00	8.564136922359466553e-03	3.675753213427961422e-03
5.902842416217794153e+00	8.188100531697273254e-03	3.664556629764239692e-03
5.918964077102731203e+00	8.270227350294589996e-03	3.757520481702562257e-03
5.935085737987667365e+00	8.192284964025020599e-03	3.818705689534802883e-03
5.951207398872604415e+00	8.417861536145210266e-03	3.956468991762386068e-03
5.967329059757540577e+00	8.251008577644824982e-03	4.006516089243927249e-03
5.983450720642477627e+00	8.098917081952095032e-03	4.063857714274717210e-03
5.999572381527413789e+00	7.893279194831848145e-03	4.112821343598481276e-03
6.015694042412349951e+00	8.439017459750175476e-03	4.364574361456208251e-03
6.031815703297287001e+00	8.359215222299098969e-03	4.463894825633425711e-03
6.047937364182223163e+00	8.119706064462661743e-03	4.528323828033529660e-03
6.064059025067160213e+00	8.002837188541889191e-03	4.634489722502092325e-03
6.080180685952096376e+00	7.656568195670843124e-03	4.706249461098240341e-03
6.096302346837033426e+00	7.476403843611478806e-03	4.873221574593505218e-03
6.112424007721969588e+00	7.736279163509607315e-03	5.212380348711346222e-03
6.128545668606905750e+00	7.742260582745075226e-03	5.579625644397548725e-03
6.144667329491842800e+00	8.098646067082881927e-03	5.995219104607265974e-03
6.160788990376778962e+00	7.908550091087818146e-03	6.139508006107795811e-03
6.176910651261716012e+00	7.909562438726425171e-03	6.323211050428752776e-03
6.193032312146652174e+00	8.172436617314815521e-03	6.562076682895748650e-03
6.209153973031589224e+00	8.015239611268043518e-03	6.638613472447943420e-03
6.225275633916525386e+00	7.967902347445487976e-03	6.769203511170445928e-03
6.241397294801461548e+00	8.058072999119758606e-03	6.968039366813129007e-03
6.257518955686398598e+00	8.050366304814815521e-03	7.135739451592099970e-03
6.273640616571334760e+00	8.569382131099700928e-03	7.552370993116883091e-03
6.289762277456271811e+00	7.833650335669517517e-03	7.427782726086636957e-03
6.305883938341207973e+00	7.766658905893564224e-03	7.616022603738907028e-03
6.322005599226145023e+00	7.586732972413301468e-03	7.736045716547528331e-03
6.338127260111081185e+00	8.264293894171714783e-03	8.333776425265147086e-03
6.354248920996017347e+00	8.174193091690540314e-03	8.576643814367835433e-03
6.370370581880954397e+00	7.642777170985937119e-03	8.596367694145136060e-03
6.386492242765890559e+00	7.601375225931406021e-03	8.910727790479272548e-03
6.402613903650827609e+00	7.940836250782012939e-03	9.504254471223685247e-03
6.418735564535763771e+00	7.883711718022823334e-03	9.916023334799803704e-03
6.434857225420700821e+00	7.160773966461420059e-03	9.934686665849151721e-03
6.450978886305636983e+00	7.464422844350337982e-03	1.072903138550122815e-02
6.467100547190573145e+00	7.255846168845891953e-03	1.126739666891515140e-02
6.483222208075510196e+00	7.047827355563640594e-03	1.192404716224334041e-02
6.499343868960446358e+00	7.559596560895442963e-03	1.343294763717764115e-02
6.515465529845383408e+00	7.181254215538501740e-03	1.449652910237289247e-02
6.531587190730319570e+00	6.025945767760276794e-03	1.504122414795457281e-02
6.547708851615256620e+00	7.078750059008598328e-03	1.931689348651589519e-02
6.563830512500192782e+00	6.652097683399915695e-03	2.415571007059669553e-02
6.579952173385129832e+00	1.019019074738025665e-02	5.111071328618121967e-02
