# Normalized	8304 eV	195
# q	I	Poisson error
# nm-1	cm-1	cm-1
1.529344028781202680e-01	3.223122024536132812e+01	1.624556961695963420e+00
1.696603047191850566e-01	3.807370376586914062e+01	1.098770702817404077e+00
1.863862065602498452e-01	4.723993682861328125e+01	1.049377547507184483e+00
2.031121084013146616e-01	5.372196197509765625e+01	1.028114516223041175e+00
2.198380102423794225e-01	4.753546905517578125e+01	8.640060087292280588e-01
2.365639120834442388e-01	3.103072929382324219e+01	5.929362954500403404e-01
2.532898139245089997e-01	1.671127700805664062e+01	3.624358440444692686e-01
2.700157157655738160e-01	8.703915596008300781e+00	2.364714651040303317e-01
2.867416176066386324e-01	4.905456542968750000e+00	1.638360946821977859e-01
3.034675194477033933e-01	3.310607433319091797e+00	1.279391895005853041e-01
3.201934212887681541e-01	2.688959836959838867e+00	1.124653196946062694e-01
3.369193231298329705e-01	2.496437311172485352e+00	1.049367424800027732e-01
3.536452249708977869e-01	2.432587385177612305e+00	9.834335801999230520e-02
3.703711268119626032e-01	2.356193304061889648e+00	9.345440810122115916e-02
3.870970286530273641e-01	2.151792049407958984e+00	8.623365321756315538e-02
4.038229304940921249e-01	1.878546714782714844e+00	7.749189737616569984e-02
4.205488323351569413e-01	1.601655364036560059e+00	6.891153658599234733e-02
4.372747341762217577e-01	1.349713444709777832e+00	6.116721755957606199e-02
4.540006360172865185e-01	1.117982506752014160e+00	5.383211659989879661e-02
4.707265378583513349e-01	9.237673282623291016e-01	4.740970721233045415e-02
4.874524396994160957e-01	7.627980709075927734e-01	4.180952704588530161e-02
5.041783415404809121e-01	6.406887173652648926e-01	3.717015555379755282e-02
5.209042433815456175e-01	5.482433438301086426e-01	3.343401507174807719e-02
5.376301452226104338e-01	4.746576845645904541e-01	3.038131554354253638e-02
5.543560470636752502e-01	4.137180447578430176e-01	2.773255461001700867e-02
5.710819489047400666e-01	3.632757067680358887e-01	2.603893562312302457e-02
5.878078507458048829e-01	3.230638206005096436e-01	2.461263046602099949e-02
6.045337525868696993e-01	2.855582833290100098e-01	2.301475790344358063e-02
6.212596544279345157e-01	2.571837902069091797e-01	2.168370711178036273e-02
6.379855562689992210e-01	2.327941358089447021e-01	2.039112548587249801e-02
6.547114581100639263e-01	2.123814076185226440e-01	1.922555181328182081e-02
6.714373599511287427e-01	1.955289691686630249e-01	1.828348164073760954e-02
6.881632617921935591e-01	1.815329045057296753e-01	1.747682679152843047e-02
7.048891636332583754e-01	1.676622033119201660e-01	1.665951625882068979e-02
7.216150654743231918e-01	1.534459143877029419e-01	1.551548167995467874e-02
7.383409673153880082e-01	1.414054632186889648e-01	1.439448673008364953e-02
7.550668691564528245e-01	1.282794922590255737e-01	1.339712162288523786e-02
7.717927709975176409e-01	1.156762540340423584e-01	1.248498409975485821e-02
7.885186728385824573e-01	1.040396466851234436e-01	1.167427368646782419e-02
8.052445746796470516e-01	9.438903629779815674e-02	1.094622730170434835e-02
8.219704765207118680e-01	8.678388595581054688e-02	1.033263960954010005e-02
8.386963783617766843e-01	8.038955181837081909e-02	9.798174055295594265e-03
8.554222802028415007e-01	7.560025900602340698e-02	9.372971892781261152e-03
8.721481820439063171e-01	7.144786417484283447e-02	8.993344090991355413e-03
8.888740838849711334e-01	6.845705956220626831e-02	8.694269687734547392e-03
9.055999857260359498e-01	6.517893821001052856e-02	8.381635029726554678e-03
9.223258875671007662e-01	6.231207028031349182e-02	8.098292487979540447e-03
9.390517894081655825e-01	5.876532942056655884e-02	7.772878720038122434e-03
9.557776912492303989e-01	5.543950200080871582e-02	7.464647584878061383e-03
9.725035930902949932e-01	5.243353918194770813e-02	7.178514155933530400e-03
9.892294949313598096e-01	4.885334521532058716e-02	6.851596017965230594e-03
1.005955396772424626e+00	4.615433141589164734e-02	6.588181443536885416e-03
1.022681298613489442e+00	4.307447373867034912e-02	6.293870373490891880e-03
1.039407200454554259e+00	4.038376361131668091e-02	6.033186780957148186e-03
1.056133102295619075e+00	3.826749324798583984e-02	5.814793649350639623e-03
1.072859004136683891e+00	3.656784445047378540e-02	5.629006847232709970e-03
1.089584905977748708e+00	3.535331785678863525e-02	5.485811653034645616e-03
1.106310807818813524e+00	3.429492190480232239e-02	5.355248166868943963e-03
1.123036709659878118e+00	3.354054689407348633e-02	5.250793860347570223e-03
1.139762611500942935e+00	3.217246755957603455e-02	5.097341832652468700e-03
1.156488513342007751e+00	3.112995065748691559e-02	4.972222808553270444e-03
1.173214415183072568e+00	3.078263998031616211e-02	4.909045778408202380e-03
1.189940317024137384e+00	2.964413166046142578e-02	4.783380394818097757e-03
1.206666218865202200e+00	2.918602526187896729e-02	4.802739668801183151e-03
1.223392120706267017e+00	2.976345643401145935e-02	4.883657605283702081e-03
1.240118022547331833e+00	3.116178698837757111e-02	4.997117045964070796e-03
1.256843924388396649e+00	3.134902194142341614e-02	5.009470225503471173e-03
1.273569826229461466e+00	2.980024740099906921e-02	4.876505459996903144e-03
1.290295728070526282e+00	2.722930721938610077e-02	4.647689013760753808e-03
1.307021629911590876e+00	2.565355412662029266e-02	4.499771468938644492e-03
1.323747531752655693e+00	2.443352155387401581e-02	4.380699918070698508e-03
1.340473433593720509e+00	2.355179563164710999e-02	4.290860735491207507e-03
1.357199335434785326e+00	2.292328327894210815e-02	4.148152393254874414e-03
1.373925237275850142e+00	2.212249115109443665e-02	3.996471837997103704e-03
1.390651139116914958e+00	2.174343355000019073e-02	3.926042173533283476e-03
1.407377040957979775e+00	2.145369723439216614e-02	3.874075768336847966e-03
1.424102942799044591e+00	2.117917872965335846e-02	3.827359104579934352e-03
1.440828844640109407e+00	2.073268033564090729e-02	3.765855957036779496e-03
1.457554746481174002e+00	2.044360153377056122e-02	3.721338395156469862e-03
1.474280648322238818e+00	2.014332078397274017e-02	3.675464455809810283e-03
1.491006550163303634e+00	2.015898749232292175e-02	3.659988849017156796e-03
1.507732452004368451e+00	2.010138146579265594e-02	3.638485951435457659e-03
1.524458353845433267e+00	2.005501277744770050e-02	3.619144104129343956e-03
1.541184255686498084e+00	1.989128813147544861e-02	3.588430897500019708e-03
1.557910157527562900e+00	2.015073597431182861e-02	3.597293382242148195e-03
1.574636059368627716e+00	1.977733522653579712e-02	3.548464226140243989e-03
1.591361961209692533e+00	1.974136568605899811e-02	3.530329405725486647e-03
1.608087863050757127e+00	1.966568268835544586e-02	3.504401718096513546e-03
1.624813764891821943e+00	1.968724839389324188e-02	3.483477685700545404e-03
1.641539666732886760e+00	1.976959966123104095e-02	3.460127062332803757e-03
1.658265568573951576e+00	1.985228992998600006e-02	3.433039166867170831e-03
1.674991470415016392e+00	2.010515704751014709e-02	3.422933492827379999e-03
1.691717372256081209e+00	1.998457312583923340e-02	3.383581678054818544e-03
1.708443274097146025e+00	2.007317915558815002e-02	3.363624916928072486e-03
1.725169175938210842e+00	2.017073519527912140e-02	3.346026010041349905e-03
1.741895077779275658e+00	2.045068144798278809e-02	3.341683852197852890e-03
1.758620979620340474e+00	2.037283778190612793e-02	3.308041786697664324e-03
1.775346881461405069e+00	2.075861394405364990e-02	3.315200618167884854e-03
1.792072783302469885e+00	2.076702378690242767e-02	3.292643312455884996e-03
1.808798685143534701e+00	2.083724737167358398e-02	3.279396975304710651e-03
1.825524586984599518e+00	2.135698311030864716e-02	3.305116083711246138e-03
1.842250488825664334e+00	2.129114791750907898e-02	3.283438844578460188e-03
1.858976390666729150e+00	2.148133702576160431e-02	3.283429828244340768e-03
1.875702292507793967e+00	2.163932844996452332e-02	3.279205667256080130e-03
1.892428194348858783e+00	2.179110236465930939e-02	3.275250817252983986e-03
1.909154096189923600e+00	2.222940512001514435e-02	3.293996142281906733e-03
1.925879998030988194e+00	2.241033315658569336e-02	3.293076678860856234e-03
1.942605899872053010e+00	2.275918051600456238e-02	3.304348288076737299e-03
1.959331801713117827e+00	2.288850396871566772e-02	3.298705442254171952e-03
1.976057703554182643e+00	2.306154742836952209e-02	3.296637189876243899e-03
1.992783605395247459e+00	2.315324172377586365e-02	3.288982499195590870e-03
2.009509507236312054e+00	2.313186228275299072e-02	3.272758205910022717e-03
2.026235409077377092e+00	2.368237823247909546e-02	3.299403387169716224e-03
2.042961310918441686e+00	2.372138015925884247e-02	3.287825293109820565e-03
2.059687212759506725e+00	2.401211112737655640e-02	3.295386553047015277e-03
2.076413114600571319e+00	2.420602366328239441e-02	3.294943905193090886e-03
2.093139016441635913e+00	2.454581484198570251e-02	3.305948355338060151e-03
2.109864918282700952e+00	2.475639060139656067e-02	3.306653007203084159e-03
2.126590820123765546e+00	2.505111880600452423e-02	3.314005003026648886e-03
2.143316721964830585e+00	2.502542361617088318e-02	3.298413847654161311e-03
2.160042623805895179e+00	2.551553212106227875e-02	3.319321989679489913e-03
2.176768525646960217e+00	2.566847577691078186e-02	3.316726029572251207e-03
2.193494427488024812e+00	2.597276121377944946e-02	3.324368350289461354e-03
2.210220329329089850e+00	2.611947059631347656e-02	3.320968075115527610e-03
2.226946231170154444e+00	2.630497887730598450e-02	3.319835222484641100e-03
2.243672133011219483e+00	2.654864266514778137e-02	3.323703138260711374e-03
2.260398034852284077e+00	2.656693756580352783e-02	3.311949133948774177e-03
2.277123936693349116e+00	2.695443481206893921e-02	3.325119656086235765e-03
2.293849838534413710e+00	2.726090326905250549e-02	3.332321111829380459e-03
2.310575740375478304e+00	2.746013924479484558e-02	3.333023684026919804e-03
2.327301642216543343e+00	2.763681858777999878e-02	3.332106792650774921e-03
2.344027544057607937e+00	2.787549979984760284e-02	3.334878279084148908e-03
2.360753445898672975e+00	2.816798351705074310e-02	3.341336069350453637e-03
2.377479347739737570e+00	2.825491502881050110e-02	3.334854425202502491e-03
2.394205249580802608e+00	2.848616242408752441e-02	3.333422212188531450e-03
2.410931151421867202e+00	2.896933071315288544e-02	3.348708690497404199e-03
2.427657053262932241e+00	2.899009734392166138e-02	3.338003004837624636e-03
2.444382955103996835e+00	2.922152541577816010e-02	3.340458972083351890e-03
2.461108856945061429e+00	2.932829409837722778e-02	3.335451753497509740e-03
2.477834758786126468e+00	2.958257310092449188e-02	3.363391665299438667e-03
2.494560660627191062e+00	2.986709959805011749e-02	3.409041858337775229e-03
2.511286562468256101e+00	2.984275482594966888e-02	3.418378091422628710e-03
2.528012464309320695e+00	3.016012348234653473e-02	3.445604143554436682e-03
2.544738366150385733e+00	3.022388741374015808e-02	3.455221091474167724e-03
2.561464267991450328e+00	3.023961558938026428e-02	3.460464274835249945e-03
2.578190169832515366e+00	3.068129904568195343e-02	3.489240211720441749e-03
2.594916071673579960e+00	3.083390183746814728e-02	3.500460483456889049e-03
2.611641973514644555e+00	3.109872899949550629e-02	3.516935525878606833e-03
2.628367875355709593e+00	3.094381839036941528e-02	3.487364646485060105e-03
2.645093777196774187e+00	3.137888386845588684e-02	3.466497289544771213e-03
2.661819679037839226e+00	3.154852241277694702e-02	3.451353162774290460e-03
2.678545580878903820e+00	3.179771080613136292e-02	3.443319713242681303e-03
2.695271482719968859e+00	3.170658648014068604e-02	3.419062441558058836e-03
2.711997384561033453e+00	3.194275125861167908e-02	3.415526997590170085e-03
2.728723286402098491e+00	3.223536536097526550e-02	3.416002892747698697e-03
2.745449188243163086e+00	3.238273411989212036e-02	3.408714444413689197e-03
2.762175090084227680e+00	3.252751007676124573e-02	3.402661239105803266e-03
2.778900991925292718e+00	3.252473101019859314e-02	3.388345809872806910e-03
2.795626893766357313e+00	3.263411298394203186e-02	3.381282090178204958e-03
2.812352795607422351e+00	3.304708376526832581e-02	3.391583104345851935e-03
2.829078697448486945e+00	3.307383507490158081e-02	3.380274545754456336e-03
2.845804599289551984e+00	3.305450826883316040e-02	3.367021119595486715e-03
2.862530501130616578e+00	3.345716372132301331e-02	3.375984280802064169e-03
2.879256402971681617e+00	3.334888070821762085e-02	3.358350615036995689e-03
2.895982304812746211e+00	3.346230462193489075e-02	3.353039608846732512e-03
2.912708206653810805e+00	3.341654315590858459e-02	3.339212150395252064e-03
2.929434108494875844e+00	3.370134159922599792e-02	3.343198073237430359e-03
2.946160010335940438e+00	3.392576426267623901e-02	3.344237581247813239e-03
2.962885912177005476e+00	3.384283557534217834e-02	3.328697401243828780e-03
2.979611814018070071e+00	3.427927196025848389e-02	3.341037877173087464e-03
2.996337715859135109e+00	3.407936170697212219e-02	3.320010305558388029e-03
3.013063617700199703e+00	3.425063937902450562e-02	3.318618741367766831e-03
3.029789519541264742e+00	3.422785550355911255e-02	3.306803154630956997e-03
3.046515421382329336e+00	3.445153310894966125e-02	3.308735117449994757e-03
3.063241323223393930e+00	3.450990095734596252e-02	3.301239376569548196e-03
3.079967225064458969e+00	3.446489572525024414e-02	3.289512523644536231e-03
3.096693126905523563e+00	3.442996740341186523e-02	3.277777897422024661e-03
3.113419028746588602e+00	3.468289598822593689e-02	3.318231371737575229e-03
3.130144930587653196e+00	3.471169993281364441e-02	3.335348657779882778e-03
3.146870832428718234e+00	3.451987355947494507e-02	3.335597056983741985e-03
3.163596734269782829e+00	3.448162972927093506e-02	3.340554171112809171e-03
3.180322636110847867e+00	3.471396863460540771e-02	3.357863309977851107e-03
3.197048537951912461e+00	3.473895788192749023e-02	3.362590195658522307e-03
3.213774439792977056e+00	3.467463701963424683e-02	3.361349127426806541e-03
3.230500341634042094e+00	3.472252562642097473e-02	3.365194669845278808e-03
3.247226243475106688e+00	3.457695990800857544e-02	3.358522950888486510e-03
3.263952145316171727e+00	3.479852899909019470e-02	3.337265523032755844e-03
3.280678047157236321e+00	3.458092361688613892e-02	3.295982283173923364e-03
3.297403948998301360e+00	3.474848344922065735e-02	3.283136695300366194e-03
3.314129850839365954e+00	3.484595194458961487e-02	3.270806355141300716e-03
3.330855752680430992e+00	3.482687100768089294e-02	3.254817649210388266e-03
3.347581654521495587e+00	3.467686101794242859e-02	3.233531846722881471e-03
3.364307556362560625e+00	3.470624610781669617e-02	3.222229218651921721e-03
3.381033458203625219e+00	3.452213853597640991e-02	3.201051475660087603e-03
3.397759360044689814e+00	3.478543460369110107e-02	3.202993392686364661e-03
3.414485261885754852e+00	3.492910042405128479e-02	3.199139395852654624e-03
3.431211163726819446e+00	3.506792709231376648e-02	3.195224638945417823e-03
3.447937065567884485e+00	3.479619324207305908e-02	3.171903362636326572e-03
3.464662967408949079e+00	3.484860062599182129e-02	3.164551378136529723e-03
3.481388869250014118e+00	3.508762270212173462e-02	3.166482860133722470e-03
3.498114771091078712e+00	3.498392924666404724e-02	3.152258273535185618e-03
3.514840672932143750e+00	3.510397300124168396e-02	3.148419055028052384e-03
3.531566574773208345e+00	3.501236066222190857e-02	3.135165293040254909e-03
3.548292476614272939e+00	3.528275713324546814e-02	3.139317061442825629e-03
3.565018378455337977e+00	3.537620976567268372e-02	3.134692863755639183e-03
3.581744280296402572e+00	3.543406724929809570e-02	3.129167103190290487e-03
3.598470182137467610e+00	3.557289764285087585e-02	3.127235942613017933e-03
3.615196083978532204e+00	3.592880815267562866e-02	3.135372214319997932e-03
3.631921985819597243e+00	3.597925230860710144e-02	3.130027065179929232e-03
3.648647887660661837e+00	3.635620698332786560e-02	3.139075930759098552e-03
3.665373789501726876e+00	3.672417253255844116e-02	3.147749498188861725e-03
3.682099691342791470e+00	3.681407123804092407e-02	3.144078661464876166e-03
3.698825593183856064e+00	3.738385438919067383e-02	3.162391517614845590e-03
3.715551495024921103e+00	3.770753368735313416e-02	3.169227523787810589e-03
3.732277396865985697e+00	3.822505101561546326e-02	3.184824112359206736e-03
3.749003298707050735e+00	3.910117968916893005e-02	3.216708547506681899e-03
3.765729200548115330e+00	3.936415910720825195e-02	3.221069880979682450e-03
3.782455102389180368e+00	3.982789441943168640e-02	3.234465330668761206e-03
3.799181004230244962e+00	4.031383991241455078e-02	3.248005645634602194e-03
3.815906906071310001e+00	4.088144376873970032e-02	3.265360360365818053e-03
3.832632807912374595e+00	4.155797138810157776e-02	3.287183108779412940e-03
3.849358709753439189e+00	4.217014834284782410e-02	3.306121335844526207e-03
3.866084611594504228e+00	4.274047911167144775e-02	3.322594250064967326e-03
3.882810513435568822e+00	4.344259947538375854e-02	3.344845348005265166e-03
3.899536415276633861e+00	4.402216151356697083e-02	3.361722735223541484e-03
3.916262317117698455e+00	4.460586979985237122e-02	3.378547378084456945e-03
3.932988218958763493e+00	4.519629850983619690e-02	3.395247636071577462e-03
3.949714120799828088e+00	4.586227238178253174e-02	3.415286124184051513e-03
3.966440022640893126e+00	4.626733809709548950e-02	3.424796993794425141e-03
3.983165924481957720e+00	4.646078124642372131e-02	3.424478669211763592e-03
3.999891826323022315e+00	4.667172953486442566e-02	3.425549558169907818e-03
4.016617728164087353e+00	4.686007276177406311e-02	3.425595895472787530e-03
4.033343630005151503e+00	4.671446233987808228e-02	3.412295224640518945e-03
4.050069531846216542e+00	4.631512984633445740e-02	3.388873555796665781e-03
4.066795433687281580e+00	4.585538432002067566e-02	3.363118166691349102e-03
4.083521335528346619e+00	4.505969211459159851e-02	3.323818565566116594e-03
4.100247237369410769e+00	4.406803846359252930e-02	3.276322566134708038e-03
4.116973139210475807e+00	4.294985905289649963e-02	3.252916087887813140e-03
4.133699041051540846e+00	4.178439453244209290e-02	3.223159141104616453e-03
4.150424942892604996e+00	4.074918851256370544e-02	3.187038818901706538e-03
4.167150844733670034e+00	3.943177312612533569e-02	3.130765007010174322e-03
4.183876746574735073e+00	3.799401596188545227e-02	3.071130835210003195e-03
4.200602648415800111e+00	3.679377213120460510e-02	3.021308802686732513e-03
4.217328550256865149e+00	3.522206842899322510e-02	2.952925086546170311e-03
4.234054452097929300e+00	3.400451689958572388e-02	2.898922373916459384e-03
4.250780353938994338e+00	3.247297555208206177e-02	2.828513440013348621e-03
4.267506255780059377e+00	3.145043179392814636e-02	2.780841104345912595e-03
4.284232157621123527e+00	3.033291734755039215e-02	2.726017247638406592e-03
4.300958059462188565e+00	2.910541370511054993e-02	2.662657213832640962e-03
4.317683961303253604e+00	2.821152843534946442e-02	2.615108571777711652e-03
4.334409863144318642e+00	2.735433727502822876e-02	2.570949094169502382e-03
4.351135764985382792e+00	2.646121010184288025e-02	2.524723032698326236e-03
4.367861666826447831e+00	2.552531473338603973e-02	2.477254979676947987e-03
4.384587568667512869e+00	2.496889233589172363e-02	2.474291677832751724e-03
4.401313470508577907e+00	2.425025589764118195e-02	2.453063624285519665e-03
4.418039372349642058e+00	2.386422082781791687e-02	2.445067863697746556e-03
4.434765274190707096e+00	2.312844060361385345e-02	2.414814304355481292e-03
4.451491176031772135e+00	2.264261245727539062e-02	2.396400815729505997e-03
4.468217077872836285e+00	2.208987064659595490e-02	2.372920470394000812e-03
4.484942979713901323e+00	2.181945554912090302e-02	2.364539531926157772e-03
4.501668881554966362e+00	2.121065929532051086e-02	2.336255965856659598e-03
4.518394783396031400e+00	2.083536796271800995e-02	2.336385330197976017e-03
4.535120685237095550e+00	2.043411321938037872e-02	2.333004073022001707e-03
4.551846587078160589e+00	2.007521875202655792e-02	2.328625301825975203e-03
4.568572488919225627e+00	1.972463913261890411e-02	2.330197301512418329e-03
4.585298390760290665e+00	1.938099786639213562e-02	2.336767254602802393e-03
4.602024292601354816e+00	1.906679943203926086e-02	2.338533328725034884e-03
4.618750194442419854e+00	1.866231672465801239e-02	2.326882794433164821e-03
4.635476096283484893e+00	1.822530291974544525e-02	2.309249561430178586e-03
4.652201998124549043e+00	1.811697520315647125e-02	2.313105851116640035e-03
4.668927899965614081e+00	1.773390546441078186e-02	2.296920380659724266e-03
4.685653801806679120e+00	1.298803929239511490e-02	1.957118889264574182e-03
4.702379703647744158e+00	1.652529463171958923e-02	2.229473540745042538e-03
4.719105605488808308e+00	1.688732020556926727e-02	2.296832487171744739e-03
4.735831507329873347e+00	1.700307428836822510e-02	2.344493015894758611e-03
4.752557409170938385e+00	1.653298549354076385e-02	2.331564787537073261e-03
4.769283311012002535e+00	1.623622141778469086e-02	2.324585269030221817e-03
4.786009212853067574e+00	1.602506637573242188e-02	2.324156698958469193e-03
4.802735114694132612e+00	1.582436077296733856e-02	2.321806793556486625e-03
4.819461016535197651e+00	1.550911739468574524e-02	2.309316850955347045e-03
4.836186918376261801e+00	1.508536189794540405e-02	2.287077567583344247e-03
4.852912820217326839e+00	1.509859040379524231e-02	2.298545649481636369e-03
4.869638722058391878e+00	1.478148810565471649e-02	2.279584702887268652e-03
4.886364623899456916e+00	1.446560863405466080e-02	2.258370178979152241e-03
4.903090525740521066e+00	1.445345580577850342e-02	2.263236117947555436e-03
4.919816427581586105e+00	1.412993855774402618e-02	2.245068669712982357e-03
4.936542329422651143e+00	1.406819187104701996e-02	2.248161426279118164e-03
4.953268231263715293e+00	1.392285898327827454e-02	2.244099412360783374e-03
4.969994133104780332e+00	1.389315724372863770e-02	2.249528369194557943e-03
4.986720034945845370e+00	1.362177450209856033e-02	2.233762187561699059e-03
5.003445936786910409e+00	1.331374421715736389e-02	2.243610909364665649e-03
5.020171838627974559e+00	1.313424110412597656e-02	2.275736411832147369e-03
5.036897740469039597e+00	1.287479326128959656e-02	2.287021149450110900e-03
5.053623642310104636e+00	1.272732019424438477e-02	2.303656529219954164e-03
5.070349544151168786e+00	1.258272957056760788e-02	2.317861066745871036e-03
5.087075445992233824e+00	1.244891341775655746e-02	2.331413408718010886e-03
5.103801347833298863e+00	1.228372566401958466e-02	2.340630265504508364e-03
5.120527249674363901e+00	1.209220662713050842e-02	2.346116738456499595e-03
5.137253151515428051e+00	1.213388890027999878e-02	2.373817053908038911e-03
5.153979053356493090e+00	1.198531035333871841e-02	2.379151254600193714e-03
5.170704955197558128e+00	1.188566535711288452e-02	2.388399653694900978e-03
5.187430857038623166e+00	1.173103787004947662e-02	2.391313484199736241e-03
5.204156758879687317e+00	1.164019480347633362e-02	2.400443747115130980e-03
5.220882660720752355e+00	1.142623275518417358e-02	2.395935476917594904e-03
5.237608562561817394e+00	1.123893447220325470e-02	2.395663762066897132e-03
5.254334464402881544e+00	1.115256827324628830e-02	2.408258543137572604e-03
5.271060366243946582e+00	1.113251503556966782e-02	2.428413547307114485e-03
5.287786268085011621e+00	1.095217373222112656e-02	2.430846343221408287e-03
5.304512169926076659e+00	1.074741967022418976e-02	2.428730353118845400e-03
5.321238071767140809e+00	1.065487973392009735e-02	2.436963422142266779e-03
5.337963973608205848e+00	1.046805735677480698e-02	2.431526840494074772e-03
5.354689875449270886e+00	1.059092115610837936e-02	2.463079755813717565e-03
5.371415777290335036e+00	1.031315233558416367e-02	2.446447786346026519e-03
5.388141679131400075e+00	1.022254396229982376e-02	2.454015826424139120e-03
5.404867580972465113e+00	1.027510780841112137e-02	2.482963407767659406e-03
5.421593482813530152e+00	1.024552341550588608e-02	2.502317462800742603e-03
5.438319384654594302e+00	9.991003200411796570e-03	2.492984597661511599e-03
5.455045286495659340e+00	1.010406576097011566e-02	2.530937222311824795e-03
5.471771188336724379e+00	9.985897690057754517e-03	2.539341846646230201e-03
5.488497090177789417e+00	9.877105243504047394e-03	2.549145771655974852e-03
5.505222992018853567e+00	9.662193246185779572e-03	2.544611789272814215e-03
5.521948893859918606e+00	9.610950015485286713e-03	2.562106077655468619e-03
5.538674795700983644e+00	9.567110799252986908e-03	2.581179112018642478e-03
5.555400697542047794e+00	9.354235604405403137e-03	2.576574277828974548e-03
5.572126599383112833e+00	9.281197562813758850e-03	2.591911841743389528e-03
5.588852501224177871e+00	9.429221041500568390e-03	2.639245973472829822e-03
5.605578403065242910e+00	9.224315173923969269e-03	2.637263771695691223e-03
5.622304304906307060e+00	9.261300787329673767e-03	2.668962920451989785e-03
5.639030206747372098e+00	9.192630648612976074e-03	2.680767444007637647e-03
5.655756108588437137e+00	8.966230787336826324e-03	2.666925125483577633e-03
5.672482010429501287e+00	8.853672072291374207e-03	2.670078093283411586e-03
5.689207912270566325e+00	9.245331399142742157e-03	2.750825321615048540e-03
5.705933814111631364e+00	9.067143313586711884e-03	2.746000538943393562e-03
5.722659715952696402e+00	8.944448083639144897e-03	2.753398277366872742e-03
5.739385617793760552e+00	8.974441327154636383e-03	2.788586592739734481e-03
5.756111519634825591e+00	8.937753736972808838e-03	2.813980247065581749e-03
5.772837421475890629e+00	8.701314218342304230e-03	2.807519894678558742e-03
5.789563323316955668e+00	8.682800456881523132e-03	2.837285746898238724e-03
5.806289225158019818e+00	8.662781678140163422e-03	2.867501663530945197e-03
5.823015126999084856e+00	8.853717707097530365e-03	2.935985991576490518e-03
5.839741028840149895e+00	8.543114177882671356e-03	2.917365668785245822e-03
5.856466930681214045e+00	8.741841651499271393e-03	2.988725603211638861e-03
5.873192832522279083e+00	8.589406497776508331e-03	3.000228038460123290e-03
5.889918734363344122e+00	8.513991720974445343e-03	3.025796823558683356e-03
5.906644636204409160e+00	8.656055666506290436e-03	3.092384368744301691e-03
5.923370538045473310e+00	8.325843140482902527e-03	3.073332838689460562e-03
5.940096439886538349e+00	8.301754482090473175e-03	3.111734405316503131e-03
5.956822341727603387e+00	8.295649662613868713e-03	3.155349634497560396e-03
5.973548243568667537e+00	8.258782327175140381e-03	3.194614598149426825e-03
5.990274145409732576e+00	8.506938815116882324e-03	3.292350228866140326e-03
6.007000047250797614e+00	8.572979830205440521e-03	3.359769975335880933e-03
6.023725949091862653e+00	8.427304215729236603e-03	3.382289278731273434e-03
6.040451850932926803e+00	8.054194040596485138e-03	3.358136645183492849e-03
6.057177752773991841e+00	8.263373747467994690e-03	3.460469627087733174e-03
6.073903654615056880e+00	8.057044818997383118e-03	3.480248201644701826e-03
6.090629556456121918e+00	7.961746305227279663e-03	3.517529375257746893e-03
6.107355458297186068e+00	7.946553640067577362e-03	3.579436270963409338e-03
6.124081360138251107e+00	8.105005137622356415e-03	3.686036964946089785e-03
6.140807261979316145e+00	7.715430576354265213e-03	3.666920977611399981e-03
6.157533163820380295e+00	7.916596718132495880e-03	3.792862027199679718e-03
6.174259065661445334e+00	8.004292845726013184e-03	3.897274452778133613e-03
6.190984967502510372e+00	8.044386282563209534e-03	3.995705922091660409e-03
6.207710869343575411e+00	7.854279130697250366e-03	4.040687756562899406e-03
6.224436771184639561e+00	7.848052307963371277e-03	4.139924585249725973e-03
6.241162673025704599e+00	7.965009659528732300e-03	4.279178693933315993e-03
6.257888574866769638e+00	7.881359197199344635e-03	4.372965391275854090e-03
6.274614476707833788e+00	7.418994791805744171e-03	4.364513456319067154e-03
6.291340378548898826e+00	7.243115920573472977e-03	4.444055048611794852e-03
6.308066280389963865e+00	7.546613458544015884e-03	4.709649526932909412e-03
6.324792182231028903e+00	7.531040813773870468e-03	4.928447398669068107e-03
6.341518084072093053e+00	7.865227758884429932e-03	5.294824840989077047e-03
6.358243985913158092e+00	7.722381502389907837e-03	5.610773770923868468e-03
6.374969887754223130e+00	7.741965353488922119e-03	5.899692732130547811e-03
6.391695789595288169e+00	7.675977423787117004e-03	6.086379378359462085e-03
6.408421691436352319e+00	7.640960160642862320e-03	6.252518545774687908e-03
6.425147593277417357e+00	7.844028063118457794e-03	6.467407227317519512e-03
6.441873495118482396e+00	7.535644341260194778e-03	6.473755285386015475e-03
6.458599396959546546e+00	6.913620978593826294e-03	6.338548319194285859e-03
6.475325298800611584e+00	7.532950025051832199e-03	6.773920333262795947e-03
6.492051200641676623e+00	7.625683676451444626e-03	6.982302112788722065e-03
6.508777102482741661e+00	7.364300545305013657e-03	7.036354666699318021e-03
6.525503004323805811e+00	7.605754770338535309e-03	7.356412059919039022e-03
6.542228906164870850e+00	7.384106516838073730e-03	7.462267752835572386e-03
6.558954808005935888e+00	7.971112616360187531e-03	7.969644656113307468e-03
6.575680709847000927e+00	7.654640823602676392e-03	8.057766758905779425e-03
6.592406611688065077e+00	7.621063850820064545e-03	8.318529456068864819e-03
6.609132513529130115e+00	7.838093675673007965e-03	8.744662596850784342e-03
6.625858415370195154e+00	7.404265459626913071e-03	8.830967341908167040e-03
6.642584317211259304e+00	7.902889512479305267e-03	9.520677611306290269e-03
6.659310219052324342e+00	7.360175717622041702e-03	9.616995069326199005e-03
6.676036120893389381e+00	7.714918348938226700e-03	1.035092679456153276e-02
6.692762022734454419e+00	7.261009886860847473e-03	1.061762400366609953e-02
6.709487924575518569e+00	6.792161148041486740e-03	1.093458604986024922e-02
6.726213826416583608e+00	7.351025007665157318e-03	1.221466339674562133e-02
6.742939728257648646e+00	7.860195823013782501e-03	1.373681319034836604e-02
6.759665630098712796e+00	7.793231867253780365e-03	1.514100970290639843e-02
6.776391531939777835e+00	8.159627206623554230e-03	1.754603153651664027e-02
6.793117433780842873e+00	9.419378824532032013e-03	2.233270754296470817e-02
6.809843335621907912e+00	6.180779077112674713e-03	2.331447486189021367e-02
6.826569237462972062e+00	4.621505737304687500e-03	3.443784678002751592e-02
