# Normalized	8324.0 eV	203
# q	I	Poisson error
# nm-1	cm-1	cm-1
1.533027402487101842e-01	5.678021240234375000e+01	1.964761698412449409e+00
1.700689274230457460e-01	5.214197540283203125e+01	1.070955131722068687e+00
1.868351145973813354e-01	4.925109100341796875e+01	8.229387140194629469e-01
2.036013017717168971e-01	4.800853347778320312e+01	7.017200723548017161e-01
2.203674889460524589e-01	4.745492172241210938e+01	6.162410340759616467e-01
2.371336761203880483e-01	4.924256896972656250e+01	5.661392571611976177e-01
2.538998632947235823e-01	5.245167541503906250e+01	5.386834109430952422e-01
2.706660504690591718e-01	5.664005279541015625e+01	5.639281647391792829e-01
2.874322376433947612e-01	6.425223541259765625e+01	6.034484022763819677e-01
3.041984248177302952e-01	7.302875518798828125e+01	6.471382124750820752e-01
3.209646119920659402e-01	8.088829040527343750e+01	6.863938164185832136e-01
3.377307991664014741e-01	8.604553222656250000e+01	6.977132097873699479e-01
3.544969863407370081e-01	8.701393890380859375e+01	6.727520032059949306e-01
3.712631735150726531e-01	8.480676269531250000e+01	6.434323204882846925e-01
3.880293606894081870e-01	7.777042388916015625e+01	5.945137525921744270e-01
4.047955478637437210e-01	6.698656463623046875e+01	5.277245982336390417e-01
4.215617350380793660e-01	5.463236236572265625e+01	4.539446780698506712e-01
4.383279222124148999e-01	4.265201568603515625e+01	3.819290862277057164e-01
4.550941093867504339e-01	3.237853240966796875e+01	3.167081591225431314e-01
4.718602965610860789e-01	2.447207450866699219e+01	2.628928522233354714e-01
4.886264837354216128e-01	1.839951324462890625e+01	2.182602530906189442e-01
5.053926709097571468e-01	1.402762889862060547e+01	1.827255391190079903e-01
5.221588580840927918e-01	1.088506984710693359e+01	1.549410564249195932e-01
5.389250452584283257e-01	8.594733238220214844e+00	1.333162391493641075e-01
5.556912324327638597e-01	6.926064014434814453e+00	1.162397706391113950e-01
5.724574196070995047e-01	5.731729030609130859e+00	1.054103628195495052e-01
5.892236067814350386e-01	4.889802932739257812e+00	9.725225508341268921e-02
6.059897939557706836e-01	4.228283882141113281e+00	8.976688682612198045e-02
6.227559811301062176e-01	3.739802122116088867e+00	8.368809709191581125e-02
6.395221683044417516e-01	3.344412088394165039e+00	7.814453870798795942e-02
6.562883554787772855e-01	2.991345167160034180e+00	7.286036517023461445e-02
6.730545426531129305e-01	2.684398651123046875e+00	6.831154933399904983e-02
6.898207298274484645e-01	2.422250986099243164e+00	6.428201336968557278e-02
7.065869170017839984e-01	2.174722433090209961e+00	6.033311229351997346e-02
7.233531041761196434e-01	1.939302802085876465e+00	5.540370458063973574e-02
7.401192913504551774e-01	1.745634794235229492e+00	5.075340439300950190e-02
7.568854785247907113e-01	1.558070421218872070e+00	4.682229824191918438e-02
7.736516656991263563e-01	1.390314579010009766e+00	4.338574979924070957e-02
7.904178528734618903e-01	1.236763119697570801e+00	4.032708559756170014e-02
8.071840400477974242e-01	1.099187374114990234e+00	3.739764100886181636e-02
8.239502272221330692e-01	9.753975868225097656e-01	3.464100792616955915e-02
8.407164143964686032e-01	8.734576106071472168e-01	3.226491684546058808e-02
8.574826015708041371e-01	7.818284034729003906e-01	3.006901009707933434e-02
8.742487887451397821e-01	7.049106955528259277e-01	2.814393553258631026e-02
8.910149759194753161e-01	6.376254558563232422e-01	2.639584705360816311e-02
9.077811630938108500e-01	5.795477628707885742e-01	2.483422916938696906e-02
9.245473502681464950e-01	5.320609807968139648e-01	2.349110734589807473e-02
9.413135374424820290e-01	4.860413670539855957e-01	2.217641102182575652e-02
9.580797246168175629e-01	4.505886733531951904e-01	2.110593511355893237e-02
9.748459117911532079e-01	4.173229336738586426e-01	2.007845379744708711e-02
9.916120989654887419e-01	3.852222263813018799e-01	1.907494566980461742e-02
1.008378286139824498e+00	3.586514294147491455e-01	1.820477270840285128e-02
1.025144473314159921e+00	3.340690135955810547e-01	1.737744677264810647e-02
1.041910660488495566e+00	3.101031184196472168e-01	1.657484578531062680e-02
1.058676847662831211e+00	2.890593409538269043e-01	1.584106820266560287e-02
1.075443034837166634e+00	2.699398994445800781e-01	1.515440913249274310e-02
1.092209222011502279e+00	2.529043257236480713e-01	1.453097364493966676e-02
1.108975409185837924e+00	2.350279092788696289e-01	1.387359925846659049e-02
1.125741596360173347e+00	2.200583070516586304e-01	1.329949997998897127e-02
1.142507783534508992e+00	2.062676697969436646e-01	1.275915665984770145e-02
1.159273970708844415e+00	1.942823529243469238e-01	1.227488358100928614e-02
1.176040157883180060e+00	1.834039390087127686e-01	1.183124526093030753e-02
1.192806345057515705e+00	1.741423606872558594e-01	1.144619264164340941e-02
1.209572532231851127e+00	1.681127697229385376e-01	1.137924943707508199e-02
1.226338719406186772e+00	1.651509404182434082e-01	1.134948546238887662e-02
1.243104906580522417e+00	1.617909222841262817e-01	1.121792639017838746e-02
1.259871093754857840e+00	1.529450416564941406e-01	1.088994811361261410e-02
1.276637280929193485e+00	1.398881077766418457e-01	1.039632212669159596e-02
1.293403468103529130e+00	1.291798949241638184e-01	9.969287413894344432e-03
1.310169655277864553e+00	1.203706562519073486e-01	9.601491011306048304e-03
1.326935842452200198e+00	1.131213605403900146e-01	9.286427301673285187e-03
1.343702029626535843e+00	1.074467077851295471e-01	9.029718757926864445e-03
1.360468216800871266e+00	1.022669449448585510e-01	8.628931767277601972e-03
1.377234403975206911e+00	9.782489389181137085e-02	8.275530491697392563e-03
1.394000591149542556e+00	9.341696649789810181e-02	8.010310824657612683e-03
1.410766778323877979e+00	8.941999077796936035e-02	7.782374177069445800e-03
1.427532965498213624e+00	8.563988655805587769e-02	7.570069029733461803e-03
1.444299152672549269e+00	8.217320591211318970e-02	7.373055359995779601e-03
1.461065339846884692e+00	7.895889133214950562e-02	7.190281509996712152e-03
1.477831527021220337e+00	7.591775059700012207e-02	7.013472430828774327e-03
1.494597714195555982e+00	7.297348231077194214e-02	6.840632085882076760e-03
1.511363901369891405e+00	7.029481232166290283e-02	6.680946107327155950e-03
1.528130088544227050e+00	6.808373332023620605e-02	6.545025889650683305e-03
1.544896275718562695e+00	6.587880104780197144e-02	6.407901155830602463e-03
1.561662462892898118e+00	6.363728642463684082e-02	6.268069149678089612e-03
1.578428650067233763e+00	6.127667054533958435e-02	6.123543893605601363e-03
1.595194837241569408e+00	5.973066389560699463e-02	6.018407835951136362e-03
1.611961024415904831e+00	5.855473875999450684e-02	5.925009258713954952e-03
1.628727211590240476e+00	5.721293762326240540e-02	5.816172848305918228e-03
1.645493398764576121e+00	5.578324571251869202e-02	5.689510394067002173e-03
1.662259585938911544e+00	5.430569499731063843e-02	5.554767486312533163e-03
1.679025773113247189e+00	5.327602848410606384e-02	5.447262743494887642e-03
1.695791960287582834e+00	5.224926769733428955e-02	5.347100970950162749e-03
1.712558147461918256e+00	5.113555118441581726e-02	5.244246152234934878e-03
1.729324334636253901e+00	5.047047510743141174e-02	5.167973141405687691e-03
1.746090521810589546e+00	4.965152218937873840e-02	5.080528627169233168e-03
1.762856708984924969e+00	4.873633757233619690e-02	4.990739672593275458e-03
1.779622896159260614e+00	4.812150821089744568e-02	4.919732746443073595e-03
1.796389083333596259e+00	4.757197201251983643e-02	4.855749812022377640e-03
1.813155270507931904e+00	4.710594937205314636e-02	4.802722582961760182e-03
1.829921457682267327e+00	4.664616286754608154e-02	4.753795559908075528e-03
1.846687644856602972e+00	4.641489684581756592e-02	4.717621208984393993e-03
1.863453832030938617e+00	4.555680230259895325e-02	4.650514942230643024e-03
1.880220019205274040e+00	4.537781327962875366e-02	4.616753150884330553e-03
1.896986206379609685e+00	4.518585652112960815e-02	4.583728645573446718e-03
1.913752393553945330e+00	4.462227225303649902e-02	4.532242713423598537e-03
1.930518580728280753e+00	4.467067122459411621e-02	4.513619502394396882e-03
1.947284767902616398e+00	4.425663873553276062e-02	4.470501947544290415e-03
1.964050955076952043e+00	4.383867233991622925e-02	4.427433562331948950e-03
1.980817142251287466e+00	4.370496049523353577e-02	4.399662745658948146e-03
1.997583329425623111e+00	4.354656860232353210e-02	4.371564692572707175e-03
2.014349516599958978e+00	4.336221143603324890e-02	4.342073024843116393e-03
2.031115703774294179e+00	4.319033399224281311e-02	4.314196986572172224e-03
2.047881890948629824e+00	4.278942570090293884e-02	4.274294273872086131e-03
2.064648078122965469e+00	4.310764744877815247e-02	4.272281391720402811e-03
2.081414265297301114e+00	4.308580979704856873e-02	4.251906426865952049e-03
2.098180452471636759e+00	4.285045713186264038e-02	4.222439153512802870e-03
2.114946639645972404e+00	4.276265203952789307e-02	4.199314728315556300e-03
2.131712826820307605e+00	4.260551184415817261e-02	4.173985115166185464e-03
2.148479013994643250e+00	4.210621118545532227e-02	4.131009715560495996e-03
2.165245201168978895e+00	4.198256880044937134e-02	4.108052417271646113e-03
2.182011388343314540e+00	4.175273701548576355e-02	4.079835265996986995e-03
2.198777575517650185e+00	4.198845848441123962e-02	4.074954120011465598e-03
2.215543762691985830e+00	4.187602549791336060e-02	4.052503553730894305e-03
2.232309949866321475e+00	4.157664999365806580e-02	4.020571665081315235e-03
2.249076137040656675e+00	4.164354130625724792e-02	4.008375889832668272e-03
2.265842324214992320e+00	4.140638932585716248e-02	3.980496912213062934e-03
2.282608511389327965e+00	4.164858534932136536e-02	3.977054658888517363e-03
2.299374698563663610e+00	4.160624369978904724e-02	3.959188929190836023e-03
2.316140885737999255e+00	4.140973836183547974e-02	3.934639207073631004e-03
2.332907072912334900e+00	4.110116511583328247e-02	3.904638603464001632e-03
2.349673260086670545e+00	4.117011278867721558e-02	3.892831197084840444e-03
2.366439447261005746e+00	4.113285243511199951e-02	3.876431829784749220e-03
2.383205634435341391e+00	4.090154916048049927e-02	3.850876966085558378e-03
2.399971821609677036e+00	4.096594452857971191e-02	3.834899053744668558e-03
2.416738008784012681e+00	4.073781520128250122e-02	3.806567303035079518e-03
2.433504195958348326e+00	4.034605249762535095e-02	3.773651378822460642e-03
2.450270383132683971e+00	4.062949866056442261e-02	3.773401714843078406e-03
2.467036570307019172e+00	4.024424031376838684e-02	3.741572172305410258e-03
2.483802757481354817e+00	4.008968546986579895e-02	3.748840344149736731e-03
2.500568944655690462e+00	3.999630734324455261e-02	3.777300363383621299e-03
2.517335131830026107e+00	3.992276266217231750e-02	3.786253961831527893e-03
2.534101319004361752e+00	3.970231115818023682e-02	3.784628218678374404e-03
2.550867506178697397e+00	3.997863084077835083e-02	3.804682765660170017e-03
2.567633693353032598e+00	3.985682874917984009e-02	3.803668836117943611e-03
2.584399880527368243e+00	3.953439369797706604e-02	3.790113612742047108e-03
2.601166067701703888e+00	3.941836208105087280e-02	3.786666556427946417e-03
2.617932254876039533e+00	3.905240446329116821e-02	3.769194768657490539e-03
2.634698442050375178e+00	3.923132270574569702e-02	3.755242188017741782e-03
2.651464629224710823e+00	3.888671845197677612e-02	3.686105259862222736e-03
2.668230816399046024e+00	3.848944231867790222e-02	3.639031694287723703e-03
2.684997003573381669e+00	3.848729282617568970e-02	3.614104877157608194e-03
2.701763190747717314e+00	3.864952549338340759e-02	3.600935802985190479e-03
2.718529377922052959e+00	3.842683136463165283e-02	3.571522159106620391e-03
2.735295565096388604e+00	3.825272992253303528e-02	3.545561193267197410e-03
2.752061752270724249e+00	3.810405358672142029e-02	3.521539875205024952e-03
2.768827939445059449e+00	3.780853003263473511e-02	3.492221463871882526e-03
2.785594126619395094e+00	3.737867996096611023e-02	3.456658327533484749e-03
2.802360313793730739e+00	3.746946901082992554e-02	3.446850891961454784e-03
2.819126500968066384e+00	3.740578517317771912e-02	3.430486345843527813e-03
2.835892688142402029e+00	3.724058344960212708e-02	3.409158984613437030e-03
2.852658875316737674e+00	3.697636350989341736e-02	3.383854710166589105e-03
2.869425062491072875e+00	3.686946257948875427e-02	3.365217058569189637e-03
2.886191249665408520e+00	3.659824654459953308e-02	3.340192318513013781e-03
2.902957436839744165e+00	3.643411397933959961e-02	3.320577515245387058e-03
2.919723624014079810e+00	3.616579249501228333e-02	3.296209097220716318e-03
2.936489811188415455e+00	3.616539761424064636e-02	3.284514834906110056e-03
2.953255998362751100e+00	3.623520955443382263e-02	3.276489252890385766e-03
2.970022185537086301e+00	3.585036844015121460e-02	3.247150853926364811e-03
2.986788372711421946e+00	3.545550256967544556e-02	3.217924915860896715e-03
3.003554559885757591e+00	3.527160361409187317e-02	3.198651246535686669e-03
3.020320747060093236e+00	3.508415818214416504e-02	3.179449440893559499e-03
3.037086934234428881e+00	3.498641401529312134e-02	3.164165002254593247e-03
3.053853121408764526e+00	3.439995646476745605e-02	3.127209271878351148e-03
3.070619308583099727e+00	3.414551168680191040e-02	3.104883782355108771e-03
3.087385495757435372e+00	3.401421755552291870e-02	3.089418197228896001e-03
3.104151682931771017e+00	3.397594764828681946e-02	3.077765284474251548e-03
3.120917870106106662e+00	3.380622714757919312e-02	3.097028954031114025e-03
3.137684057280442307e+00	3.331983461976051331e-02	3.089448443950087043e-03
3.154450244454777952e+00	3.300156071782112122e-02	3.084267852351184769e-03
3.171216431629113153e+00	3.260771557688713074e-02	3.072129447400306305e-03
3.187982618803448798e+00	3.228658065199851990e-02	3.061636589623876158e-03
3.204748805977784443e+00	3.181773424148559570e-02	3.042087549549270849e-03
3.221514993152120088e+00	3.170024603605270386e-02	3.038355002823914242e-03
3.238281180326455733e+00	3.149420768022537231e-02	3.029521227372250231e-03
3.255047367500791378e+00	3.107406012713909149e-02	3.009662877717597142e-03
3.271813554675126579e+00	3.033441305160522461e-02	2.942169618674083005e-03
3.288579741849462224e+00	3.032587468624114990e-02	2.913626129713089551e-03
3.305345929023797868e+00	2.996865101158618927e-02	2.876108454456678936e-03
3.322112116198133513e+00	2.988248877227306366e-02	2.855860899641380918e-03
3.338878303372469158e+00	2.929594367742538452e-02	2.813271111766674475e-03
3.355644490546804803e+00	2.906962484121322632e-02	2.789578101042721955e-03
3.372410677721140004e+00	2.865189127624034882e-02	2.757389184132999060e-03
3.389176864895475649e+00	2.828593552112579346e-02	2.728513092243321173e-03
3.405943052069811294e+00	2.781111374497413635e-02	2.694960906632231680e-03
3.422709239244146939e+00	2.731136046350002289e-02	2.660365592827444725e-03
3.439475426418482584e+00	2.735260315239429474e-02	2.652898002248643868e-03
3.456241613592818229e+00	2.655643969774246216e-02	2.604469378838523367e-03
3.473007800767153874e+00	2.622859179973602295e-02	2.579363820447792485e-03
3.489773987941489075e+00	2.580303512513637543e-02	2.549489266764349595e-03
3.506540175115824720e+00	2.528888732194900513e-02	2.515609075400946585e-03
3.523306362290160365e+00	2.485851943492889404e-02	2.485485445411850583e-03
3.540072549464496010e+00	2.440265938639640808e-02	2.454739307664095642e-03
3.556838736638831655e+00	2.397231012582778931e-02	2.425159213927218036e-03
3.573604923813167300e+00	2.377577498555183411e-02	2.407498973251433975e-03
3.590371110987502501e+00	2.337618358433246613e-02	2.380000265434562088e-03
3.607137298161838146e+00	2.280331216752529144e-02	2.343164689942174150e-03
3.623903485336173791e+00	2.215671166777610779e-02	2.302091810715234128e-03
3.640669672510509436e+00	2.227140218019485474e-02	2.302085528945162999e-03
3.657435859684845081e+00	2.160991169512271881e-02	2.260203132940514191e-03
3.674202046859180726e+00	2.112651430070400238e-02	2.227773016770449345e-03
3.690968234033515927e+00	2.134524285793304443e-02	2.233536700232588001e-03
3.707734421207851572e+00	2.075557783246040344e-02	2.195829201609264709e-03
3.724500608382187217e+00	2.060675248503684998e-02	2.181844246286692053e-03
3.741266795556522862e+00	2.024597115814685822e-02	2.156440647736324566e-03
3.758032982730858507e+00	1.950823143124580383e-02	2.110559686387642603e-03
3.774799169905194152e+00	1.886885240674018860e-02	2.069851249507270469e-03
3.791565357079529353e+00	1.780964434146881104e-02	2.004917486182679343e-03
3.808331544253864998e+00	1.494189957156777382e-03	5.712017991808032626e-04
3.825097731428200643e+00	1.186609175056219101e-02	1.622226293085121543e-03
3.841863918602536287e+00	1.620849221944808960e-02	1.896412740222422734e-03
3.858630105776871932e+00	1.563206687569618225e-02	1.857212416814243289e-03
3.875396292951207577e+00	1.529771275818347931e-02	1.832131742916566020e-03
3.892162480125542778e+00	1.486971322447061539e-02	1.801438851927781833e-03
3.908928667299878423e+00	1.449854578822851181e-02	1.774092754033304879e-03
3.925694854474214068e+00	1.393997576087713242e-02	1.734745803687934339e-03
3.942461041648549713e+00	1.324119046330451965e-02	1.685732891692351583e-03
3.959227228822885358e+00	1.293144375085830688e-02	1.661649926936695221e-03
3.975993415997221003e+00	1.268362067639827728e-02	1.641690730726295998e-03
3.992759603171556204e+00	1.207892410457134247e-02	1.597243051464820613e-03
4.009525790345891849e+00	1.187124755233526230e-02	1.579453644844656382e-03
4.026291977520227050e+00	1.130270585417747498e-02	1.536835048464990118e-03
4.043058164694563139e+00	1.113380677998065948e-02	1.521493626806732233e-03
4.059824351868898340e+00	1.029186137020587921e-02	1.458467285857470907e-03
4.076590539043234429e+00	1.006259396672248840e-02	1.438508084698127652e-03
4.093356726217569630e+00	9.597570635378360748e-03	1.401111966257636426e-03
4.110122913391904831e+00	9.037189185619354248e-03	1.355782773416976117e-03
4.126889100566240920e+00	8.255997672677040100e-03	1.304900578735963563e-03
4.143655287740576121e+00	8.060025051236152649e-03	1.297435331526103006e-03
4.160421474914912210e+00	7.615118753165006638e-03	1.264035987276085045e-03
4.177187662089247411e+00	6.830866914242506027e-03	1.196547249629358479e-03
4.193953849263583500e+00	6.557380780577659607e-03	1.173400551378650210e-03
4.210720036437918701e+00	5.908176302909851074e-03	1.114499250909934888e-03
4.227486223612254790e+00	5.283945705741643906e-03	1.054320768715653498e-03
4.244252410786589991e+00	4.597398918122053146e-03	9.834315032557598701e-04
4.261018597960925192e+00	4.024197347462177277e-03	9.199072375539753786e-04
4.277784785135261281e+00	3.284673672169446945e-03	8.306324648562457124e-04
4.294550972309596482e+00	2.804567804560065269e-03	7.667577933762319709e-04
4.311317159483932571e+00	2.497965469956398010e-03	7.223854911508496759e-04
4.328083346658267772e+00	2.270984696224331856e-03	6.876740387067524192e-04
4.344849533832602972e+00	1.751694595441222191e-03	6.031711025811504990e-04
4.361615721006939062e+00	1.207857509143650532e-03	5.001849273017866613e-04
4.378381908181274262e+00	7.786059286445379257e-04	4.013440779470527683e-04
4.395148095355610351e+00	5.708023672923445702e-04	3.473932315823923542e-04
4.411914282529945552e+00	2.678322489373385906e-04	2.395107558727705593e-04
4.428680469704281641e+00	-3.652015875559300184e-04	nan
4.445446656878616842e+00	-8.067160379141569138e-04	nan
4.462212844052952043e+00	-9.455542312934994698e-04	nan
4.478979031227288132e+00	-1.319407136179506779e-03	nan
4.495745218401623333e+00	-1.641405862756073475e-03	nan
4.512511405575959422e+00	-2.006415743380784988e-03	nan
4.529277592750294623e+00	-2.325549256056547165e-03	nan
4.546043779924630712e+00	-2.555472077801823616e-03	nan
4.562809967098965913e+00	-2.839287975803017616e-03	nan
4.579576154273301114e+00	-2.834334271028637886e-03	nan
4.596342341447637203e+00	-3.207540605217218399e-03	nan
4.613108528621972404e+00	-3.518387908115983009e-03	nan
4.629874715796308493e+00	-3.491892945021390915e-03	nan
4.646640902970643694e+00	-4.088382702320814133e-03	nan
4.663407090144978895e+00	-4.173071123659610748e-03	nan
4.680173277319314984e+00	-4.028900060802698135e-03	nan
4.696939464493650185e+00	-4.533983767032623291e-03	nan
4.713705651667986274e+00	-4.657070618122816086e-03	nan
4.730471838842321475e+00	-4.968791268765926361e-03	nan
4.747238026016657564e+00	-4.895823542028665543e-03	nan
4.764004213190992765e+00	-5.030152853578329086e-03	nan
4.780770400365327966e+00	-4.959243815392255783e-03	nan
4.797536587539664055e+00	-5.437203682959079742e-03	nan
4.814302774713999256e+00	-5.509677808731794357e-03	nan
4.831068961888335345e+00	-5.513706244528293610e-03	nan
4.847835149062670546e+00	-5.672569852322340012e-03	nan
4.864601336237005746e+00	-5.722588393837213516e-03	nan
4.881367523411341836e+00	-5.929110571742057800e-03	nan
4.898133710585677036e+00	-5.895557347685098648e-03	nan
4.914899897760013125e+00	-5.787314847111701965e-03	nan
4.931666084934348326e+00	-5.877531599253416061e-03	nan
4.948432272108684415e+00	-5.922055337578058243e-03	nan
4.965198459283019616e+00	-6.229366175830364227e-03	nan
4.981964646457354817e+00	-5.728380754590034485e-03	nan
4.998730833631690906e+00	-5.884816870093345642e-03	nan
5.015497020806026107e+00	-6.125041749328374863e-03	nan
5.032263207980362196e+00	-6.032401230186223984e-03	nan
5.049029395154697397e+00	-6.381649058312177658e-03	nan
5.065795582329032598e+00	-6.062559317797422409e-03	nan
5.082561769503368687e+00	-5.764550063759088516e-03	nan
5.099327956677703888e+00	-5.725052673369646072e-03	nan
5.116094143852039977e+00	-6.062561646103858948e-03	nan
5.132860331026375178e+00	-5.959990434348583221e-03	nan
5.149626518200711267e+00	-5.949715152382850647e-03	nan
5.166392705375046468e+00	-5.969083867967128754e-03	nan
5.183158892549381669e+00	-6.152984686195850372e-03	nan
5.199925079723717758e+00	-5.920882802456617355e-03	nan
5.216691266898052959e+00	-5.630185827612876892e-03	nan
5.233457454072389048e+00	-5.537744145840406418e-03	nan
5.250223641246724249e+00	-5.657961592078208923e-03	nan
5.266989828421059450e+00	-5.584153812378644943e-03	nan
5.283756015595395539e+00	-5.613297224044799805e-03	nan
5.300522202769730740e+00	-5.603276193141937256e-03	nan
5.317288389944066829e+00	-5.500766448676586151e-03	nan
5.334054577118402030e+00	-5.682950373739004135e-03	nan
5.350820764292738119e+00	-5.690275691449642181e-03	nan
5.367586951467073320e+00	-5.380755290389060974e-03	nan
5.384353138641408520e+00	-5.384274758398532867e-03	nan
5.401119325815744610e+00	-5.381012801080942154e-03	nan
5.417885512990079810e+00	-5.313831847161054611e-03	nan
5.434651700164415900e+00	-5.219303537160158157e-03	nan
5.451417887338751100e+00	-5.152217578142881393e-03	nan
5.468184074513086301e+00	-5.232306662946939468e-03	nan
5.484950261687422390e+00	-4.836215637624263763e-03	nan
5.501716448861757591e+00	-4.902018699795007706e-03	nan
5.518482636036093680e+00	-4.905188921838998795e-03	nan
5.535248823210428881e+00	-4.624650347977876663e-03	nan
5.552015010384764970e+00	-4.508227575570344925e-03	nan
5.568781197559100171e+00	-4.799866117537021637e-03	nan
5.585547384733435372e+00	-4.908382426947355270e-03	nan
5.602313571907771461e+00	-4.614790901541709900e-03	nan
5.619079759082106662e+00	-4.573749843984842300e-03	nan
5.635845946256442751e+00	-4.534231498837471008e-03	nan
5.652612133430777952e+00	-4.340312443673610687e-03	nan
5.669378320605114041e+00	-4.347231239080429077e-03	nan
5.686144507779449242e+00	-4.222921095788478851e-03	nan
5.702910694953784443e+00	-3.990993369370698929e-03	nan
5.719676882128120532e+00	-3.793115029111504555e-03	nan
5.736443069302455733e+00	-3.774175653234124184e-03	nan
5.753209256476791822e+00	-3.813364310190081596e-03	nan
5.769975443651127023e+00	-3.835063660517334938e-03	nan
5.786741630825462224e+00	-3.569518448784947395e-03	nan
5.803507817999798313e+00	-3.764855675399303436e-03	nan
5.820274005174133514e+00	-3.410157049074769020e-03	nan
5.837040192348469603e+00	-3.330690786242485046e-03	nan
5.853806379522804804e+00	-3.512584371492266655e-03	nan
5.870572566697140893e+00	-3.535238560289144516e-03	nan
5.887338753871476094e+00	-3.684657858684659004e-03	nan
5.904104941045811294e+00	-3.569866064935922623e-03	nan
5.920871128220147384e+00	-3.236591350287199020e-03	nan
5.937637315394482584e+00	-3.183848923072218895e-03	nan
5.954403502568818674e+00	-3.391470061615109444e-03	nan
5.971169689743153874e+00	-3.071999177336692810e-03	nan
5.987935876917489075e+00	-3.131410107016563416e-03	nan
6.004702064091825164e+00	-2.706391736865043640e-03	nan
6.021468251266160365e+00	-2.807280514389276505e-03	nan
6.038234438440496454e+00	-3.117835149168968201e-03	nan
6.055000625614831655e+00	-2.762215677648782730e-03	nan
6.071766812789167744e+00	-2.225565491244196892e-03	nan
6.088532999963502945e+00	-2.281605731695890427e-03	nan
6.105299187137838146e+00	-2.707317238673567772e-03	nan
6.122065374312174235e+00	-2.880623564124107361e-03	nan
6.138831561486509436e+00	-2.714848844334483147e-03	nan
6.155597748660845525e+00	-2.072315895929932594e-03	nan
6.172363935835180726e+00	-2.031475538387894630e-03	nan
6.189130123009515927e+00	-2.176479436457157135e-03	nan
6.205896310183852016e+00	-2.592828124761581421e-03	nan
6.222662497358187217e+00	-2.293522004038095474e-03	nan
6.239428684532523306e+00	-2.127422252669930458e-03	nan
6.256194871706858507e+00	-2.407544758170843124e-03	nan
6.272961058881194596e+00	-2.058970043435692787e-03	nan
6.289727246055529797e+00	-1.275698305107653141e-03	nan
6.306493433229864998e+00	-1.038385322317481041e-03	nan
6.323259620404201087e+00	-1.675893669016659260e-03	nan
6.340025807578536288e+00	-1.161814550869166851e-03	nan
6.356791994752872377e+00	-1.644196570850908756e-03	nan
6.373558181927207578e+00	-1.092047430574893951e-03	nan
6.390324369101542779e+00	-1.252180081792175770e-03	nan
6.407090556275878868e+00	-2.022063126787543297e-03	nan
6.423856743450214069e+00	-1.461446867324411869e-03	nan
6.440622930624550158e+00	-2.058365615084767342e-03	nan
6.457389117798885358e+00	-1.447617891244590282e-03	nan
6.474155304973221448e+00	-1.498179859481751919e-03	nan
6.490921492147556648e+00	-6.199406343512237072e-04	nan
6.507687679321891849e+00	-1.334263244643807411e-03	nan
6.524453866496227938e+00	-1.399116357788443565e-03	nan
6.541220053670563139e+00	-1.150316442362964153e-03	nan
6.557986240844899228e+00	-5.348398117348551750e-04	nan
6.574752428019234429e+00	-9.858538396656513214e-04	nan
6.591518615193569630e+00	-1.587886945344507694e-03	nan
6.608284802367905719e+00	-8.627185598015785217e-04	nan
6.625050989542240920e+00	-1.362322131171822548e-03	nan
6.641817176716577009e+00	-2.406129788141697645e-04	nan
6.658583363890912210e+00	-4.734559915959835052e-04	nan
6.675349551065248299e+00	-1.438903389498591423e-03	nan
6.692115738239583500e+00	-2.504432573914527893e-03	nan
6.708881925413918701e+00	-1.776747056283056736e-03	nan
6.725648112588254790e+00	-1.908134552650153637e-03	nan
6.742414299762589991e+00	-1.188603346236050129e-03	nan
6.759180486936926080e+00	-3.166622773278504610e-04	nan
6.775946674111261281e+00	-1.844310667365789413e-03	nan
6.792712861285597370e+00	-6.290457095019519329e-04	nan
6.809479048459932571e+00	-4.571333411149680614e-04	nan
6.826245235634267772e+00	-2.541578374803066254e-03	nan
6.843011422808603861e+00	-1.837322255596518517e-03	nan
