# Normalized	10000.0 eV	203
# q	I	Poisson error
# nm-1	cm-1	cm-1
1.841697267451812003e-01	6.564414215087890625e+01	2.145634848979231624e+00
2.043117271404169821e-01	6.461797332763671875e+01	1.229307374512757178e+00
2.244537275356527362e-01	6.555738830566406250e+01	9.916499639576689118e-01
2.445957279308885179e-01	6.906414031982421875e+01	8.911512669816205046e-01
2.647377283261242997e-01	7.541521453857421875e+01	8.376605878780659653e-01
2.848797287213600815e-01	8.498992156982421875e+01	8.183200900550048340e-01
3.050217291165958633e-01	9.661354064941406250e+01	8.210470527254055684e-01
3.251637295118315896e-01	1.066181259155273438e+02	8.748525265500863846e-01
3.453057299070674269e-01	1.133272323608398438e+02	9.028939674532575621e-01
3.654477303023031531e-01	1.111221771240234375e+02	8.835872948301811691e-01
3.855897306975389904e-01	1.008783035278320312e+02	8.250716529919062125e-01
4.057317310927747167e-01	8.358330535888671875e+01	7.141399704683260019e-01
4.258737314880104985e-01	6.485480499267578125e+01	5.807511086263817957e-01
4.460157318832462803e-01	4.765419769287109375e+01	4.637674821662055025e-01
4.661577322784820065e-01	3.410419082641601562e+01	3.671378352904636766e-01
4.862997326737178438e-01	2.429840660095214844e+01	2.908413531508544092e-01
5.064417330689535701e-01	1.760546875000000000e+01	2.341942638363269658e-01
5.265837334641894074e-01	1.308129501342773438e+01	1.927777751370681469e-01
5.467257338594251337e-01	1.007103729248046875e+01	1.624886369301971056e-01
5.668677342546609710e-01	8.084639549255371094e+00	1.407013781159606736e-01
5.870097346498966973e-01	6.757093429565429688e+00	1.249129263467354672e-01
6.071517350451324235e-01	5.835086345672607422e+00	1.127855155459747266e-01
6.272937354403682608e-01	5.130119800567626953e+00	1.029805195792152933e-01
6.474357358356039871e-01	4.564684391021728516e+00	9.499409595339440571e-02
6.675777362308398244e-01	4.056585311889648438e+00	8.762526290972917631e-02
6.877197366260755507e-01	3.616228342056274414e+00	8.291958135449632727e-02
7.078617370213112769e-01	3.211270570755004883e+00	7.827197172818223248e-02
7.280037374165471142e-01	2.839107036590576172e+00	7.316513464497327590e-02
7.481457378117828405e-01	2.497361660003662109e+00	6.802466222853681410e-02
7.682877382070186778e-01	2.192847728729248047e+00	6.290300231237432038e-02
7.884297386022544041e-01	1.912426352500915527e+00	5.786513592483445018e-02
8.085717389974902414e-01	1.673149228096008301e+00	5.352869854755598622e-02
8.287137393927259676e-01	1.464701771736145020e+00	4.957196697133403607e-02
8.488557397879616939e-01	1.286622762680053711e+00	4.600209562996222107e-02
8.689977401831975312e-01	1.136700987815856934e+00	4.204431583699295982e-02
8.891397405784332575e-01	1.015876650810241699e+00	3.837411885859017685e-02
9.092817409736690948e-01	9.132351279258728027e-01	3.554744110997856699e-02
9.294237413689048211e-01	8.278681039810180664e-01	3.322630168235154308e-02
9.495657417641406584e-01	7.528906464576721191e-01	3.125839273883380953e-02
9.697077421593763846e-01	6.906761527061462402e-01	2.948636514188990310e-02
9.898497425546122219e-01	6.368330717086791992e-01	2.787842828317911581e-02
1.009991742949847948e+00	5.901270508766174316e-01	2.644397256618265593e-02
1.030133743345083674e+00	5.459604859352111816e-01	2.508041155427694416e-02
1.050275743740319623e+00	5.033409595489501953e-01	2.375365504749847936e-02
1.070417744135555349e+00	4.687427580356597900e-01	2.262314852809887977e-02
1.090559744530791075e+00	4.370605349540710449e-01	2.157253605802484861e-02
1.110701744926026802e+00	4.067756533622741699e-01	2.055280020075303180e-02
1.130843745321262750e+00	3.791970610618591309e-01	1.960946845877889477e-02
1.150985745716498476e+00	3.556511998176574707e-01	1.877651863547737804e-02
1.171127746111734202e+00	3.340238034725189209e-01	1.799282554753525373e-02
1.191269746506969929e+00	3.166548609733581543e-01	1.733268096219640203e-02
1.211411746902205655e+00	3.024334311485290527e-01	1.676330837941989935e-02
1.231553747297441381e+00	2.919927537441253662e-01	1.630327929481126606e-02
1.251695747692677330e+00	2.777567803859710693e-01	1.574880470401194762e-02
1.271837748087913056e+00	2.580487728118896484e-01	1.502403586440313743e-02
1.291979748483148782e+00	2.412673532962799072e-01	1.438041645608258839e-02
1.312121748878384508e+00	2.276685684919357300e-01	1.383927501420058673e-02
1.332263749273620235e+00	2.162224054336547852e-01	1.336212770258944117e-02
1.352405749668856183e+00	2.065504640340805054e-01	1.294227697365105123e-02
1.372547750064091909e+00	1.958689689636230469e-01	1.249042156651902422e-02
1.392689750459327636e+00	1.871545761823654175e-01	1.210515150524145087e-02
1.412831750854563362e+00	1.806388497352600098e-01	1.180174678305760151e-02
1.432973751249799310e+00	1.724228262901306152e-01	1.144784787022033908e-02
1.453115751645035036e+00	1.657107025384902954e-01	1.135287585294015959e-02
1.473257752040270763e+00	1.588596999645233154e-01	1.117979514019561485e-02
1.493399752435506489e+00	1.518002301454544067e-01	1.090818487780405299e-02
1.513541752830742215e+00	1.478263139724731445e-01	1.075216943771682178e-02
1.533683753225978164e+00	1.430392861366271973e-01	1.056621237505473224e-02
1.553825753621213890e+00	1.379446387290954590e-01	1.035995377141304269e-02
1.573967754016449616e+00	1.334046274423599243e-01	1.016932537329787861e-02
1.594109754411685342e+00	1.299383044242858887e-01	1.001739625945454425e-02
1.614251754806921291e+00	1.253548711538314819e-01	9.817555297943748177e-03
1.634393755202157017e+00	1.232156604528427124e-01	9.538836627689664324e-03
1.654535755597392743e+00	1.190569549798965454e-01	9.195727449647975865e-03
1.674677755992628470e+00	1.164641752839088440e-01	9.011564332438942379e-03
1.694819756387864196e+00	1.145430728793144226e-01	8.877523562430520571e-03
1.714961756783100144e+00	1.124511733651161194e-01	8.745405556393016228e-03
1.735103757178335870e+00	1.106740534305572510e-01	8.629172415291017778e-03
1.755245757573571597e+00	1.089867278933525085e-01	8.521495837837461326e-03
1.775387757968807323e+00	1.072146221995353699e-01	8.409683438919150419e-03
1.795529758364043271e+00	1.049672663211822510e-01	8.279508154467552991e-03
1.815671758759278998e+00	1.034893095493316650e-01	8.182695533454652226e-03
1.835813759154514724e+00	1.028221622109413147e-01	8.121526883078333120e-03
1.855955759549750450e+00	1.013312637805938721e-01	8.025987280744896132e-03
1.876097759944986176e+00	1.007495149970054626e-01	7.967672690284061110e-03
1.896239760340222125e+00	1.003154963254928589e-01	7.918479984558598680e-03
1.916381760735457851e+00	9.887342154979705811e-02	7.826459879878981327e-03
1.936523761130693577e+00	9.852045774459838867e-02	7.769780882494112077e-03
1.956665761525929303e+00	9.820915758609771729e-02	7.705894507488845677e-03
1.976807761921165030e+00	9.687950462102890015e-02	7.583377391513664023e-03
1.996949762316400978e+00	9.640427678823471069e-02	7.487849851677157165e-03
2.017091762711636704e+00	9.571588784456253052e-02	7.388532868027620874e-03
2.037233763106872431e+00	9.599934518337249756e-02	7.337088653253810711e-03
2.057375763502108157e+00	9.428750723600387573e-02	7.208993939547791475e-03
2.077517763897344327e+00	9.380651265382766724e-02	7.133628583428091793e-03
2.097659764292580054e+00	9.425297379493713379e-02	7.089924157385739910e-03
2.117801764687815780e+00	9.363807737827301025e-02	7.008114826790252765e-03
2.137943765083051506e+00	9.394119679927825928e-02	6.965696114742025297e-03
2.158085765478287232e+00	9.322082996368408203e-02	6.888736030434510285e-03
2.178227765873522959e+00	9.247571974992752075e-02	6.820025754823116730e-03
2.198369766268758685e+00	9.187429398298263550e-02	6.762064328894305809e-03
2.218511766663994411e+00	9.243313223123550415e-02	6.749278783242212455e-03
2.238653767059230137e+00	9.209437668323516846e-02	6.704688577581965209e-03
2.258795767454465864e+00	9.123434871435165405e-02	6.637585973875380178e-03
2.278937767849701590e+00	9.143345057964324951e-02	6.612308949778471050e-03
2.299079768244937316e+00	9.140599519014358521e-02	6.579522297342863847e-03
2.319221768640173487e+00	9.141901880502700806e-02	6.549774598919164657e-03
2.339363769035409213e+00	9.086323529481887817e-02	6.498038271172221214e-03
2.359505769430644939e+00	9.057485312223434448e-02	6.456520531808402318e-03
2.379647769825880665e+00	9.012215584516525269e-02	6.409824576101714674e-03
2.399789770221116392e+00	9.013996273279190063e-02	6.381786453636455192e-03
2.419931770616352118e+00	8.967401087284088135e-02	6.335877647351172842e-03
2.440073771011587844e+00	8.944113552570343018e-02	6.299903244219050291e-03
2.460215771406823571e+00	8.996133506298065186e-02	6.290747308009212932e-03
2.480357771802059297e+00	8.936138451099395752e-02	6.242721777538838557e-03
2.500499772197295467e+00	8.928915858268737793e-02	6.212368090458994692e-03
2.520641772592531193e+00	8.885525912046432495e-02	6.171387106755628175e-03
2.540783772987766920e+00	8.807982504367828369e-02	6.116571458734279196e-03
2.560925773383002646e+00	8.868032693862915039e-02	6.113005958169807734e-03
2.581067773778238372e+00	8.758113533258438110e-02	6.047790725141469377e-03
2.601209774173474099e+00	8.816692978143692017e-02	6.044458975862108084e-03
2.621351774568709825e+00	8.805753290653228760e-02	6.016310089023250984e-03
2.641493774963945551e+00	8.781836926937103271e-02	5.983759701190553490e-03
2.661635775359181277e+00	8.755888789892196655e-02	5.950193349288355506e-03
2.681777775754417448e+00	8.737174421548843384e-02	5.918815935063196157e-03
2.701919776149653174e+00	8.698242157697677612e-02	5.882712523501476554e-03
2.722061776544888900e+00	8.682625740766525269e-02	5.853787701440045857e-03
2.742203776940124627e+00	8.651348948478698730e-02	5.820734423785373264e-03
2.762345777335360353e+00	8.631439507007598877e-02	5.791024464751035918e-03
2.782487777730596079e+00	8.564326912164688110e-02	5.746078852750441390e-03
2.802629778125831805e+00	8.545456826686859131e-02	5.717913629094331998e-03
2.822771778521067532e+00	8.570569008588790894e-02	5.704761519496903861e-03
2.842913778916303258e+00	8.563832193613052368e-02	5.681371141248713411e-03
2.863055779311539428e+00	8.510671555995941162e-02	5.642280669817236784e-03
2.883197779706775155e+00	8.550677448511123657e-02	5.628474478646032161e-03
2.903339780102010881e+00	8.460047096014022827e-02	5.572353668623687174e-03
2.923481780497246607e+00	8.533913642168045044e-02	5.577015024286756037e-03
2.943623780892482333e+00	8.496521413326263428e-02	5.544354194108070365e-03
2.963765781287718060e+00	8.458776026964187622e-02	5.512012750395411768e-03
2.983907781682953786e+00	8.385262638330459595e-02	5.508227729826007876e-03
3.004049782078189512e+00	8.400728553533554077e-02	5.561230336075826362e-03
3.024191782473425238e+00	8.324865251779556274e-02	5.553158424755073874e-03
3.044333782868661409e+00	8.338691294193267822e-02	5.571111286023274628e-03
3.064475783263897135e+00	8.314364403486251831e-02	5.572188710376910561e-03
3.084617783659132861e+00	8.316427469253540039e-02	5.580013355434263606e-03
3.104759784054368588e+00	8.149705082178115845e-02	5.524859155679576021e-03
3.124901784449604314e+00	8.241981267929077148e-02	5.560481990609714847e-03
3.145043784844840040e+00	8.191225677728652954e-02	5.543483044747919003e-03
3.165185785240075766e+00	8.231775462627410889e-02	5.524716874902389080e-03
3.185327785635311493e+00	8.162637054920196533e-02	5.424915787441544901e-03
3.205469786030547219e+00	8.109602332115173340e-02	5.366293338793727725e-03
3.225611786425783389e+00	8.067147433757781982e-02	5.315747813390763604e-03
3.245753786821019116e+00	8.059249073266983032e-02	5.282780410135004892e-03
3.265895787216254842e+00	8.029934018850326538e-02	5.245642814881000364e-03
3.286037787611490568e+00	7.934938371181488037e-02	5.187861563901546326e-03
3.306179788006726294e+00	7.969199866056442261e-02	5.174961435175527182e-03
3.326321788401962021e+00	7.871960848569869995e-02	5.119960191221710130e-03
3.346463788797197747e+00	7.868279516696929932e-02	5.096691236870143707e-03
3.366605789192433473e+00	7.847660034894943237e-02	5.069334226192570743e-03
3.386747789587669200e+00	7.805444300174713135e-02	5.035837047700840279e-03
3.406889789982905370e+00	7.808646559715270996e-02	5.017273352470550188e-03
3.427031790378141096e+00	7.704223692417144775e-02	4.963664264182264182e-03
3.447173790773376822e+00	7.696496695280075073e-02	4.941390611409260392e-03
3.467315791168612549e+00	7.710386067628860474e-02	4.928135454293931621e-03
3.487457791563848275e+00	7.616447657346725464e-02	4.879568121584897458e-03
3.507599791959084001e+00	7.633325457572937012e-02	4.868011877759158106e-03
3.527741792354319728e+00	7.565046846866607666e-02	4.828432709153456133e-03
3.547883792749555454e+00	7.499799132347106934e-02	4.790515938571890744e-03
3.568025793144791180e+00	7.401741296052932739e-02	4.741365178448346367e-03
3.588167793540026906e+00	7.439783215522766113e-02	4.738292637936672956e-03
3.608309793935263077e+00	7.286997139453887939e-02	4.672040269545614695e-03
3.628451794330498803e+00	7.319289445877075195e-02	4.667651497302856105e-03
3.648593794725734529e+00	7.244537770748138428e-02	4.627339741200242954e-03
3.668735795120970256e+00	7.178185880184173584e-02	4.591272302005048114e-03
3.688877795516205982e+00	7.155181467533111572e-02	4.568475640369131646e-03
3.709019795911441708e+00	7.161536067724227905e-02	4.557025648748993032e-03
3.729161796306677434e+00	7.175089418888092041e-02	4.547162617521538670e-03
3.749303796701913161e+00	7.112275809049606323e-02	4.565789479777294067e-03
3.769445797097148887e+00	7.108438760042190552e-02	4.586879361193507698e-03
3.789587797492385057e+00	6.934531778097152710e-02	4.542649918516983125e-03
3.809729797887620784e+00	6.916164606809616089e-02	4.546233016957703689e-03
3.829871798282856510e+00	6.819743663072586060e-02	4.520506026279764479e-03
3.850013798678092236e+00	6.716657429933547974e-02	4.489658876641165579e-03
3.870155799073327962e+00	6.728849560022354126e-02	4.496829825966337790e-03
3.890297799468563689e+00	6.639887392520904541e-02	4.467733309771767906e-03
3.910439799863799415e+00	6.580591201782226562e-02	4.448263046503126046e-03
3.930581800259035141e+00	6.519045680761337280e-02	4.381701837930307604e-03
3.950723800654270867e+00	6.487725675106048584e-02	4.329633344975088692e-03
3.970865801049507038e+00	6.455299258232116699e-02	4.289159269836791653e-03
3.991007801444742764e+00	6.387428939342498779e-02	4.242272070628694790e-03
4.011149801839978934e+00	6.339924037456512451e-02	4.205592416526312757e-03
4.031291802235214661e+00	6.209011748433113098e-02	4.141927924995457942e-03
4.051433802630450387e+00	6.180773675441741943e-02	4.115080860916455439e-03
4.071575803025686113e+00	6.106916815042495728e-02	4.073599144402743899e-03
4.091717803420921840e+00	6.134837865829467773e-02	4.068359379142840078e-03
4.111859803816157566e+00	6.028787419199943542e-02	4.017246850539244428e-03
4.132001804211393292e+00	5.929728224873542786e-02	3.968824055956774073e-03
4.152143804606629018e+00	5.976942554116249084e-02	3.972206490531653318e-03
4.172285805001864745e+00	5.893718078732490540e-02	3.930475051870680608e-03
4.192427805397100471e+00	5.876208096742630005e-02	3.911738838677489977e-03
4.212569805792336197e+00	5.856922641396522522e-02	3.893218178885668804e-03
4.232711806187571923e+00	5.755043774843215942e-02	3.845505968657060309e-03
4.252853806582807650e+00	5.697986111044883728e-02	3.814435439910038653e-03
4.272995806978043376e+00	5.703186988830566406e-02	3.804883791484159686e-03
4.293137807373279102e+00	5.606425553560256958e-02	3.759745937362659381e-03
4.313279807768514829e+00	5.570863932371139526e-02	3.736939074226686749e-03
4.333421808163750555e+00	5.508367344737052917e-02	3.704456863107660498e-03
4.353563808558986281e+00	5.480404943227767944e-02	3.683826506372326736e-03
4.373705808954222007e+00	5.500470101833343506e-02	3.681261212704479806e-03
4.393847809349457734e+00	5.431133508682250977e-02	3.646460122371563643e-03
4.413989809744693460e+00	5.373517423868179321e-02	3.616003041303210430e-03
4.434131810139930074e+00	5.313224345445632935e-02	3.585453434980851416e-03
4.454273810535165801e+00	5.311646312475204468e-02	3.575312141363621958e-03
4.474415810930401527e+00	5.254516750574111938e-02	3.545828569986802983e-03
4.494557811325637253e+00	5.212382227182388306e-02	3.521701674644200659e-03
4.514699811720872979e+00	5.208123475313186646e-02	3.511353750085282124e-03
4.534841812116108706e+00	5.161879584193229675e-02	3.486650646666153777e-03
4.554983812511344432e+00	5.103245750069618225e-02	3.457841111013953365e-03
4.575125812906580158e+00	5.107559263706207275e-02	3.450422241267797271e-03
4.595267813301815885e+00	5.033233761787414551e-02	3.415909884254538908e-03
4.615409813697051611e+00	5.057289823889732361e-02	3.415985186795299569e-03
4.635551814092287337e+00	5.020826682448387146e-02	3.395041525649188357e-03
4.655693814487523063e+00	4.989250749349594116e-02	3.375378913602524854e-03
4.675835814882758790e+00	4.936334118247032166e-02	3.348717119210636774e-03
4.695977815277994516e+00	4.967021942138671875e-02	3.351520933426544585e-03
4.716119815673230242e+00	4.930158331990242004e-02	3.330643320583156260e-03
4.736261816068465968e+00	4.875082150101661682e-02	3.303202434825200894e-03
4.756403816463701695e+00	4.835855960845947266e-02	3.281826240441890197e-03
4.776545816858937421e+00	4.839272424578666687e-02	3.275825747187277766e-03
4.796687817254174035e+00	4.857894778251647949e-02	3.273989910709173157e-03
4.816829817649409762e+00	4.769356176257133484e-02	3.235331434080478304e-03
4.836971818044645488e+00	4.774579405784606934e-02	3.229540041525722893e-03
4.857113818439881214e+00	4.778518900275230408e-02	3.223402422857086797e-03
4.877255818835116941e+00	4.765428975224494934e-02	3.211382654873722996e-03
4.897397819230352667e+00	4.765286669135093689e-02	3.203998804917641656e-03
4.917539819625588393e+00	4.725868254899978638e-02	3.182987965036089637e-03
4.937681820020824119e+00	4.734392091631889343e-02	3.178643986648521658e-03
4.957823820416059846e+00	4.716929048299789429e-02	3.196178405568996829e-03
4.977965820811295572e+00	4.701849073171615601e-02	3.210994750208329487e-03
4.998107821206531298e+00	4.682004451751708984e-02	3.212391937185026403e-03
5.018249821601767025e+00	4.696233570575714111e-02	3.218007324772098696e-03
5.038391821997002751e+00	4.679849743843078613e-02	3.215786119318300024e-03
5.058533822392238477e+00	4.644278809428215027e-02	3.207006071749643646e-03
5.078675822787474203e+00	4.653874039649963379e-02	3.213440235461907050e-03
5.098817823182709930e+00	4.635588452219963074e-02	3.209171312620971890e-03
5.118959823577945656e+00	4.608888179063796997e-02	3.201045828952194666e-03
5.139101823973181382e+00	4.623778909444808960e-02	3.207587461743606917e-03
5.159243824368417997e+00	4.644935578107833862e-02	3.214112208785850026e-03
5.179385824763653723e+00	4.640119150280952454e-02	3.208431444152864097e-03
5.199527825158889449e+00	4.640591144561767578e-02	3.204680724221587330e-03
5.219669825554125175e+00	4.655144363641738892e-02	3.208620239895512444e-03
5.239811825949360902e+00	4.624745622277259827e-02	3.196911574020927342e-03
5.259953826344596628e+00	4.644872248172760010e-02	3.205491923501579011e-03
5.280095826739832354e+00	4.630383849143981934e-02	3.236032873487533403e-03
5.300237827135068081e+00	4.660520702600479126e-02	3.270890209128122627e-03
5.320379827530303807e+00	4.639736562967300415e-02	3.281494261513653431e-03
5.340521827925539533e+00	4.654319211840629578e-02	3.301643347261759651e-03
5.360663828320775259e+00	4.612111300230026245e-02	3.298764919994362412e-03
5.380805828716010986e+00	4.623692110180854797e-02	3.314605163607403648e-03
5.400947829111246712e+00	4.641584306955337524e-02	3.331723868520513297e-03
5.421089829506482438e+00	4.640651121735572815e-02	3.341991915828534856e-03
5.441231829901718164e+00	4.634497314691543579e-02	3.372917758792798142e-03
5.461373830296953891e+00	4.653003439307212830e-02	3.411125018516334827e-03
5.481515830692189617e+00	4.675970599055290222e-02	3.446573702015182181e-03
5.501657831087425343e+00	4.615050926804542542e-02	3.458891835998307868e-03
5.521799831482661070e+00	4.627209901809692383e-02	3.507212347635288614e-03
5.541941831877897684e+00	4.672391340136528015e-02	3.559225712949130784e-03
5.562083832273133410e+00	4.639258980751037598e-02	3.569461049049684354e-03
5.582225832668369137e+00	4.601609706878662109e-02	3.572551996560817140e-03
5.602367833063604863e+00	4.630922526121139526e-02	3.602083549914354352e-03
5.622509833458840589e+00	4.650576040148735046e-02	3.625859742557072194e-03
5.642651833854076315e+00	4.669434949755668640e-02	3.647915968869245521e-03
5.662793834249312042e+00	4.683749750256538391e-02	3.667156660027054687e-03
5.682935834644547768e+00	4.633917286992073059e-02	3.716063413431757931e-03
5.703077835039783494e+00	4.687033966183662415e-02	3.803351455455566878e-03
5.723219835435019220e+00	4.715699702501296997e-02	3.851537564495103368e-03
5.743361835830254947e+00	4.690800979733467102e-02	3.866764885084113604e-03
5.763503836225490673e+00	4.702510312199592590e-02	3.898317380185635679e-03
5.783645836620726399e+00	4.708125069737434387e-02	3.923126778426785574e-03
5.803787837015962126e+00	4.659100249409675598e-02	3.922672250879494574e-03
5.823929837411197852e+00	4.667587205767631531e-02	3.945854885693008025e-03
5.844071837806433578e+00	4.717374593019485474e-02	3.985895509399644578e-03
5.864213838201669304e+00	4.708201065659523010e-02	3.993451304471505592e-03
5.884355838596905031e+00	4.730417579412460327e-02	4.011175307177148805e-03
5.904497838992141645e+00	4.732118546962738037e-02	4.022519911596674456e-03
5.924639839387377371e+00	4.706892371177673340e-02	4.026969486267444748e-03
5.944781839782613098e+00	4.733160510659217834e-02	4.053628672990991152e-03
5.964923840177848824e+00	4.743651673197746277e-02	4.073236201414982827e-03
5.985065840573084550e+00	4.736380279064178467e-02	4.084668882514114370e-03
6.005207840968320276e+00	4.728125408291816711e-02	4.094626697317261740e-03
6.025349841363556003e+00	4.737670719623565674e-02	4.167516300731208614e-03
6.045491841758791729e+00	4.742367193102836609e-02	4.260781821165834059e-03
6.065633842154027455e+00	4.756027087569236755e-02	4.334033151859813075e-03
6.085775842549263182e+00	4.787943512201309204e-02	4.407760483883939144e-03
6.105917842944498908e+00	4.818674549460411072e-02	4.476800025862349985e-03
6.126059843339734634e+00	4.803168401122093201e-02	4.521258880046564489e-03
6.146201843734970360e+00	4.807618632912635803e-02	4.573554463277102085e-03
6.166343844130206087e+00	4.794849082827568054e-02	4.616122460914994820e-03
6.186485844525441813e+00	4.829479753971099854e-02	4.680100386452160609e-03
6.206627844920677539e+00	4.827871918678283691e-02	4.720368942453818072e-03
6.226769845315913265e+00	4.825768247246742249e-02	4.758661613889797470e-03
6.246911845711148992e+00	4.829816892743110657e-02	4.799405687167029519e-03
6.267053846106385606e+00	4.751962423324584961e-02	4.797445095067156412e-03
6.287195846501621332e+00	4.793611168861389160e-02	4.856733995649098121e-03
6.307337846896857059e+00	4.793003946542739868e-02	4.898006239391740693e-03
6.327479847292092785e+00	4.834609106183052063e-02	4.965844396975787819e-03
6.347621847687328511e+00	4.814985021948814392e-02	5.002079150634258092e-03
6.367763848082564238e+00	4.797657579183578491e-02	5.040668010874088840e-03
6.387905848477799964e+00	4.851854220032691956e-02	5.115371875991858545e-03
6.408047848873035690e+00	4.833127185702323914e-02	5.145831389301967415e-03
6.428189849268271416e+00	4.826286807656288147e-02	5.177987469586433321e-03
6.448331849663507143e+00	4.776665568351745605e-02	5.186487472045413216e-03
6.468473850058742869e+00	4.875169694423675537e-02	5.277714040076166534e-03
6.488615850453978595e+00	4.823706299066543579e-02	5.289690655394584627e-03
6.508757850849214321e+00	4.870191961526870728e-02	5.364594770037501952e-03
6.528899851244450048e+00	4.894718155264854431e-02	5.428759455225865699e-03
6.549041851639685774e+00	4.894901439547538757e-02	5.479507904245915773e-03
6.569183852034921500e+00	4.893585294485092163e-02	5.530401149372266185e-03
6.589325852430157227e+00	4.867691546678543091e-02	5.567709166483613033e-03
6.609467852825392953e+00	4.878227785229682922e-02	5.627371946298330430e-03
6.629609853220629567e+00	4.838756099343299866e-02	5.658082013446349111e-03
6.649751853615865294e+00	4.875067621469497681e-02	5.734787527110233804e-03
6.669893854011101020e+00	4.824606701731681824e-02	5.760717720064876049e-03
6.690035854406336746e+00	4.820873960852622986e-02	5.815322797473009876e-03
6.710177854801572472e+00	4.859915003180503845e-02	5.898103833878979782e-03
6.730319855196808199e+00	4.861543327569961548e-02	5.958598725237283268e-03
6.750461855592043925e+00	4.853660613298416138e-02	6.016988816938898497e-03
6.770603855987279651e+00	4.892737790942192078e-02	6.102067276870975880e-03
6.790745856382515377e+00	4.857018962502479553e-02	6.129798127320521851e-03
6.810887856777751104e+00	4.844661056995391846e-02	6.168813281504563137e-03
6.831029857172986830e+00	4.895376041531562805e-02	6.249551368803047888e-03
6.851171857568222556e+00	4.867533221840858459e-02	6.279260567612858675e-03
6.871313857963458283e+00	4.893575236201286316e-02	6.348572106829184630e-03
6.891455858358694009e+00	4.926164075732231140e-02	6.432266643790339467e-03
6.911597858753929735e+00	4.884700104594230652e-02	6.475686065567407869e-03
6.931739859149165461e+00	4.949876293540000916e-02	6.593082373213967652e-03
6.951881859544401188e+00	4.913891479372978210e-02	6.644382165878884305e-03
6.972023859939636914e+00	4.838908463716506958e-02	6.670016572351476075e-03
6.992165860334872640e+00	4.862739890813827515e-02	6.766245012087366423e-03
7.012307860730109255e+00	4.893854632973670959e-02	6.873706999241203930e-03
7.032449861125344981e+00	4.837769642472267151e-02	6.915535301346354552e-03
7.052591861520580707e+00	4.897966608405113220e-02	7.046505060304316878e-03
7.072733861915816433e+00	4.863414913415908813e-02	7.112150163727073808e-03
7.092875862311052160e+00	4.886719584465026855e-02	7.223019457662491032e-03
7.113017862706287886e+00	4.889757558703422546e-02	7.322558342498852908e-03
7.133159863101523612e+00	4.958132281899452209e-02	7.476257006046299787e-03
7.153301863496759339e+00	4.929256811738014221e-02	7.558724261590588772e-03
7.173443863891995065e+00	4.917763918638229370e-02	7.658791571584539978e-03
7.193585864287230791e+00	4.986266046762466431e-02	7.826893722390284441e-03
7.213727864682466517e+00	4.941040277481079102e-02	7.909240612978544333e-03
7.233869865077702244e+00	4.908481240272521973e-02	8.012927778502688947e-03
7.254011865472937970e+00	4.980136826634407043e-02	8.197868248381506850e-03
7.274153865868173696e+00	4.902105778455734253e-02	8.262994605315166982e-03
7.294295866263409422e+00	4.853712767362594604e-02	8.362607868620594923e-03
7.314437866658645149e+00	4.846159368753433228e-02	8.512985138368721685e-03
7.334579867053880875e+00	4.897084832191467285e-02	8.702785873397393679e-03
7.354721867449116601e+00	4.900305345654487610e-02	8.867889699269359757e-03
7.374863867844353216e+00	5.000083148479461670e-02	9.134113068843980124e-03
7.395005868239588942e+00	4.892684146761894226e-02	9.215399725056961505e-03
7.415147868634824668e+00	4.739319905638694763e-02	9.257965775521959095e-03
7.435289869030060395e+00	4.891826957464218140e-02	9.613235635387216288e-03
7.455431869425296121e+00	4.953294619917869568e-02	9.893911093721275557e-03
7.475573869820531847e+00	4.968238249421119690e-02	1.014338418518616856e-02
7.495715870215767573e+00	4.917366057634353638e-02	1.034312810403459348e-02
7.515857870611003300e+00	4.902554303407669067e-02	1.059552028368355124e-02
7.535999871006239026e+00	4.933543503284454346e-02	1.092112030949268266e-02
7.556141871401474752e+00	5.006646364927291870e-02	1.132334649424235340e-02
7.576283871796710478e+00	4.858691617846488953e-02	1.149542065903877766e-02
7.596425872191946205e+00	4.870924726128578186e-02	1.194779699532317989e-02
7.616567872587181931e+00	4.898926243185997009e-02	1.255300551269346136e-02
7.636709872982417657e+00	4.822697490453720093e-02	1.309031063867587344e-02
7.656851873377653384e+00	4.879327118396759033e-02	1.408457557924855212e-02
7.676993873772889110e+00	4.910789057612419128e-02	1.483988965399608319e-02
7.697135874168124836e+00	5.004006996750831604e-02	1.552285523113315462e-02
7.717277874563360562e+00	5.034706369042396545e-02	1.603330646462802420e-02
7.737419874958597177e+00	4.981931298971176147e-02	1.627998805280822525e-02
7.757561875353832903e+00	4.827921092510223389e-02	1.636837596262511602e-02
7.777703875749068629e+00	5.116760358214378357e-02	1.723547592895603719e-02
7.797845876144304356e+00	5.101867020130157471e-02	1.761416040445167377e-02
7.817987876539540082e+00	5.003998056054115295e-02	1.786952906303465941e-02
7.838129876934775808e+00	4.943678155541419983e-02	1.821603724498749299e-02
7.858271877330011534e+00	4.979456588625907898e-02	1.880612327065106851e-02
7.878413877725247261e+00	4.824977740645408630e-02	1.905889137887281995e-02
7.898555878120482987e+00	4.850430041551589966e-02	1.963782997947072576e-02
7.918697878515718713e+00	4.919052496552467346e-02	2.040859915764347762e-02
7.938839878910954440e+00	4.919969663023948669e-02	2.111834790273238102e-02
7.958981879306190166e+00	4.739155247807502747e-02	2.148095386312343438e-02
7.979123879701425892e+00	5.043607950210571289e-02	2.303415664714363043e-02
7.999265880096661618e+00	4.946381226181983948e-02	2.379887022578604239e-02
8.019407880491897345e+00	5.074431374669075012e-02	2.523827971148532093e-02
8.039549880887133071e+00	5.169005692005157471e-02	2.677708101626726303e-02
8.059691881282368797e+00	5.149578303098678589e-02	2.826431079111307865e-02
8.079833881677604523e+00	5.260234698653221130e-02	3.042455661673948084e-02
8.099975882072840250e+00	4.982916638255119324e-02	3.178745324491332597e-02
8.120117882468077752e+00	4.746458679437637329e-02	3.373459007417978217e-02
8.140259882863313479e+00	4.735720530152320862e-02	3.730303741464803535e-02
8.160401883258549205e+00	5.354878678917884827e-02	4.493112639281599680e-02
8.180543883653784931e+00	4.902689158916473389e-02	5.091642209691935733e-02
8.200685884049020657e+00	4.814700037240982056e-02	6.506643730348124488e-02
8.220827884444256384e+00	5.801523104310035706e-02	1.220417695816145981e-01
