# Normalized	8004.0 eV	207
# q	I	Poisson error
# nm-1	cm-1	cm-1
1.474094827239109673e-01	5.073078632354736328e+00	5.620069937760309164e-01
1.635311436027687693e-01	4.913416862487792969e+00	3.052274989370194480e-01
1.796528044816265435e-01	4.791673183441162109e+00	2.342912285273962558e-01
1.957744653604843177e-01	4.658732891082763672e+00	1.967774868453876502e-01
2.118961262393421197e-01	4.457991123199462891e+00	1.674830818235059360e-01
2.280177871181999216e-01	4.293438434600830078e+00	1.453875821596977702e-01
2.441394479970576958e-01	4.142549037933349609e+00	1.287982369334747801e-01
2.602611088759154701e-01	3.954232931137084961e+00	1.254615975534283667e-01
2.763827697547732720e-01	3.798500776290893555e+00	1.213550276670905814e-01
2.925044306336310740e-01	3.632017374038696289e+00	1.170802731198491847e-01
3.086260915124888760e-01	3.466673612594604492e+00	1.134439642225671119e-01
3.247477523913466224e-01	3.305458545684814453e+00	1.074438112028568704e-01
3.408694132702044244e-01	3.133958816528320312e+00	9.873113123508076017e-02
3.569910741490622264e-01	2.984545469284057617e+00	9.273614339965731423e-02
3.731127350279199728e-01	2.823118925094604492e+00	8.732656584105570607e-02
3.892343959067777748e-01	2.666349887847900391e+00	8.217563381252820931e-02
4.053560567856355767e-01	2.515420913696289062e+00	7.756017686944303990e-02
4.214777176644933787e-01	2.367860078811645508e+00	7.348721626096124671e-02
4.375993785433511807e-01	2.210549354553222656e+00	6.938471370859204679e-02
4.537210394222089271e-01	2.069182634353637695e+00	6.570683568414611986e-02
4.698427003010667291e-01	1.922470331192016602e+00	6.204296499199932896e-02
4.859643611799245311e-01	1.787938833236694336e+00	5.847994141427471926e-02
5.020860220587822775e-01	1.658750534057617188e+00	5.509455078467307559e-02
5.182076829376400795e-01	1.532319545745849609e+00	5.196764246455836539e-02
5.343293438164978815e-01	1.408018469810485840e+00	4.890558205437577771e-02
5.504510046953556834e-01	1.291438579559326172e+00	4.713840129045573923e-02
5.665726655742134854e-01	1.187710285186767578e+00	4.546988069020078266e-02
5.826943264530712874e-01	1.078645825386047363e+00	4.322197125961008829e-02
5.988159873319289783e-01	9.840276837348937988e-01	4.106292222145239285e-02
6.149376482107868913e-01	8.934001326560974121e-01	3.872435888963148692e-02
6.310593090896445823e-01	8.088231682777404785e-01	3.640049021013813668e-02
6.471809699685023842e-01	7.286328077316284180e-01	3.425701155184038976e-02
6.633026308473601862e-01	6.572540402412414551e-01	3.228205248890921031e-02
6.794242917262179882e-01	5.885532498359680176e-01	3.030657099347093889e-02
6.955459526050757901e-01	5.252941846847534180e-01	2.787168381194564393e-02
7.116676134839335921e-01	4.700859189033508301e-01	2.546991044551323580e-02
7.277892743627913941e-01	4.173775613307952881e-01	2.345879643382097618e-02
7.439109352416490850e-01	3.697926104068756104e-01	2.168294319086362665e-02
7.600325961205068870e-01	3.273048996925354004e-01	2.012941342296903705e-02
7.761542569993646890e-01	2.877225577831268311e-01	1.858490928352957150e-02
7.922759178782224909e-01	2.521252632141113281e-01	1.712433389578833787e-02
8.083975787570802929e-01	2.216873615980148315e-01	1.581713096376254415e-02
8.245192396359380949e-01	1.937287896871566772e-01	1.457520829757968407e-02
8.406409005147958968e-01	1.689154952764511108e-01	1.342187735087758613e-02
8.567625613936535878e-01	1.474577486515045166e-01	1.237176005564339341e-02
8.728842222725113897e-01	1.282628625631332397e-01	1.138996342748879731e-02
8.890058831513691917e-01	1.119401603937149048e-01	1.050567899398980459e-02
9.051275440302269937e-01	9.721474349498748779e-02	9.672061205265843412e-03
9.212492049090847956e-01	8.493034541606903076e-02	8.935732392568319915e-03
9.373708657879425976e-01	7.433631271123886108e-02	8.264196456312969744e-03
9.534925266668003996e-01	6.516858190298080444e-02	7.652655873260892812e-03
9.696141875456582016e-01	5.732940882444381714e-02	7.099824873060731588e-03
9.857358484245160035e-01	5.073636770248413086e-02	6.606829344188356462e-03
1.001857509303373694e+00	4.522051662206649780e-02	6.176794358164888581e-03
1.017979170182231385e+00	4.073397070169448853e-02	5.805052554797869753e-03
1.034100831061089298e+00	3.669984638690948486e-02	5.456310737933298474e-03
1.050222491939947211e+00	3.346703946590423584e-02	5.163378112057646734e-03
1.066344152818804902e+00	3.084977529942989349e-02	4.912607033350926446e-03
1.082465813697662593e+00	2.890517003834247589e-02	4.713538883078152025e-03
1.098587474576520506e+00	2.689220383763313293e-02	4.507279718252168998e-03
1.114709135455378197e+00	2.538130059838294983e-02	4.342702839645372695e-03
1.130830796334235888e+00	2.420655824244022369e-02	4.209391606039528284e-03
1.146952457213093801e+00	2.328380197286605835e-02	4.100822801585799968e-03
1.163074118091951714e+00	2.206938341259956360e-02	4.041569981064765948e-03
1.179195778970809405e+00	2.155794762074947357e-02	4.020652990015717403e-03
1.195317439849667096e+00	2.063036710023880005e-02	3.927876070315486356e-03
1.211439100728525009e+00	2.031828463077545166e-02	3.894996145782930394e-03
1.227560761607382700e+00	1.932116784155368805e-02	3.795431089020096568e-03
1.243682422486240613e+00	1.897651702165603638e-02	3.757333886604569996e-03
1.259804083365098304e+00	1.852006837725639343e-02	3.706495234319440342e-03
1.275925744243956217e+00	1.787386462092399597e-02	3.635093660214095898e-03
1.292047405122813908e+00	1.747182570397853851e-02	3.587610606501601303e-03
1.308169066001671821e+00	1.670215465128421783e-02	3.436143123292679895e-03
1.324290726880529512e+00	1.596890203654766083e-02	3.294729133789049864e-03
1.340412387759387203e+00	1.546154823154211044e-02	3.212145731911421245e-03
1.356534048638245116e+00	1.479956414550542831e-02	3.121365319935703007e-03
1.372655709517102807e+00	1.436898205429315567e-02	3.057943761370148818e-03
1.388777370395960720e+00	1.395466271787881851e-02	2.997205271748371383e-03
1.404899031274818411e+00	1.322511397302150726e-02	2.903180910540383540e-03
1.421020692153676324e+00	1.267820410430431366e-02	2.828112898900076583e-03
1.437142353032534015e+00	1.219775527715682983e-02	2.760239302444823795e-03
1.453264013911391705e+00	1.174389105290174484e-02	2.695584130506869635e-03
1.469385674790249618e+00	1.113426219671964645e-02	2.612806412452377009e-03
1.485507335669107309e+00	1.052543148398399353e-02	2.528509477384764930e-03
1.501628996547965222e+00	1.026869751513004303e-02	2.486159850899222114e-03
1.517750657426822913e+00	9.555998258292675018e-03	2.387778335425908526e-03
1.533872318305680826e+00	8.980819024145603180e-03	2.304155486180876813e-03
1.549993979184538517e+00	8.474241942167282104e-03	2.225234732163402368e-03
1.566115640063396208e+00	8.162260055541992188e-03	2.168754624668585689e-03
1.582237300942254121e+00	7.968178950250148773e-03	2.122943774932501380e-03
1.598358961821111812e+00	7.546434178948402405e-03	2.044148642317385016e-03
1.614480622699969725e+00	7.195030804723501205e-03	1.975922702424573983e-03
1.630602283578827416e+00	6.849238183349370956e-03	1.910686240279164168e-03
1.646723944457685329e+00	6.540434435009956360e-03	1.850892808848517493e-03
1.662845605336543020e+00	5.888151004910469055e-03	1.741291518503592772e-03
1.678967266215400933e+00	5.784134380519390106e-03	1.710548227784829296e-03
1.695088927094258624e+00	5.593832116574048996e-03	1.667804824920709594e-03
1.711210587973116315e+00	5.340280942618846893e-03	1.616357417934277153e-03
1.727332248851974228e+00	4.965545609593391418e-03	1.546796514687961109e-03
1.743453909730831919e+00	4.744845908135175705e-03	1.502668299964793862e-03
1.759575570609689832e+00	4.694759845733642578e-03	1.486748444917595146e-03
1.775697231488547523e+00	4.545805044472217560e-03	1.455246593917965256e-03
1.791818892367405436e+00	4.286601673811674118e-03	1.405983473817283775e-03
1.807940553246263127e+00	4.226304590702056885e-03	1.388535447930002971e-03
1.824062214125121040e+00	4.051233176141977310e-03	1.352364626285868432e-03
1.840183875003978731e+00	3.896823152899742126e-03	1.319600000584704577e-03
1.856305535882836422e+00	3.835953073576092720e-03	1.302986329557729531e-03
1.872427196761694335e+00	3.823478473350405693e-03	1.294474400837256935e-03
1.888548857640552026e+00	3.563374280929565430e-03	1.243245618512834726e-03
1.904670518519409939e+00	3.458841703832149506e-03	1.218878895881425313e-03
1.920792179398267630e+00	3.440061816945672035e-03	1.209937516607227604e-03
1.936913840277125542e+00	3.212575567886233330e-03	1.163527111679701215e-03
1.953035501155983233e+00	3.230256959795951843e-03	1.161530705306335282e-03
1.969157162034840924e+00	3.139421110972762108e-03	1.139720956606342199e-03
1.985278822913698837e+00	3.081752220168709755e-03	1.124261281397420003e-03
2.001400483792556528e+00	3.045056015253067017e-03	1.112381032632439029e-03
2.017522144671414441e+00	3.273954149335622787e-03	1.148854110596079971e-03
2.033643805550272354e+00	2.944953972473740578e-03	1.084309573580496348e-03
2.049765466429129823e+00	2.656586933881044388e-03	1.025161296580066406e-03
2.065887127307987736e+00	2.864204347133636475e-03	1.060055730163372758e-03
2.082008788186845649e+00	2.824945142492651939e-03	1.048372645270249448e-03
2.098130449065703118e+00	2.638991223648190498e-03	1.008861058237045614e-03
2.114252109944561031e+00	2.645813394337892532e-03	1.005994297993680585e-03
2.130373770823418944e+00	2.655343152582645416e-03	1.003568807374065645e-03
2.146495431702276413e+00	2.660800702869892120e-03	1.000283159735792333e-03
2.162617092581134770e+00	2.536762040108442307e-03	9.727151935959599824e-04
2.178738753459992239e+00	2.494199434295296669e-03	9.604964683213942792e-04
2.194860414338849708e+00	2.567351795732975006e-03	9.707611389304639194e-04
2.210982075217708065e+00	2.516335342079401016e-03	9.571218217832092034e-04
2.227103736096565534e+00	2.417796757072210312e-03	9.344584685339840614e-04
2.243225396975423003e+00	2.410743618384003639e-03	9.294601594619366107e-04
2.259347057854281360e+00	2.332926960662007332e-03	9.106349226613247392e-04
2.275468718733138829e+00	2.335667610168457031e-03	9.076943438573827939e-04
2.291590379611997186e+00	2.155670896172523499e-03	8.685027240417564007e-04
2.307712040490854655e+00	2.234929706901311874e-03	8.799647750270661855e-04
2.323833701369712124e+00	2.181174932047724724e-03	8.652305821836501739e-04
2.339955362248570481e+00	2.066371729597449303e-03	8.388164791233280754e-04
2.356077023127427950e+00	2.138392999768257141e-03	8.502319570878954938e-04
2.372198684006285418e+00	2.207329962402582169e-03	8.607568756048952947e-04
2.388320344885143776e+00	2.193983644247055054e-03	8.615575232622157747e-04
2.404442005764001244e+00	2.174298278987407684e-03	8.653374878804932606e-04
2.420563666642858713e+00	2.203144365921616554e-03	8.740331514740490955e-04
2.436685327521717070e+00	2.071951050311326981e-03	8.495294320147394294e-04
2.452806988400574539e+00	2.082569990307092667e-03	8.532233975006671065e-04
2.468928649279432896e+00	2.031180541962385178e-03	8.436791881107588058e-04
2.485050310158290365e+00	2.002469031140208244e-03	8.381598532579794588e-04
2.501171971037147834e+00	2.062154700979590416e-03	8.511458357040475051e-04
2.517293631916006191e+00	1.995238242670893669e-03	8.372666431659271224e-04
2.533415292794863660e+00	1.891999854706227779e-03	8.101933756700956850e-04
2.549536953673721129e+00	1.988493138924241066e-03	8.189042351816182850e-04
2.565658614552579486e+00	2.023368142545223236e-03	8.197317945861366632e-04
2.581780275431436955e+00	1.974008046090602875e-03	8.039907736469632023e-04
2.597901936310294424e+00	1.954801846295595169e-03	7.953338818461736220e-04
2.614023597189152781e+00	1.879603369161486626e-03	7.756426067514285037e-04
2.630145258068010250e+00	1.888331957161426544e-03	7.735266115357866028e-04
2.646266918946867719e+00	1.944307587109506130e-03	7.811443139639406754e-04
2.662388579825726076e+00	1.926214667037129402e-03	7.740242350033669193e-04
2.678510240704583545e+00	1.844055019319057465e-03	7.538671436440485575e-04
2.694631901583441902e+00	1.829660264775156975e-03	7.477849073558042424e-04
2.710753562462299371e+00	1.911109779030084610e-03	7.613265776654394579e-04
2.726875223341156840e+00	1.885601785033941269e-03	7.531465027598356100e-04
2.742996884220015197e+00	1.819504890590906143e-03	7.368884537089351100e-04
2.759118545098872666e+00	1.960264984518289566e-03	7.618928645253295962e-04
2.775240205977730135e+00	1.943975104950368404e-03	7.558601742640448347e-04
2.791361866856588492e+00	1.781984698027372360e-03	7.208518564942858683e-04
2.807483527735445961e+00	1.825734041631221771e-03	7.270438319171136730e-04
2.823605188614303430e+00	1.857661874964833260e-03	7.307656297915345435e-04
2.839726849493161787e+00	1.717659644782543182e-03	7.000700905165466344e-04
2.855848510372019255e+00	1.790612470358610153e-03	7.123073966883332461e-04
2.871970171250876724e+00	1.815702067688107491e-03	7.148538616724084416e-04
2.888091832129735081e+00	1.795873627997934818e-03	7.084988651328322402e-04
2.904213493008592550e+00	1.760217128321528435e-03	6.990379536605912606e-04
2.920335153887450907e+00	1.782229985110461712e-03	7.009981472391221390e-04
2.936456814766308376e+00	1.768294023349881172e-03	6.960404046970832285e-04
2.952578475645165845e+00	1.669994904659688473e-03	6.739870133107556246e-04
2.968700136524024202e+00	1.805482315830886364e-03	6.988085156711724109e-04
2.984821797402881671e+00	1.772442017681896687e-03	6.900902648323137137e-04
3.000943458281739140e+00	1.772703137248754501e-03	6.963577358374351337e-04
3.017065119160597497e+00	1.770537579432129860e-03	6.994608738104139472e-04
3.033186780039454966e+00	1.821539597585797310e-03	7.118647117685404689e-04
3.049308440918312435e+00	1.847323728725314140e-03	7.185250429549185081e-04
3.065430101797170792e+00	1.880816067568957806e-03	7.262632564826134634e-04
3.081551762676028261e+00	1.832283334806561470e-03	7.175604956735121172e-04
3.097673423554886618e+00	1.729617826640605927e-03	6.975166421037096338e-04
3.113795084433744087e+00	1.843729871325194836e-03	7.206090176726658329e-04
3.129916745312601556e+00	1.792276394553482533e-03	7.106330061343525857e-04
3.146038406191459913e+00	1.575089641846716404e-03	6.589487200331872827e-04
3.162160067070317382e+00	1.803529448807239532e-03	6.985443748118708293e-04
3.178281727949174851e+00	1.817487529478967190e-03	6.963543452279109770e-04
3.194403388828033208e+00	1.703713904134929180e-03	6.702480553926030721e-04
3.210525049706890677e+00	1.760052167810499668e-03	6.779311383358475494e-04
3.226646710585748146e+00	1.806174637749791145e-03	6.836831961311615842e-04
3.242768371464606503e+00	1.734160934574902058e-03	6.669710941965517441e-04
3.258890032343463972e+00	1.657707383856177330e-03	6.493957592972474579e-04
3.275011693222321441e+00	1.748761162161827087e-03	6.645889139522408477e-04
3.291133354101179798e+00	1.791309216059744358e-03	6.701864511646892907e-04
3.307255014980037267e+00	1.875772606581449509e-03	6.834139760844932989e-04
3.323376675858895624e+00	1.710443873889744282e-03	6.502101498505869328e-04
3.339498336737753093e+00	1.701387227512896061e-03	6.462795130826574528e-04
3.355619997616610561e+00	1.676278305239975452e-03	6.393234700148839105e-04
3.371741658495468918e+00	1.722762011922895908e-03	6.461508328389297231e-04
3.387863319374326387e+00	1.829817076213657856e-03	6.638437725417112734e-04
3.403984980253183856e+00	1.685748924501240253e-03	6.350730160659291820e-04
3.420106641132042213e+00	1.711161574348807335e-03	6.379053038919062397e-04
3.436228302010899682e+00	1.660822774283587933e-03	6.264141209447696580e-04
3.452349962889757151e+00	1.747904228977859020e-03	6.408896148934816817e-04
3.468471623768615508e+00	1.673284335993230343e-03	6.251125872900445456e-04
3.484593284647472977e+00	1.694733044132590294e-03	6.272225678629389425e-04
3.500714945526331334e+00	1.637427718378603458e-03	6.148092005382134375e-04
3.516836606405188803e+00	1.762041123583912849e-03	6.360112672087569856e-04
3.532958267284046272e+00	1.627585617825388908e-03	6.093071666468148498e-04
3.549079928162904629e+00	1.668983954004943371e-03	6.153851005871653103e-04
3.565201589041762098e+00	1.759112579748034477e-03	6.301486592192743000e-04
3.581323249920619567e+00	1.713555655442178249e-03	6.201692952169437232e-04
3.597444910799477924e+00	1.640480244532227516e-03	6.050565519980609505e-04
3.613566571678335393e+00	1.594914938323199749e-03	5.949909258156794306e-04
3.629688232557192862e+00	1.650786492973566055e-03	6.038725350141413688e-04
3.645809893436051219e+00	1.556762726977467537e-03	5.848783002724664438e-04
3.661931554314908688e+00	1.773374155163764954e-03	6.228498809303218255e-04
3.678053215193766157e+00	1.713922829367220402e-03	6.107049208142865818e-04
3.694174876072624514e+00	1.614384120330214500e-03	5.910892849598894981e-04
3.710296536951481983e+00	1.681841560639441013e-03	6.019046923795940904e-04
3.726418197830340340e+00	1.639508525840938091e-03	5.926775916404665489e-04
3.742539858709197809e+00	1.652685808949172497e-03	5.935987398682091021e-04
3.758661519588055278e+00	1.667339005507528782e-03	5.947814247691616402e-04
3.774783180466913635e+00	1.619112561456859112e-03	5.846175406925378923e-04
3.790904841345771104e+00	1.618712674826383591e-03	5.830722795057241385e-04
3.807026502224628572e+00	1.743919099681079388e-03	6.039205819783985017e-04
3.823148163103486930e+00	1.674427883699536324e-03	5.903439231545894563e-04
3.839269823982344398e+00	1.745138200931251049e-03	6.011785775820306611e-04
3.855391484861201867e+00	1.645770622417330742e-03	5.822911958158388844e-04
3.871513145740060224e+00	1.505639054812490940e-03	5.554289399798503129e-04
3.887634806618917693e+00	1.642013085074722767e-03	5.788120897271079599e-04
3.903756467497775162e+00	1.594285946339368820e-03	5.689210997793807314e-04
3.919878128376633519e+00	1.657566172070801258e-03	5.788113059290555650e-04
3.935999789255490988e+00	1.568246399983763695e-03	5.615771324507764280e-04
3.952121450134349345e+00	1.658113207668066025e-03	5.761830802027783065e-04
3.968243111013206814e+00	1.618374488316476345e-03	5.735655766579035586e-04
3.984364771892064283e+00	1.603553188033401966e-03	5.746307754326205859e-04
4.000486432770922640e+00	1.603499869816005230e-03	5.761822628924856199e-04
4.016608093649780109e+00	1.627450226806104183e-03	5.806019337218108409e-04
4.032729754528637578e+00	1.620792783796787262e-03	5.800764508652523667e-04
4.048851415407495935e+00	1.492481096647679806e-03	5.571924691843860864e-04
4.064973076286353404e+00	1.634798478335142136e-03	5.838912346142396135e-04
4.081094737165210873e+00	1.595995621755719185e-03	5.772979180211361590e-04
4.097216398044069230e+00	1.692878082394599915e-03	5.949621647514496655e-04
4.113338058922926699e+00	1.639258116483688354e-03	5.856233627768137572e-04
4.129459719801785056e+00	1.534772454760968685e-03	5.663320109145679807e-04
4.145581380680642525e+00	1.615129294805228710e-03	5.803296321926772021e-04
4.161703041559499994e+00	1.597110182046890259e-03	5.763351294545421147e-04
4.177824702438358351e+00	1.561301876790821552e-03	5.695615676318572119e-04
4.193946363317215820e+00	1.547835068777203560e-03	5.669321669671863054e-04
4.210068024196074177e+00	1.694277627393603325e-03	5.935892207202397722e-04
4.226189685074931646e+00	1.557948300614953041e-03	5.755996350687812976e-04
4.242311345953789115e+00	1.461238018237054348e-03	5.615756995210291307e-04
4.258433006832647472e+00	1.471668481826782227e-03	5.668242411030588023e-04
4.274554667711504941e+00	1.578293857164680958e-03	5.898578239067279452e-04
4.290676328590362409e+00	1.630928716622292995e-03	6.020586485446802411e-04
4.306797989469220767e+00	1.619162969291210175e-03	6.020299824168390875e-04
4.322919650348078235e+00	1.519486191682517529e-03	5.849846757592108313e-04
4.339041311226935704e+00	1.548417261801660061e-03	5.924999034319228253e-04
4.355162972105794061e+00	1.525593106634914875e-03	5.941174043124633009e-04
4.371284632984651530e+00	1.649888930842280388e-03	6.238815318193641126e-04
4.387406293863509887e+00	1.814001589082181454e-03	6.596466717301366356e-04
4.403527954742367356e+00	1.573708839714527130e-03	6.207031535178444970e-04
4.419649615621224825e+00	1.559056807309389114e-03	6.257936257060641404e-04
4.435771276500083182e+00	1.519051264040172100e-03	6.238585117805158908e-04
4.451892937378940651e+00	1.506259432062506676e-03	6.254090511475967392e-04
4.468014598257798120e+00	1.578959403559565544e-03	6.437623769712824033e-04
4.484136259136656477e+00	1.600860385224223137e-03	6.515472940737699345e-04
4.500257920015513946e+00	1.483735162764787674e-03	6.299594792958590006e-04
4.516379580894371415e+00	1.487176516093313694e-03	6.332758021623307925e-04
4.532501241773229772e+00	1.524176099337637424e-03	6.435803915499345527e-04
4.548622902652087241e+00	1.466455636546015739e-03	6.434992248180107380e-04
4.564744563530944710e+00	1.612661522813141346e-03	6.871228450111051137e-04
4.580866224409803067e+00	1.585873309522867203e-03	6.879989452520757177e-04
4.596987885288660536e+00	1.687682815827429295e-03	7.147444357194011107e-04
4.613109546167518893e+00	1.476815319620072842e-03	6.730680745124981417e-04
4.629231207046376362e+00	1.437108265236020088e-03	6.678244716740080328e-04
4.645352867925233831e+00	1.421314664185047150e-03	6.677324110593832376e-04
4.661474528804092188e+00	1.598695758730173111e-03	7.120051925898323577e-04
4.677596189682949657e+00	1.522621489129960537e-03	6.980759504200773156e-04
4.693717850561807126e+00	1.374264946207404137e-03	6.649954520836264329e-04
4.709839511440665483e+00	1.580707263201475143e-03	7.149201403251817782e-04
4.725961172319522952e+00	1.601601252332329750e-03	7.216069488977461472e-04
4.742082833198380420e+00	1.398863387294113636e-03	6.768272050037820332e-04
4.758204494077238778e+00	1.552398083731532097e-03	7.159274393551925183e-04
4.774326154956096246e+00	1.436267979443073273e-03	6.910988073988943948e-04
4.790447815834954604e+00	1.481316634453833103e-03	7.044989841062261051e-04
4.806569476713812072e+00	1.668610959313809872e-03	7.505031472998279548e-04
4.822691137592669541e+00	1.532365684397518635e-03	7.313946749516096963e-04
4.838812798471527898e+00	1.440785476006567478e-03	7.249782367019882339e-04
4.854934459350385367e+00	1.415641163475811481e-03	7.301443195146374663e-04
4.871056120229242836e+00	1.458636019378900528e-03	7.514635913688250688e-04
4.887177781108101193e+00	1.558466465212404728e-03	7.866826671422217027e-04
4.903299441986958662e+00	1.476531615480780602e-03	7.747204309223592201e-04
4.919421102865816131e+00	1.521399361081421375e-03	7.953765397995116041e-04
4.935542763744674488e+00	1.556700794026255608e-03	8.133893872332726566e-04
4.951664424623531957e+00	1.492209266871213913e-03	8.045282184440697912e-04
4.967786085502389426e+00	1.516016433015465736e-03	8.182276945058015397e-04
4.983907746381247783e+00	1.415167702361941338e-03	7.971630887858121824e-04
5.000029407260105252e+00	1.630800310522317886e-03	8.631207480245422538e-04
5.016151068138963609e+00	1.640766509808599949e-03	8.728051748106583968e-04
5.032272729017821078e+00	1.634347834624350071e-03	8.780655089652340296e-04
5.048394389896678547e+00	1.371966907754540443e-03	8.112325850654978406e-04
5.064516050775536904e+00	1.482459367252886295e-03	8.514737884706819176e-04
5.080637711654394373e+00	1.564820762723684311e-03	8.833047028556969410e-04
5.096759372533251842e+00	1.453337026759982109e-03	8.594480257344567359e-04
5.112881033412110199e+00	1.537835109047591686e-03	8.923051948496917496e-04
5.129002694290967668e+00	1.461105886846780777e-03	8.767233025577537411e-04
5.145124355169825137e+00	1.503567676991224289e-03	8.957564365209527875e-04
5.161246016048683494e+00	1.446075970306992531e-03	8.846309109263199083e-04
5.177367676927540963e+00	1.531217596493661404e-03	9.169156679556449228e-04
5.193489337806398431e+00	1.705467235296964645e-03	9.755272705005284565e-04
5.209610998685256789e+00	1.566241611726582050e-03	9.434629505377425387e-04
5.225732659564114257e+00	1.513755763880908489e-03	9.363123136841994005e-04
5.241854320442972615e+00	1.681118970736861229e-03	9.963089940339285230e-04
5.257975981321830083e+00	1.518994569778442383e-03	9.559580500930679563e-04
5.274097642200687552e+00	1.392569625750184059e-03	9.240090548945887076e-04
5.290219303079545909e+00	1.433261670172214508e-03	9.466326482178346463e-04
5.306340963958403378e+00	1.584097393788397312e-03	1.005156633820247693e-03
5.322462624837260847e+00	1.410490483976900578e-03	9.576433941946668098e-04
5.338584285716119204e+00	1.617468311451375484e-03	1.036073305951837201e-03
5.354705946594976673e+00	1.557477749884128571e-03	1.026830761038455405e-03
5.370827607473834142e+00	1.507360837422311306e-03	1.020468980323403687e-03
5.386949268352692499e+00	1.546164741739630699e-03	1.044173166373392079e-03
5.403070929231549968e+00	1.371001708321273327e-03	9.936867480969272057e-04
5.419192590110408325e+00	1.578612136654555798e-03	1.077382369175347620e-03
5.435314250989265794e+00	1.657026354223489761e-03	1.113239903500998869e-03
5.451435911868123263e+00	1.618480193428695202e-03	1.108759077773825968e-03
5.467557572746981620e+00	1.546518527902662754e-03	1.092249992616880399e-03
5.483679233625839089e+00	1.618995913304388523e-03	1.126368803330283141e-03
5.499800894504696558e+00	1.545296516269445419e-03	1.109623463768916402e-03
5.515922555383554915e+00	1.605306053534150124e-03	1.142261267318922741e-03
5.532044216262412384e+00	1.480307895690202713e-03	1.109110536566155396e-03
5.548165877141269853e+00	1.377478707581758499e-03	1.082039903442548771e-03
5.564287538020128210e+00	1.340995891951024532e-03	1.080082704494420487e-03
5.580409198898985679e+00	1.608760328963398933e-03	1.197476031810552509e-03
5.596530859777843148e+00	1.197701320052146912e-03	1.045252836474418147e-03
5.612652520656701505e+00	1.409614807926118374e-03	1.148723722005259330e-03
5.628774181535558974e+00	1.610540901310741901e-03	1.243079186745341645e-03
5.644895842414417331e+00	1.450259587727487087e-03	1.194448930616597970e-03
5.661017503293274800e+00	1.522103324532508850e-03	1.239852764333234563e-03
5.677139164172132269e+00	1.307358848862349987e-03	1.164119419686857884e-03
5.693260825050990626e+00	1.804239000193774700e-03	1.386895377332617377e-03
5.709382485929848094e+00	1.551022753119468689e-03	1.303610245629505636e-03
5.725504146808705563e+00	1.562548102810978889e-03	1.327085077243781450e-03
5.741625807687563920e+00	1.487650792114436626e-03	1.313762033153016576e-03
5.757747468566421389e+00	1.583651639521121979e-03	1.375936840177409979e-03
5.773869129445278858e+00	1.723050721921026707e-03	1.457515554511917008e-03
5.789990790324137215e+00	1.674649771302938461e-03	1.460896424536017608e-03
5.806112451202994684e+00	1.659912988543510437e-03	1.477389743372469659e-03
5.822234112081852153e+00	1.693982747383415699e-03	1.516793321449150071e-03
5.838355772960710510e+00	1.623670570552349091e-03	1.510707411628262964e-03
5.854477433839567979e+00	1.331952167674899101e-03	1.393976858979079818e-03
5.870599094718426336e+00	1.542526995763182640e-03	1.526031140011972027e-03
5.886720755597283805e+00	1.665703603066504002e-03	1.615852234586418953e-03
5.902842416476141274e+00	1.796828815713524818e-03	1.711606630106033821e-03
5.918964077354999631e+00	1.887892023660242558e-03	1.790161339467043417e-03
5.935085738233857100e+00	1.397831132635474205e-03	1.572499301698240164e-03
5.951207399112714569e+00	1.547832041978836060e-03	1.691458033153495641e-03
5.967329059991572926e+00	1.822369289584457874e-03	1.877825604214684646e-03
5.983450720870430395e+00	1.806452870368957520e-03	1.914279620345373445e-03
5.999572381749287864e+00	1.870044623501598835e-03	1.996985894729534118e-03
6.015694042628146221e+00	2.146728802472352982e-03	2.196099607830181554e-03
6.031815703507003690e+00	2.130600623786449432e-03	2.248441230008343863e-03
6.047937364385862047e+00	2.611294854432344437e-03	2.563032679155709346e-03
6.064059025264719516e+00	2.444084733724594116e-03	2.556245146799419801e-03
6.080180686143576985e+00	2.304486697539687157e-03	2.577221099656979916e-03
6.096302347022435342e+00	2.095663687214255333e-03	2.575434989235002650e-03
6.112424007901292811e+00	1.669269055128097534e-03	2.416446347824564335e-03
6.128545668780150280e+00	1.974349841475486755e-03	2.812833883311399545e-03
6.144667329659008637e+00	1.425571157597005367e-03	2.510456147442988693e-03
6.160788990537866106e+00	1.319025992415845394e-03	2.502590976654655002e-03
6.176910651416723574e+00	1.974045997485518456e-03	3.154033359984895722e-03
6.193032312295581931e+00	1.770565053448081017e-03	3.049324147541090848e-03
6.209153973174439400e+00	1.985603012144565582e-03	3.299239887140509309e-03
6.225275634053296869e+00	1.586399157531559467e-03	3.015571290467771240e-03
6.241397294932155226e+00	1.406428171321749687e-03	2.906218618741956885e-03
6.257518955811012695e+00	1.474094926379621029e-03	3.048605370241005627e-03
6.273640616689871052e+00	9.361247648485004902e-04	2.491530863822614614e-03
6.289762277568728521e+00	1.616583787836134434e-03	3.369421459281278421e-03
6.305883938447585990e+00	1.918554538860917091e-03	3.780438476615070442e-03
6.322005599326444347e+00	1.172291231341660023e-03	3.036491408894583226e-03
6.338127260205301816e+00	1.123882248066365719e-03	3.068548264495813641e-03
6.354248921084159285e+00	1.387858064845204353e-03	3.529080561300173852e-03
6.370370581963017642e+00	1.927979406900703907e-03	4.312818016520938644e-03
6.386492242841875111e+00	2.097919350489974022e-03	4.676539519857014597e-03
6.402613903720732580e+00	1.830341643653810024e-03	4.558096984713258179e-03
6.418735564599590937e+00	1.450139912776648998e-03	4.248067279383887021e-03
6.434857225478448406e+00	1.506308908574283123e-03	4.552099310370366983e-03
6.450978886357306763e+00	2.045666798949241638e-03	5.612052388282494884e-03
6.467100547236164232e+00	1.943964394740760326e-03	5.827570378553851259e-03
6.483222208115021701e+00	2.048664959147572517e-03	6.424472987854762049e-03
6.499343868993880058e+00	1.969330012798309326e-03	6.851459681195244157e-03
6.515465529872737527e+00	1.553771318867802620e-03	6.738778832854402587e-03
6.531587190751594996e+00	1.209585461765527725e-03	6.735104583667527942e-03
6.547708851630453353e+00	2.445942023769021034e-03	1.135052084798508082e-02
6.563830512509310822e+00	1.397616346366703510e-03	1.106847869042493736e-02
6.579952173388169179e+00	2.320819767192006111e-03	2.438524065303196431e-02
