# Normalized	8324.0 eV	207
# q	I	Poisson error
# nm-1	cm-1	cm-1
1.533027402487101842e-01	4.154197216033935547e+00	5.082668333370078395e-01
1.700689274230457460e-01	4.000576972961425781e+00	2.750973009212225873e-01
1.868351145973813354e-01	3.890176057815551758e+00	2.107768303885300676e-01
2.036013017717168971e-01	3.766204357147216797e+00	1.765882232057248979e-01
2.203674889460524589e-01	3.577279567718505859e+00	1.496726507020972319e-01
2.371336761203880483e-01	3.449149847030639648e+00	1.299717327401317402e-01
2.538998632947235823e-01	3.318783998489379883e+00	1.149444114989834898e-01
2.706660504690591718e-01	3.149820327758789062e+00	1.116295946288336088e-01
2.874322376433947612e-01	3.009797334671020508e+00	1.076720045853734598e-01
3.041984248177302952e-01	2.863494157791137695e+00	1.036036144095929395e-01
3.209646119920659402e-01	2.721187353134155273e+00	1.001558094558236550e-01
3.377307991664014741e-01	2.582771539688110352e+00	9.462362727004752783e-02
3.544969863407370081e-01	2.435225963592529297e+00	8.668201635371185210e-02
3.712631735150726531e-01	2.307327032089233398e+00	8.119144639022950194e-02
3.880293606894081870e-01	2.166671276092529297e+00	7.615502328985425395e-02
4.047955478637437210e-01	2.033228874206542969e+00	7.141462327337966265e-02
4.215617350380793660e-01	1.905997991561889648e+00	6.717435421037565302e-02
4.383279222124148999e-01	1.780311942100524902e+00	6.338430702062249067e-02
4.550941093867504339e-01	1.650562405586242676e+00	5.962758967349177097e-02
4.718602965610860789e-01	1.531665325164794922e+00	5.620886297299336476e-02
4.886264837354216128e-01	1.406818270683288574e+00	5.275460267590977720e-02
5.053926709097571468e-01	1.297306299209594727e+00	4.950394623412927853e-02
5.221588580840927918e-01	1.193391442298889160e+00	4.643182484242782543e-02
5.389250452584283257e-01	1.094557166099548340e+00	4.363551035901979541e-02
5.556912324327638597e-01	9.961668848991394043e-01	4.086183166839507663e-02
5.724574196070995047e-01	9.029823541641235352e-01	3.915276949386708311e-02
5.892236067814350386e-01	8.225343227386474609e-01	3.758790814267951030e-02
6.059897939557706836e-01	7.388746142387390137e-01	3.553482159897451698e-02
6.227559811301062176e-01	6.662220358848571777e-01	3.356167085470489198e-02
6.395221683044417516e-01	5.992154479026794434e-01	3.150276688713311152e-02
6.562883554787772855e-01	5.357692837715148926e-01	2.942689403405614884e-02
6.730545426531129305e-01	4.767633676528930664e-01	2.752497878651177787e-02
6.898207298274484645e-01	4.240418672561645508e-01	2.575570268852702543e-02
7.065869170017839984e-01	3.761435747146606445e-01	2.406840015012898584e-02
7.233531041761196434e-01	3.298407196998596191e-01	2.193690538320718086e-02
7.401192913504551774e-01	2.916105985641479492e-01	1.992334703840808324e-02
7.568854785247907113e-01	2.557317614555358887e-01	1.823748476227466178e-02
7.736516656991263563e-01	2.232981324195861816e-01	1.673503237044542125e-02
7.904178528734618903e-01	1.946018785238265991e-01	1.541702837972020596e-02
8.071840400477974242e-01	1.693603843450546265e-01	1.416525923493347841e-02
8.239502272221330692e-01	1.462677866220474243e-01	1.295903195495449328e-02
8.407164143964686032e-01	1.274480968713760376e-01	1.191782931322372084e-02
8.574826015708041371e-01	1.098560839891433716e-01	1.090852529629988792e-02
8.742487887451397821e-01	9.486827254295349121e-02	9.999211567919922064e-03
8.910149759194753161e-01	8.204405009746551514e-02	9.175657827705126918e-03
9.077811630938108500e-01	7.124850153923034668e-02	8.443168176875294820e-03
9.245473502681464950e-01	6.201911717653274536e-02	7.779557789749036445e-03
9.413135374424820290e-01	5.358612164855003357e-02	7.145715334742711380e-03
9.580797246168175629e-01	4.698483645915985107e-02	6.615686597899912702e-03
9.748459117911532079e-01	4.142992943525314331e-02	6.143138156444804404e-03
9.916120989654887419e-01	3.656246140599250793e-02	5.709096989542313851e-03
1.008378286139824498e+00	3.298681229352951050e-02	5.366153944827105685e-03
1.025144473314159921e+00	2.944612875580787659e-02	5.016338534444765747e-03
1.041910660488495566e+00	2.675701677799224854e-02	4.736778487449573409e-03
1.058676847662831211e+00	2.483914420008659363e-02	4.520775057734208353e-03
1.075443034837166634e+00	2.307170815765857697e-02	4.315825628473462204e-03
1.092209222011502279e+00	2.157277427613735199e-02	4.136627523703712700e-03
1.108975409185837924e+00	2.075045555830001831e-02	4.021791504902018019e-03
1.125741596360173347e+00	1.952388323843479156e-02	3.867161930743997968e-03
1.142507783534508992e+00	1.846555434167385101e-02	3.729052317950341897e-03
1.159273970708844415e+00	1.791638135910034180e-02	3.643630373996008774e-03
1.176040157883180060e+00	1.720457337796688080e-02	3.544125457344891091e-03
1.192806345057515705e+00	1.665057614445686340e-02	3.463512594847846082e-03
1.209572532231851127e+00	1.605616137385368347e-02	3.443497066161098092e-03
1.226338719406186772e+00	1.544599700719118118e-02	3.399335596984157278e-03
1.243104906580522417e+00	1.521595567464828491e-02	3.370005713195315875e-03
1.259871093754857840e+00	1.467869710177183151e-02	3.307004669790387756e-03
1.276637280929193485e+00	1.409936975687742233e-02	3.238976949733156883e-03
1.293403468103529130e+00	1.377051603049039841e-02	3.197422404597518794e-03
1.310169655277864553e+00	1.313840225338935852e-02	3.118297499855078245e-03
1.326935842452200198e+00	1.261153724044561386e-02	3.049929088762435170e-03
1.343702029626535843e+00	1.204672735184431076e-02	2.975239522257748515e-03
1.360468216800871266e+00	1.173024158924818039e-02	2.876291048941849275e-03
1.377234403975206911e+00	1.121924910694360733e-02	2.758422459814016247e-03
1.394000591149542556e+00	1.074730139225721359e-02	2.674818443490428656e-03
1.410766778323877979e+00	1.027179975062608719e-02	2.597309984941123355e-03
1.427532965498213624e+00	9.728305973112583160e-03	2.512844978207270149e-03
1.444299152672549269e+00	9.366034530103206635e-03	2.452175973561910357e-03
1.461065339846884692e+00	8.941584266722202301e-03	2.384111860323800437e-03
1.477831527021220337e+00	8.493184112012386322e-03	2.311734325668780756e-03
1.494597714195555982e+00	7.782761007547378540e-03	2.201497349804478962e-03
1.511363901369891405e+00	7.537736557424068451e-03	2.156417091182310716e-03
1.528130088544227050e+00	7.381606847047805786e-03	2.124682826436864388e-03
1.544896275718562695e+00	7.048332598060369492e-03	2.066627467772873521e-03
1.561662462892898118e+00	6.647279486060142517e-03	1.997596053108348802e-03
1.578428650067233763e+00	6.022615823894739151e-03	1.892922650254036171e-03
1.595194837241569408e+00	6.027018651366233826e-03	1.885457566057209891e-03
1.611961024415904831e+00	5.572713445872068405e-03	1.802379257324362993e-03
1.628727211590240476e+00	5.126402247697114944e-03	1.716432415945223951e-03
1.645493398764576121e+00	5.061449017375707626e-03	1.689787865063740145e-03
1.662259585938911544e+00	4.616820253431797028e-03	1.596600796779905612e-03
1.679025773113247189e+00	4.701783414930105209e-03	1.595454322044168949e-03
1.695791960287582834e+00	4.173635505139827728e-03	1.489430803729998058e-03
1.712558147461918256e+00	4.106801468878984451e-03	1.464806415826067510e-03
1.729324334636253901e+00	4.147605039179325104e-03	1.460271926997165409e-03
1.746090521810589546e+00	3.909316845238208771e-03	1.404928428859860117e-03
1.762856708984924969e+00	3.760195337235927582e-03	1.366086359912927015e-03
1.779622896159260614e+00	3.613977925851941109e-03	1.328455254660722935e-03
1.796389083333596259e+00	3.390905680134892464e-03	1.277118965169188975e-03
1.813155270507931904e+00	3.361505456268787384e-03	1.263873638766353389e-03
1.829921457682267327e+00	3.235386218875646591e-03	1.233211157949918452e-03
1.846687644856602972e+00	3.146567149087786674e-03	1.209771471027905158e-03
1.863453832030938617e+00	3.141852794215083122e-03	1.202988854594834673e-03
1.880220019205274040e+00	3.079136367887258530e-03	1.184480374402800120e-03
1.896986206379609685e+00	2.965475199744105339e-03	1.156364877682104948e-03
1.913752393553945330e+00	2.869534073397517204e-03	1.131754738158935241e-03
1.930518580728280753e+00	2.871233969926834106e-03	1.126734078186267252e-03
1.947284767902616398e+00	2.881708554923534393e-03	1.123265222999078649e-03
1.964050955076952043e+00	2.671943046152591705e-03	1.076049036411154836e-03
1.980817142251287466e+00	2.667682711035013199e-03	1.070029594186594143e-03
1.997583329425623111e+00	2.443893346935510635e-03	1.019156459476431740e-03
2.014349516599958978e+00	2.612371928989887238e-03	1.049006941437602251e-03
2.031115703774294179e+00	2.535209758207201958e-03	1.028679068960067482e-03
2.047881890948629824e+00	2.476989524438977242e-03	1.012058205222071466e-03
2.064648078122965469e+00	2.411616267636418343e-03	9.942177181248299314e-04
2.081414265297301114e+00	2.458454342558979988e-03	9.992841526048740729e-04
2.098180452471636759e+00	2.378767589107155800e-03	9.787111610095238032e-04
2.114946639645972404e+00	2.287735696882009506e-03	9.553601252933074548e-04
2.131712826820307605e+00	2.315669553354382515e-03	9.571464176113097643e-04
2.148479013994643250e+00	2.285093534737825394e-03	9.465983248744366980e-04
2.165245201168978895e+00	2.322083571925759315e-03	9.503379393802738632e-04
2.182011388343314540e+00	2.262455411255359650e-03	9.340915747907517367e-04
2.198777575517650185e+00	2.126518636941909790e-03	9.016761912460581792e-04
2.215543762691985830e+00	2.202295232564210892e-03	9.138314125725076646e-04
2.232309949866321475e+00	2.120015211403369904e-03	8.926338377499619479e-04
2.249076137040656675e+00	2.072955947369337082e-03	8.791512055027835178e-04
2.265842324214992320e+00	2.088984241709113121e-03	8.789286658866885199e-04
2.282608511389327965e+00	1.960997236892580986e-03	8.480869086698470055e-04
2.299374698563663610e+00	2.098915167152881622e-03	8.740375319598459990e-04
2.316140885737999255e+00	2.051573945209383965e-03	8.607304131882501964e-04
2.332907072912334900e+00	2.065214561298489571e-03	8.602486241080639293e-04
2.349673260086670545e+00	1.997529529035091400e-03	8.426091162722464112e-04
2.366439447261005746e+00	1.959506422281265259e-03	8.313152642689189279e-04
2.383205634435341391e+00	1.855021691881120205e-03	8.056516267717100553e-04
2.399971821609677036e+00	2.042543608695268631e-03	8.413811617664859353e-04
2.416738008784012681e+00	1.969725126400589943e-03	8.223305006634464877e-04
2.433504195958348326e+00	1.831548754125833511e-03	7.897744678904094996e-04
2.450270383132683971e+00	1.895070541650056839e-03	8.004568787880036920e-04
2.467036570307019172e+00	1.677717547863721848e-03	7.501310622194889109e-04
2.483802757481354817e+00	1.770862261764705181e-03	7.738706522978318130e-04
2.500568944655690462e+00	1.756934798322618008e-03	7.777057485434950464e-04
2.517335131830026107e+00	1.816434669308364391e-03	7.935106819912541437e-04
2.534101319004361752e+00	1.932963030412793159e-03	8.207266671682486277e-04
2.550867506178697397e+00	1.832058303989470005e-03	8.003017543852336503e-04
2.567633693353032598e+00	1.776858931407332420e-03	7.891208879586327635e-04
2.584399880527368243e+00	1.904277130961418152e-03	8.175788323408353722e-04
2.601166067701703888e+00	1.778039266355335712e-03	7.903325729169386436e-04
2.617932254876039533e+00	1.750102615915238857e-03	7.841782607360011075e-04
2.634698442050375178e+00	1.857512397691607475e-03	8.030702930825000217e-04
2.651464629224710823e+00	1.814054092392325401e-03	7.822837763591086648e-04
2.668230816399046024e+00	1.690919743850827217e-03	7.492919146078037915e-04
2.684997003573381669e+00	1.699791755527257919e-03	7.460501068343503408e-04
2.701763190747717314e+00	1.732081756927073002e-03	7.487084424651853148e-04
2.718529377922052959e+00	1.730711432173848152e-03	7.444250389857737585e-04
2.735295565096388604e+00	1.789777190424501896e-03	7.532770065165610585e-04
2.752061752270724249e+00	1.663163653574883938e-03	7.224389296084344440e-04
2.768827939445059449e+00	1.655114465393126011e-03	7.174749684718812045e-04
2.785594126619395094e+00	1.623045303858816624e-03	7.072857194754368984e-04
2.802360313793730739e+00	1.653800834901630878e-03	7.110323074486291691e-04
2.819126500968066384e+00	1.859724172390997410e-03	7.512965563100612067e-04
2.835892688142402029e+00	1.731762429699301720e-03	7.219015644865755914e-04
2.852658875316737674e+00	1.706961775198578835e-03	7.139103687505307617e-04
2.869425062491072875e+00	1.639458001591265202e-03	6.966919472382991250e-04
2.886191249665408520e+00	1.737928600050508976e-03	7.147537478429773694e-04
2.902957436839744165e+00	1.639545895159244537e-03	6.915705866561456128e-04
2.919723624014079810e+00	1.671421458013355732e-03	6.957606324683377049e-04
2.936489811188415455e+00	1.644622767344117165e-03	6.876357699062732006e-04
2.953255998362751100e+00	1.752919866703450680e-03	7.075788117354948415e-04
2.970022185537086301e+00	1.644445233978331089e-03	6.827417437920836434e-04
2.986788372711421946e+00	1.499497797340154648e-03	6.495407706542807250e-04
3.003554559885757591e+00	1.681590802036225796e-03	6.857527280015839055e-04
3.020320747060093236e+00	1.732347300276160240e-03	6.937624047550251805e-04
3.037086934234428881e+00	1.685730298049747944e-03	6.819453225447901293e-04
3.053853121408764526e+00	1.732572447508573532e-03	6.892447477292224954e-04
3.070619308583099727e+00	1.666275784373283386e-03	6.735340710466358521e-04
3.087385495757435372e+00	1.635099644772708416e-03	6.651136746411107168e-04
3.104151682931771017e+00	1.697375788353383541e-03	6.755364017422978672e-04
3.120917870106106662e+00	1.665627816691994667e-03	6.751742529409341049e-04
3.137684057280442307e+00	1.661965157836675644e-03	6.778469261375635185e-04
3.154450244454777952e+00	1.676550600677728653e-03	6.830791398632151496e-04
3.171216431629113153e+00	1.639205380342900753e-03	6.768952327504387714e-04
3.187982618803448798e+00	1.606815843842923641e-03	6.712533419034440521e-04
3.204748805977784443e+00	1.678921747952699661e-03	6.869963158733618028e-04
3.221514993152120088e+00	1.603397307917475700e-03	6.717246551447473256e-04
3.238281180326455733e+00	1.770311500877141953e-03	7.063489512076401950e-04
3.255047367500791378e+00	1.546214567497372627e-03	6.600459195707040344e-04
3.271813554675126579e+00	1.481288811191916466e-03	6.391832177476087715e-04
3.288579741849462224e+00	1.585197402164340019e-03	6.549296802405803935e-04
3.305345929023797868e+00	1.556055853143334389e-03	6.443069495066792085e-04
3.322112116198133513e+00	1.543980790302157402e-03	6.381462093611136492e-04
3.338878303372469158e+00	1.673145568929612637e-03	6.611808298399252191e-04
3.355644490546804803e+00	1.685074181295931339e-03	6.605267218803800551e-04
3.372410677721140004e+00	1.635042019188404083e-03	6.478081425853496030e-04
3.389176864895475649e+00	1.564977806992828846e-03	6.311445569164699041e-04
3.405943052069811294e+00	1.537348493002355099e-03	6.231541223566960681e-04
3.422709239244146939e+00	1.632823259569704533e-03	6.399611108436498857e-04
3.439475426418482584e+00	1.581857912242412567e-03	6.275390165680381572e-04
3.456241613592818229e+00	1.620033988729119301e-03	6.329780786947855750e-04
3.473007800767153874e+00	1.467215479351580143e-03	6.001522166081646285e-04
3.489773987941489075e+00	1.543901278637349606e-03	6.136827678844547496e-04
3.506540175115824720e+00	1.432557706721127033e-03	5.891447522155808351e-04
3.523306362290160365e+00	1.674993312917649746e-03	6.352594817152602347e-04
3.540072549464496010e+00	1.574457390233874321e-03	6.139049317455741103e-04
3.556838736638831655e+00	1.589569728821516037e-03	6.149670592304703641e-04
3.573604923813167300e+00	1.583351404406130314e-03	6.118237645551955753e-04
3.590371110987502501e+00	1.591788255609571934e-03	6.117040109558386906e-04
3.607137298161838146e+00	1.520658959634602070e-03	5.960168062081956826e-04
3.623903485336173791e+00	1.642852206714451313e-03	6.177825163911986701e-04
3.640669672510509436e+00	1.682299538515508175e-03	6.235354568931610400e-04
3.657435859684845081e+00	1.613278873264789581e-03	6.086881086148641972e-04
3.674202046859180726e+00	1.646407763473689556e-03	6.131410301366758053e-04
3.690968234033515927e+00	1.680698362179100513e-03	6.178604095818584704e-04
3.707734421207851572e+00	1.610223785974085331e-03	6.030065440810290431e-04
3.724500608382187217e+00	1.527250511571764946e-03	5.855438673701158364e-04
3.741266795556522862e+00	1.583910081535577774e-03	5.947523250035207732e-04
3.758032982730858507e+00	1.526298350654542446e-03	5.822455609862664527e-04
3.774799169905194152e+00	1.539390301331877708e-03	5.832880595638590022e-04
3.791565357079529353e+00	1.472148112952709198e-03	5.689267879084491854e-04
3.808331544253864998e+00	1.515562064014375210e-03	5.757734145698306313e-04
3.825097731428200643e+00	1.488816575147211552e-03	5.691957720621183261e-04
3.841863918602536287e+00	1.647579600103199482e-03	5.974740012623582387e-04
3.858630105776871932e+00	1.590357045643031597e-03	5.854839001876219586e-04
3.875396292951207577e+00	1.469567068852484226e-03	5.611873334082953220e-04
3.892162480125542778e+00	1.573237357661128044e-03	5.793457384852479866e-04
3.908928667299878423e+00	1.623346703127026558e-03	5.871229506769790139e-04
3.925694854474214068e+00	1.487804693169891834e-03	5.605248277287343652e-04
3.942461041648549713e+00	1.493595540523529053e-03	5.602074811242639760e-04
3.959227228822885358e+00	1.542932353913784027e-03	5.680995226964647479e-04
3.975993415997221003e+00	1.533076982013881207e-03	5.649867197269581136e-04
3.992759603171556204e+00	1.560365431942045689e-03	5.685286859320443477e-04
4.009525790345891849e+00	1.549911918118596077e-03	5.652447486201770364e-04
4.026291977520227050e+00	1.644383417442440987e-03	5.809259257087713959e-04
4.043058164694563139e+00	1.528893131762742996e-03	5.586615040426031300e-04
4.059824351868898340e+00	1.536527066491544247e-03	5.587287502472153538e-04
4.076590539043234429e+00	1.361095812171697617e-03	5.244072083214664773e-04
4.093356726217569630e+00	1.365604344755411148e-03	5.240512445754886466e-04
4.110122913391904831e+00	1.595828682184219360e-03	5.654722214600114852e-04
4.126889100566240920e+00	1.530447974801063538e-03	5.579387004107567473e-04
4.143655287740576121e+00	1.491081551648676395e-03	5.542496159862544481e-04
4.160421474914912210e+00	1.503591309301555157e-03	5.580968743097045005e-04
4.177187662089247411e+00	1.444458728656172752e-03	5.470351677181501011e-04
4.193953849263583500e+00	1.488643698394298553e-03	5.560388612847929615e-04
4.210720036437918701e+00	1.550611224956810474e-03	5.682909032811482792e-04
4.227486223612254790e+00	1.492673181928694248e-03	5.580367775110060260e-04
4.244252410786589991e+00	1.519313780590891838e-03	5.634413484776223295e-04
4.261018597960925192e+00	1.543008605949580669e-03	5.681193109321772084e-04
4.277784785135261281e+00	1.498499070294201374e-03	5.600212368073521126e-04
4.294550972309596482e+00	1.501558930613100529e-03	5.604021961999626272e-04
4.311317159483932571e+00	1.471480703912675381e-03	5.540187231608365319e-04
4.328083346658267772e+00	1.499768695794045925e-03	5.586514087311203079e-04
4.344849533832602972e+00	1.532129710540175438e-03	5.644572413242911505e-04
4.361615721006939062e+00	1.540080178529024124e-03	5.657811469751946112e-04
4.378381908181274262e+00	1.540765631943941116e-03	5.661572239288254274e-04
4.395148095355610351e+00	1.473417389206588268e-03	5.599326721310686483e-04
4.411914282529945552e+00	1.469745067879557610e-03	5.634832544626126958e-04
4.428680469704281641e+00	1.481722691096365452e-03	5.690388735426377565e-04
4.445446656878616842e+00	1.515164156444370747e-03	5.781388617721503441e-04
4.462212844052952043e+00	1.493124524131417274e-03	5.761694327671703720e-04
4.478979031227288132e+00	1.486335066147148609e-03	5.769208028838254763e-04
4.495745218401623333e+00	1.549829379655420780e-03	5.911132062351452708e-04
4.512511405575959422e+00	1.534722861833870411e-03	5.901361285235666833e-04
4.529277592750294623e+00	1.440193387679755688e-03	5.774083173778548576e-04
4.546043779924630712e+00	1.358672045171260834e-03	5.660636781718989593e-04
4.562809967098965913e+00	1.381517271511256695e-03	5.754282110145366889e-04
4.579576154273301114e+00	1.579547184519469738e-03	6.221458524830137055e-04
4.596342341447637203e+00	1.528690336272120476e-03	6.199098904833083784e-04
4.613108528621972404e+00	1.360391150228679180e-03	5.904403921309734357e-04
4.629874715796308493e+00	1.452592667192220688e-03	6.143651981178299389e-04
4.646640902970643694e+00	1.546280225738883018e-03	6.373072947636155769e-04
4.663407090144978895e+00	1.531453686766326427e-03	6.374611153392155827e-04
4.680173277319314984e+00	1.551690860651433468e-03	6.445875794250056565e-04
4.696939464493650185e+00	2.222818089649081230e-03	7.755939143644713851e-04
4.713705651667986274e+00	1.598944654688239098e-03	6.595597430209979104e-04
4.730471838842321475e+00	1.461367006413638592e-03	6.426413417213724466e-04
4.747238026016657564e+00	1.535346615128219128e-03	6.706350090090978759e-04
4.764004213190992765e+00	1.606649835593998432e-03	6.928084223819308074e-04
4.780770400365327966e+00	2.985462546348571777e-03	9.529639624436963847e-04
4.797536587539664055e+00	1.312169828452169895e-03	6.344853982123516102e-04
4.814302774713999256e+00	1.455140765756368637e-03	6.722862396739445572e-04
4.831068961888335345e+00	1.501444261521100998e-03	6.866677680216475444e-04
4.847835149062670546e+00	1.465129898861050606e-03	6.817220396390090377e-04
4.864601336237005746e+00	1.499369973316788673e-03	6.929677245467029704e-04
4.881367523411341836e+00	1.455431571230292320e-03	6.847148024901772868e-04
4.898133710585677036e+00	1.392838312312960625e-03	6.711263196641349769e-04
4.914899897760013125e+00	1.530586043372750282e-03	7.056194201649327886e-04
4.931666084934348326e+00	1.354289823211729527e-03	6.661475841904867471e-04
4.948432272108684415e+00	1.341563882306218147e-03	6.655359162010439367e-04
4.965198459283019616e+00	1.362746465019881725e-03	6.733372160399891558e-04
4.981964646457354817e+00	1.267395098693668842e-03	6.516293633389792696e-04
4.998730833631690906e+00	1.332697691395878792e-03	6.705765708624930035e-04
5.015497020806026107e+00	1.391008496284484863e-03	6.969279855507611900e-04
5.032263207980362196e+00	1.595663721673190594e-03	7.634315555928366734e-04
5.049029395154697397e+00	1.380524248816072941e-03	7.212388367130144343e-04
5.065795582329032598e+00	1.397895161062479019e-03	7.358330693714173294e-04
5.082561769503368687e+00	1.308372942730784416e-03	7.207509911681690608e-04
5.099327956677703888e+00	1.303999684751033783e-03	7.280850483670349383e-04
5.116094143852039977e+00	1.415586681105196476e-03	7.673505560361536205e-04
5.132860331026375178e+00	1.396263949573040009e-03	7.704008852439690270e-04
5.149626518200711267e+00	1.521594007499516010e-03	8.127191723227220055e-04
5.166392705375046468e+00	1.598232192918658257e-03	8.405127548707552786e-04
5.183158892549381669e+00	1.249329419806599617e-03	7.490293151428027100e-04
5.199925079723717758e+00	1.610654988326132298e-03	8.580432362965769886e-04
5.216691266898052959e+00	1.455405843444168568e-03	8.220734272185792942e-04
5.233457454072389048e+00	1.464375178329646587e-03	8.312157475830429451e-04
5.250223641246724249e+00	1.427192590199410915e-03	8.277245056447537748e-04
5.266989828421059450e+00	1.364494557492434978e-03	8.170034403582712886e-04
5.283756015595395539e+00	1.453759032301604748e-03	8.515127570732357147e-04
5.300522202769730740e+00	1.588839222677052021e-03	8.990757634905466571e-04
5.317288389944066829e+00	1.344790682196617126e-03	8.344427206765513312e-04
5.334054577118402030e+00	1.314624096266925335e-03	8.316800137974371572e-04
5.350820764292738119e+00	1.411315868608653545e-03	8.679888125230335403e-04
5.367586951467073320e+00	1.500032027252018452e-03	9.013172183025853221e-04
5.384353138641408520e+00	1.805516309104859829e-03	9.963350274435677032e-04
5.401119325815744610e+00	1.627565710805356503e-03	9.531890817656242304e-04
5.417885512990079810e+00	1.471975236199796200e-03	9.147869932651544848e-04
5.434651700164415900e+00	1.417654915712773800e-03	9.062464454917341971e-04
5.451417887338751100e+00	1.363632385618984699e-03	8.971970371519492372e-04
5.468184074513086301e+00	1.339314505457878113e-03	8.976696007743729857e-04
5.484950261687422390e+00	1.589612336829304695e-03	9.877521363409892240e-04
5.501716448861757591e+00	1.455450779758393764e-03	9.542201816171259421e-04
5.518482636036093680e+00	1.398154650814831257e-03	9.443598495631357450e-04
5.535248823210428881e+00	1.436673221178352833e-03	9.667829560126345225e-04
5.552015010384764970e+00	1.290081883780658245e-03	9.251581950224141600e-04
5.568781197559100171e+00	1.413766411133110523e-03	9.784008181930373398e-04
5.585547384733435372e+00	1.270878128707408905e-03	9.369606222674504862e-04
5.602313571907771461e+00	1.353575149551033974e-03	9.770009777937903837e-04
5.619079759082106662e+00	1.346850069239735603e-03	9.851093379442329989e-04
5.635845946256442751e+00	1.626503420993685722e-03	1.093958100280597321e-03
5.652612133430777952e+00	1.412421232089400291e-03	1.027766361374036217e-03
5.669378320605114041e+00	1.471401890739798546e-03	1.057270747842741637e-03
5.686144507779449242e+00	1.315472647547721863e-03	1.007335364691237540e-03
5.702910694953784443e+00	1.175364479422569275e-03	9.594388355490076530e-04
5.719676882128120532e+00	1.464353292249143124e-03	1.080337772864936987e-03
5.736443069302455733e+00	1.596093177795410156e-03	1.139255719654231648e-03
5.753209256476791822e+00	1.569719985127449036e-03	1.142510889044093345e-03
5.769975443651127023e+00	1.405477523803710938e-03	1.093269417801410450e-03
5.786741630825462224e+00	1.537520205602049828e-03	1.157044867189271648e-03
5.803507817999798313e+00	1.661332091316580772e-03	1.217252534636248731e-03
5.820274005174133514e+00	1.609102007932960987e-03	1.212362553554696470e-03
5.837040192348469603e+00	1.428541028872132301e-03	1.156695485807923956e-03
5.853806379522804804e+00	1.205023145303130150e-03	1.075021244532723286e-03
5.870572566697140893e+00	1.412772107869386673e-03	1.179113535116133342e-03
5.887338753871476094e+00	1.550474902614951134e-03	1.251674212769742726e-03
5.904104941045811294e+00	1.498512690886855125e-03	1.246833195718435091e-03
5.920871128220147384e+00	1.646766555495560169e-03	1.325105498188196241e-03
5.937637315394482584e+00	1.512762741185724735e-03	1.287657886221389670e-03
5.954403502568818674e+00	1.337633701041340828e-03	1.227851119810262261e-03
5.971169689743153874e+00	1.558293472044169903e-03	1.344960680647604764e-03
5.987935876917489075e+00	1.563956146128475666e-03	1.367611685914615601e-03
6.004702064091825164e+00	1.717948704026639462e-03	1.455665443818567918e-03
6.021468251266160365e+00	1.633184030652046204e-03	1.442938430079349467e-03
6.038234438440496454e+00	1.588396844454109669e-03	1.445413411022300823e-03
6.055000625614831655e+00	1.420862041413784027e-03	1.389092326875051089e-03
6.071766812789167744e+00	1.438181963749229908e-03	1.421834985023227556e-03
6.088532999963502945e+00	1.489602262154221535e-03	1.474642425739806873e-03
6.105299187137838146e+00	1.315838424488902092e-03	1.409418533389163956e-03
6.122065374312174235e+00	1.217269920744001865e-03	1.381050249829430566e-03
6.138831561486509436e+00	1.344382995739579201e-03	1.480248482000420676e-03
6.155597748660845525e+00	1.530057052150368690e-03	1.611470142685213301e-03
6.172363935835180726e+00	1.408949145115911961e-03	1.578999681989919166e-03
6.189130123009515927e+00	1.461680396459996700e-03	1.643875473177401712e-03
6.205896310183852016e+00	1.889156759716570377e-03	1.912347264674119866e-03
6.222662497358187217e+00	1.759958686307072639e-03	1.889748333902470248e-03
6.239428684532523306e+00	2.205453114584088326e-03	2.169507581725126609e-03
6.256194871706858507e+00	2.160237869247794151e-03	2.203404028847827725e-03
6.272961058881194596e+00	2.583839697763323784e-03	2.477105510278031480e-03
6.289727246055529797e+00	2.882474567741155624e-03	2.693687250532638203e-03
6.306493433229864998e+00	2.695965114980936050e-03	2.685535434460141219e-03
6.323259620404201087e+00	3.028120147064328194e-03	2.955754916798139682e-03
6.340025807578536288e+00	2.066715154796838760e-03	2.557939165185684101e-03
6.356791994752872377e+00	1.650766935199499130e-03	2.403309832167944103e-03
6.373558181927207578e+00	1.548562082462012768e-03	2.490913916443540394e-03
6.390324369101542779e+00	1.192148076370358467e-03	2.295700524966963474e-03
6.407090556275878868e+00	1.129581476561725140e-03	2.315895653102957238e-03
6.423856743450214069e+00	1.239473116584122181e-03	2.498659351397424476e-03
6.440622930624550158e+00	1.692262943834066391e-03	2.981364242533889042e-03
6.457389117798885358e+00	1.808243221603333950e-03	3.148536612404849878e-03
6.474155304973221448e+00	1.023874501697719097e-03	2.422232870168007385e-03
6.490921492147556648e+00	1.403829664923250675e-03	2.903772306454311357e-03
6.507687679321891849e+00	1.495930948294699192e-03	3.071436165132563744e-03
6.524453866496227938e+00	1.193191972561180592e-03	2.813362818589150698e-03
6.541220053670563139e+00	1.585403108038008213e-03	3.337069975397951010e-03
6.557986240844899228e+00	1.156801939941942692e-03	2.934906899717730586e-03
6.574752428019234429e+00	1.203726162202656269e-03	3.077212514240496716e-03
6.591518615193569630e+00	8.809805149212479591e-04	2.716599534040273038e-03
6.608284802367905719e+00	1.571321045048534870e-03	3.755677310384977503e-03
6.625050989542240920e+00	1.368404133245348930e-03	3.633063277368289538e-03
6.641817176716577009e+00	1.446652226150035858e-03	3.882956633085827159e-03
6.658583363890912210e+00	1.884015742689371109e-03	4.624812426260565754e-03
6.675349551065248299e+00	1.939533860422670841e-03	4.913862982695517585e-03
6.692115738239583500e+00	7.959990762174129486e-04	3.308554034973689318e-03
6.708881925413918701e+00	2.353952731937170029e-03	6.020894701324682081e-03
6.725648112588254790e+00	1.522880396805703640e-03	5.157773435643253288e-03
6.742414299762589991e+00	1.068954239599406719e-03	4.639897858753784694e-03
6.759180486936926080e+00	2.024476649239659309e-03	6.947122942708058337e-03
6.775946674111261281e+00	1.067945966497063637e-03	5.586292480044938343e-03
6.792712861285597370e+00	1.378088723868131638e-03	7.189606022728895450e-03
6.809479048459932571e+00	1.286321901716291904e-03	8.230424458051962752e-03
6.826245235634267772e+00	1.156939310021698475e-03	1.007038531464547748e-02
6.843011422808603861e+00	1.634826767258346081e-03	2.046408444737853397e-02
