# Normalized	8330.0 eV	211
# q	I	Poisson error
# nm-1	cm-1	cm-1
1.534133333808537225e-01	3.000232124328613281e+01	1.413955060100778871e+00
1.701916152350436418e-01	2.701864051818847656e+01	7.572862874361926400e-01
1.869698970892335610e-01	2.377763557434082031e+01	5.571719145455921174e-01
2.037481789434235080e-01	2.051134681701660156e+01	4.419403123151232071e-01
2.205264607976133995e-01	1.711674880981445312e+01	3.510237192308161003e-01
2.373047426518033465e-01	1.421391963958740234e+01	2.821562815572811189e-01
2.540830245059932935e-01	1.168326377868652344e+01	2.294917106542342378e-01
2.708613063601831850e-01	9.306318283081054688e+00	2.017126147071187925e-01
2.876395882143730764e-01	7.240109443664550781e+00	1.734635746338828721e-01
3.044178700685630234e-01	5.514483451843261719e+00	1.476137736215832885e-01
3.211961519227529704e-01	4.110385417938232422e+00	1.249639369667798067e-01
3.379744337769428619e-01	3.002273082733154297e+00	1.024973532143811650e-01
3.547527156311328089e-01	2.144796848297119141e+00	8.092207326121743372e-02
3.715309974853227004e-01	1.493672966957092285e+00	6.434074280787863143e-02
3.883092793395126474e-01	1.007635712623596191e+00	5.068524535128737102e-02
4.050875611937025389e-01	6.646134257316589355e-01	3.951838684475959818e-02
4.218658430478924859e-01	4.374825358390808105e-01	3.093531260442251851e-02
4.386441249020824329e-01	2.943012416362762451e-01	2.464738042490737663e-02
4.554224067562723244e-01	2.129807770252227783e-01	2.042672658310941761e-02
4.722006886104622714e-01	1.761169433593750000e-01	1.816387961495649281e-02
4.889789704646521629e-01	1.649360358715057373e-01	1.723634220701948314e-02
5.057572523188420544e-01	1.690970808267593384e-01	1.709079273163193607e-02
5.225355341730320013e-01	1.783314794301986694e-01	1.720915608408903757e-02
5.393138160272219483e-01	1.862701922655105591e-01	1.730685490169663054e-02
5.560920978814118953e-01	1.898339539766311646e-01	1.719614438269117043e-02
5.728703797356018423e-01	1.885753870010375977e-01	1.730514852499687867e-02
5.896486615897917893e-01	1.821989566087722778e-01	1.715343914983889426e-02
6.064269434439816253e-01	1.685116291046142578e-01	1.648666394898792506e-02
6.232052252981715723e-01	1.530337035655975342e-01	1.564920828446356507e-02
6.399835071523614083e-01	1.349731236696243286e-01	1.455959775715721244e-02
6.567617890065513553e-01	1.161088049411773682e-01	1.334957847033984603e-02
6.735400708607413023e-01	9.737871587276458740e-02	1.213027522175718839e-02
6.903183527149312493e-01	8.160459250211715698e-02	1.102523720733706095e-02
7.070966345691211963e-01	6.668758392333984375e-02	9.894333694832771128e-03
7.238749164233111433e-01	5.470421165227890015e-02	8.725476947508350664e-03
7.406531982775009793e-01	4.506212845444679260e-02	7.649992068751386952e-03
7.574314801316909262e-01	3.820763528347015381e-02	6.890809493384312048e-03
7.742097619858808732e-01	3.300168737769126892e-02	6.295445349311922477e-03
7.909880438400708202e-01	2.952139452099800110e-02	5.883784863049788295e-03
8.077663256942606562e-01	2.696855552494525909e-02	5.546381416678806443e-03
8.245446075484506032e-01	2.541471272706985474e-02	5.308796614433856399e-03
8.413228894026405502e-01	2.432062290608882904e-02	5.124070589534075737e-03
8.581011712568304972e-01	2.354226075112819672e-02	4.978263243502574140e-03
8.748794531110204442e-01	2.281224355101585388e-02	4.841105423626552301e-03
8.916577349652102802e-01	2.177023142576217651e-02	4.672735241387903499e-03
9.084360168194002272e-01	2.046952769160270691e-02	4.478960737337694953e-03
9.252142986735901742e-01	1.932127214968204498e-02	4.301938782340826613e-03
9.419925805277801212e-01	1.798863522708415985e-02	4.105755389010506962e-03
9.587708623819700682e-01	1.660720258951187134e-02	3.903302335350189011e-03
9.755491442361599042e-01	1.532255951315164566e-02	3.709859256924938602e-03
9.923274260903498512e-01	1.391207240521907806e-02	3.498810966850040768e-03
1.009105707944539798e+00	1.326193474233150482e-02	3.382234768683667087e-03
1.025883989798729745e+00	1.209261268377304077e-02	3.196700333698542125e-03
1.042662271652919692e+00	1.126653421670198441e-02	3.057535206158660136e-03
1.059440553507109417e+00	1.058718562126159668e-02	2.936526908122412838e-03
1.076218835361299586e+00	9.889609180390834808e-03	2.811793577603002685e-03
1.092997117215489311e+00	9.468672797083854675e-03	2.727756880478379459e-03
1.109775399069679480e+00	9.155103936791419983e-03	2.659112326889220921e-03
1.126553680923869205e+00	8.796488866209983826e-03	2.584317622131678677e-03
1.143331962778059152e+00	8.716078475117683411e-03	2.551434074666896791e-03
1.160110244632249099e+00	8.642533794045448303e-03	2.520519223627206307e-03
1.176888526486438824e+00	8.391263894736766815e-03	2.465496094056645032e-03
1.193666808340628993e+00	7.951096631586551666e-03	2.383943992521603879e-03
1.210445090194818718e+00	7.792538963258266449e-03	2.389900776010505778e-03
1.227223372049008887e+00	7.627484388649463654e-03	2.380186667629604225e-03
1.244001653903198612e+00	7.305996958166360855e-03	2.326566518402265523e-03
1.260779935757388781e+00	7.111077196896076202e-03	2.293485960811963899e-03
1.277558217611578506e+00	6.796204950660467148e-03	2.240785317807577042e-03
1.294336499465768675e+00	6.499660667032003403e-03	2.188823404899062526e-03
1.311114781319958400e+00	6.457479670643806458e-03	2.178804356599362783e-03
1.327893063174148125e+00	6.390436086803674698e-03	2.164156065682812900e-03
1.344671345028338294e+00	6.186486221849918365e-03	2.125579601009123382e-03
1.361449626882528019e+00	5.772188305854797363e-03	2.011124079733119397e-03
1.378227908736718188e+00	5.787881091237068176e-03	1.975186494659858950e-03
1.395006190590907913e+00	5.471440963447093964e-03	1.902653644583676609e-03
1.411784472445098082e+00	5.507574416697025299e-03	1.896482467966942656e-03
1.428562754299287807e+00	5.540692713111639023e-03	1.891560193856429420e-03
1.445341036153477976e+00	5.528303328901529312e-03	1.879463675835521064e-03
1.462119318007667701e+00	5.317583214491605759e-03	1.834304729572241522e-03
1.478897599861857426e+00	5.333945155143737793e-03	1.828225514680012747e-03
1.495675881716047595e+00	5.365722812712192535e-03	1.824953170714412693e-03
1.512454163570237320e+00	5.231014452874660492e-03	1.793536727549335102e-03
1.529232445424427489e+00	5.138485226780176163e-03	1.769906885731611663e-03
1.546010727278617214e+00	4.922326188534498215e-03	1.724392582745536010e-03
1.562789009132807383e+00	4.992556758224964142e-03	1.729060782530483700e-03
1.579567290986997108e+00	4.854213446378707886e-03	1.697840631369908985e-03
1.596345572841187277e+00	4.753150045871734619e-03	1.672695889417797959e-03
1.613123854695377002e+00	4.785885103046894073e-03	1.669176848628770851e-03
1.629902136549566727e+00	4.560036584734916687e-03	1.617997030245263033e-03
1.646680418403756896e+00	4.634348675608634949e-03	1.616245364029279905e-03
1.663458700257946621e+00	4.732853267341852188e-03	1.616554370319056100e-03
1.680236982112136790e+00	4.477707203477621078e-03	1.556555403593446255e-03
1.697015263966326515e+00	4.434965550899505615e-03	1.535568431196587076e-03
1.713793545820516684e+00	4.558197688311338425e-03	1.543679315181535009e-03
1.730571827674706409e+00	4.472874570637941360e-03	1.516751622475530966e-03
1.747350109528896578e+00	4.443334881216287613e-03	1.498402373659892982e-03
1.764128391383086303e+00	4.312020726501941681e-03	1.463511371973197708e-03
1.780906673237276028e+00	4.266224335879087448e-03	1.444122960949707551e-03
1.797684955091466197e+00	4.221976734697818756e-03	1.426070008965023370e-03
1.814463236945655922e+00	4.124696832150220871e-03	1.400936770068697806e-03
1.831241518799846091e+00	4.130243789404630661e-03	1.394469541109758740e-03
1.848019800654035816e+00	4.058231599628925323e-03	1.375034948213475425e-03
1.864798082508225985e+00	4.072709009051322937e-03	1.370821554968030447e-03
1.881576364362415710e+00	4.070161376148462296e-03	1.363076197662568129e-03
1.898354646216605879e+00	3.936300985515117645e-03	1.333504302374630439e-03
1.915132928070795604e+00	3.825656604021787643e-03	1.307991046940266446e-03
1.931911209924985329e+00	4.052025731652975082e-03	1.340061915899532895e-03
1.948689491779175498e+00	4.121269099414348602e-03	1.344932693374532341e-03
1.965467773633365223e+00	3.836457384750247002e-03	1.290924406293844423e-03
1.982246055487555392e+00	3.959501627832651138e-03	1.305341295779452807e-03
1.999024337341745117e+00	3.871393389999866486e-03	1.284676765936593450e-03
2.015802619195935286e+00	3.923455718904733658e-03	1.287329972408628263e-03
2.032580901050125011e+00	3.760983701795339584e-03	1.254559628850984883e-03
2.049359182904315180e+00	3.773883217945694923e-03	1.250966901440595403e-03
2.066137464758504905e+00	3.782385494560003281e-03	1.246986175777685434e-03
2.082915746612694630e+00	3.751968033611774445e-03	1.236237170703022954e-03
2.099694028466884799e+00	3.830497153103351593e-03	1.243953225630304487e-03
2.116472310321074524e+00	3.717866493389010429e-03	1.219871075707240800e-03
2.133250592175264693e+00	3.792553208768367767e-03	1.226958061981514104e-03
2.150028874029454418e+00	3.694060258567333221e-03	1.205494444455294713e-03
2.166807155883644143e+00	3.653072286397218704e-03	1.193794799118886273e-03
2.183585437737834312e+00	3.455177182331681252e-03	1.155953628987899020e-03
2.200363719592024037e+00	3.596649970859289169e-03	1.174694319134091548e-03
2.217142001446214206e+00	3.595789428800344467e-03	1.169609667843013153e-03
2.233920283300403931e+00	3.501547034829854965e-03	1.149101178350982015e-03
2.250698565154594100e+00	3.609835868701338768e-03	1.162310701527117379e-03
2.267476847008783825e+00	3.548749024048447609e-03	1.147617124043317366e-03
2.284255128862973994e+00	3.342300653457641602e-03	1.109130345866792076e-03
2.301033410717163719e+00	3.409247379750013351e-03	1.115747451596434993e-03
2.317811692571353444e+00	3.440969390794634819e-03	1.116651372431868303e-03
2.334589974425543613e+00	3.439693478867411613e-03	1.112111424871326535e-03
2.351368256279733338e+00	3.433642676100134850e-03	1.106747400167075630e-03
2.368146538133923507e+00	3.352993400767445564e-03	1.089402319285631086e-03
2.384924819988113232e+00	3.472048789262771606e-03	1.104537757489838920e-03
2.401703101842303401e+00	3.443102585151791573e-03	1.094355198445314632e-03
2.418481383696493126e+00	3.397634951397776604e-03	1.082026552223394004e-03
2.435259665550683295e+00	3.392048180103302002e-03	1.077029989343285428e-03
2.452037947404873020e+00	3.318018978461623192e-03	1.061175588804467778e-03
2.468816229259062744e+00	3.261661855503916740e-03	1.048217210810978859e-03
2.485594511113252914e+00	3.174323821440339088e-03	1.038093776597768213e-03
2.502372792967442638e+00	3.389320336282253265e-03	1.082539583390108124e-03
2.519151074821632807e+00	3.277108306065201759e-03	1.067910165420590893e-03
2.535929356675822532e+00	3.185231471434235573e-03	1.055289927584228665e-03
2.552707638530012701e+00	3.223665058612823486e-03	1.063561831285722960e-03
2.569485920384202426e+00	3.306553466245532036e-03	1.078672520983095344e-03
2.586264202238392595e+00	3.277636365965008736e-03	1.074547189646462945e-03
2.603042484092582320e+00	3.170383395627140999e-03	1.057320065443718201e-03
2.619820765946772045e+00	3.461671294644474983e-03	1.105371133537971003e-03
2.636599047800962214e+00	3.193980315700173378e-03	1.054937746618516293e-03
2.653377329655151939e+00	3.142551286146044731e-03	1.031497066205212029e-03
2.670155611509342108e+00	3.085100790485739708e-03	1.014092580554584299e-03
2.686933893363531833e+00	3.024030942469835281e-03	9.969695675458259843e-04
2.703712175217722002e+00	3.096062457188963890e-03	1.002934484075545521e-03
2.720490457071911727e+00	3.164762631058692932e-03	1.008700187505743532e-03
2.737268738926101896e+00	3.193210111930966377e-03	1.008155048340134575e-03
2.754047020780291621e+00	3.230331232771277428e-03	1.009107856056355116e-03
2.770825302634481346e+00	3.115164814516901970e-03	9.864154142253318044e-04
2.787603584488671515e+00	3.018268151208758354e-03	9.665166001082634841e-04
2.804381866342861240e+00	3.032047068700194359e-03	9.647252491231982433e-04
2.821160148197051409e+00	3.144637914374470711e-03	9.787450297829153323e-04
2.837938430051241134e+00	3.072158899158239365e-03	9.634129958803825788e-04
2.854716711905431303e+00	3.072744701057672501e-03	9.597869027485458546e-04
2.871494993759621028e+00	3.098090412095189095e-03	9.598205077810181970e-04
2.888273275613811197e+00	3.029942046850919724e-03	9.455721997145481684e-04
2.905051557468000922e+00	3.156842198222875595e-03	9.618216769398105952e-04
2.921829839322190647e+00	3.090011421591043472e-03	9.480451492935929036e-04
2.938608121176380816e+00	3.097390756011009216e-03	9.457694231319747208e-04
2.955386403030570541e+00	3.156651277095079422e-03	9.515231424618472407e-04
2.972164684884760710e+00	3.150460775941610336e-03	9.471821656054925072e-04
2.988942966738950435e+00	3.093909239396452904e-03	9.353625620385259834e-04
3.005721248593140604e+00	3.120580222457647324e-03	9.362329525971964947e-04
3.022499530447330329e+00	3.025703132152557373e-03	9.186910703404929960e-04
3.039277812301520498e+00	3.123534377664327621e-03	9.303410475292606943e-04
3.056056094155710223e+00	3.025674261152744293e-03	9.126565128704097404e-04
3.072834376009899948e+00	3.000204218551516533e-03	9.056741149149713944e-04
3.089612657864090117e+00	2.909914357587695122e-03	8.890940057112836550e-04
3.106390939718279842e+00	3.006438957527279854e-03	9.009081651545882080e-04
3.123169221572470011e+00	3.027330851182341576e-03	9.121831930066142758e-04
3.139947503426659736e+00	2.960052108392119408e-03	9.064695679988597765e-04
3.156725785280849905e+00	3.010146785527467728e-03	9.171803852099751075e-04
3.173504067135039630e+00	3.058751579374074936e-03	9.266875809578145563e-04
3.190282348989229799e+00	2.934996504336595535e-03	9.091057744528101541e-04
3.207060630843419524e+00	2.917064586654305458e-03	9.072937828957261010e-04
3.223838912697609249e+00	2.895966172218322754e-03	9.045896247119797600e-04
3.240617194551799418e+00	2.954525174573063850e-03	9.141588674578562902e-04
3.257395476405989143e+00	3.016511676833033562e-03	9.240525102904245756e-04
3.274173758260179312e+00	2.977765863761305809e-03	9.084477359677164011e-04
3.290952040114369037e+00	3.006767481565475464e-03	9.040440824249955463e-04
3.307730321968559206e+00	2.970685018226504326e-03	8.922872771562742394e-04
3.324508603822748931e+00	2.945639425888657570e-03	8.834578521239713550e-04
3.341286885676939100e+00	2.960051177069544792e-03	8.812557844765534377e-04
3.358065167531128825e+00	2.946438733488321304e-03	8.752120959894883799e-04
3.374843449385318994e+00	2.944163978099822998e-03	8.711486548744618160e-04
3.391621731239508719e+00	2.989201107993721962e-03	8.743314446549980447e-04
3.408400013093698444e+00	2.930877031758427620e-03	8.624282214702445317e-04
3.425178294947888613e+00	2.965090330690145493e-03	8.642875169788911613e-04
3.441956576802078338e+00	2.955689793452620506e-03	8.597755351281318164e-04
3.458734858656268507e+00	2.981904195621609688e-03	8.607111941565210537e-04
3.475513140510458232e+00	2.940870122984051704e-03	8.518302080376154899e-04
3.492291422364648401e+00	2.936421195045113564e-03	8.483482238910381584e-04
3.509069704218838126e+00	3.059922484681010246e-03	8.634561287886175418e-04
3.525847986073028295e+00	2.864636946469545364e-03	8.324345012543804025e-04
3.542626267927218020e+00	2.906936919316649437e-03	8.360759432481413038e-04
3.559404549781407745e+00	2.852576551958918571e-03	8.256120269806310362e-04
3.576182831635597914e+00	2.866455120965838432e-03	8.250374684504561962e-04
3.592961113489787639e+00	2.870431169867515564e-03	8.232519447155528525e-04
3.609739395343977808e+00	2.815370447933673859e-03	8.128366154193581014e-04
3.626517677198167533e+00	2.910017268732190132e-03	8.240068433791953228e-04
3.643295959052357702e+00	2.889802213758230209e-03	8.189228720582450915e-04
3.660074240906547427e+00	2.889605704694986343e-03	8.164407140831393900e-04
3.676852522760737596e+00	2.888329559937119484e-03	8.138638694257750369e-04
3.693630804614927321e+00	2.919008722528815269e-03	8.160024203032520797e-04
3.710409086469117046e+00	2.848055912181735039e-03	8.037134557462385529e-04
3.727187368323307215e+00	3.000630298629403114e-03	8.228946937183164194e-04
3.743965650177496940e+00	2.962877741083502769e-03	8.154256310153516719e-04
3.760743932031687109e+00	2.935554366558790207e-03	8.095199261287353053e-04
3.777522213885876834e+00	2.933470765128731728e-03	8.072061247239611763e-04
3.794300495740067003e+00	2.947036642581224442e-03	8.071175041704975505e-04
3.811078777594256728e+00	2.842572052031755447e-03	7.904417518257849133e-04
3.827857059448446897e+00	2.930450486019253731e-03	8.006622786939462293e-04
3.844635341302636622e+00	2.892787801101803780e-03	7.934470169561894581e-04
3.861413623156826347e+00	2.949104411527514458e-03	7.992319764389367240e-04
3.878191905011016516e+00	2.888750052079558372e-03	7.888734343158589329e-04
3.894970186865206241e+00	2.778783207759261131e-03	7.716656402068725875e-04
3.911748468719396410e+00	2.860856475308537483e-03	7.811688596263001005e-04
3.928526750573586135e+00	2.908635651692748070e-03	7.857964837201062433e-04
3.945305032427776304e+00	2.886067843064665794e-03	7.807468080360195194e-04
3.962083314281966029e+00	2.934955526143312454e-03	7.855321851138086404e-04
3.978861596136156198e+00	2.964987186715006828e-03	7.877967155511206385e-04
3.995639877990345923e+00	2.910495735704898834e-03	7.784051229334514217e-04
4.012418159844536092e+00	2.892086282372474670e-03	7.740549318818157852e-04
4.029196441698726261e+00	2.826307667419314384e-03	7.632619733896457920e-04
4.045974723552915542e+00	2.781670773401856422e-03	7.553389463041124737e-04
4.062753005407105711e+00	2.914963755756616592e-03	7.715582856833223639e-04
4.079531287261295880e+00	2.979789860546588898e-03	7.783407659958534218e-04
4.096309569115486049e+00	2.818265464156866074e-03	7.549816058797024750e-04
4.113087850969675330e+00	2.900101477280259132e-03	7.641579836883551731e-04
4.129866132823865499e+00	2.841013250872492790e-03	7.620557794738068783e-04
4.146644414678055668e+00	2.926546148955821991e-03	7.785733123011518049e-04
4.163422696532245837e+00	2.817242871969938278e-03	7.658253687868857209e-04
4.180200978386435118e+00	2.941909246146678925e-03	7.828866794982021699e-04
4.196979260240625287e+00	2.902763430029153824e-03	7.785097071426940471e-04
4.213757542094815456e+00	2.959911013022065163e-03	7.871978278801824904e-04
4.230535823949005625e+00	2.883340232074260712e-03	7.775983951029475424e-04
4.247314105803194906e+00	3.011252032592892647e-03	7.954078595989260390e-04
4.264092387657385075e+00	2.847708528861403465e-03	7.736650572677489061e-04
4.280870669511575244e+00	2.815840067341923714e-03	7.695748988441771226e-04
4.297648951365764525e+00	2.866748254746198654e-03	7.762995912368647394e-04
4.314427233219954694e+00	2.854100661352276802e-03	7.735880128818346715e-04
4.331205515074144863e+00	2.878478961065411568e-03	7.759402663903016643e-04
4.347983796928335032e+00	2.908826339989900589e-03	7.797414886354966761e-04
4.364762078782524313e+00	2.880261978134512901e-03	7.756610874439408406e-04
4.381540360636714482e+00	2.873110817745327950e-03	7.750296526935861316e-04
4.398318642490904651e+00	2.866686088964343071e-03	7.830448956540108025e-04
4.415096924345094820e+00	2.700040582567453384e-03	7.655002635742493532e-04
4.431875206199284101e+00	2.845787210389971733e-03	7.905788297367593405e-04
4.448653488053474270e+00	2.793320221826434135e-03	7.868178214406881333e-04
4.465431769907664439e+00	2.870001364499330521e-03	8.008031613454373327e-04
4.482210051761853720e+00	2.840756205841898918e-03	7.995391219604198888e-04
4.498988333616043889e+00	2.830177778378129005e-03	8.006233318578083588e-04
4.515766615470234058e+00	2.834126353263854980e-03	8.038102266503533962e-04
4.532544897324424227e+00	2.811261918395757675e-03	8.087140832478376421e-04
4.549323179178613508e+00	2.964475890621542931e-03	8.385444193022450381e-04
4.566101461032803677e+00	2.994302427396178246e-03	8.495589677277808711e-04
4.582879742886993846e+00	2.811799058690667152e-03	8.318237633761572979e-04
4.599658024741184015e+00	2.852196106687188148e-03	8.486564908296596182e-04
4.616436306595373296e+00	2.751794410869479179e-03	8.417957463205000832e-04
4.633214588449563465e+00	2.737172879278659821e-03	8.451961108644601801e-04
4.649992870303753634e+00	2.811988815665245056e-03	8.612371660190522868e-04
4.666771152157942915e+00	2.719364129006862640e-03	8.511283428377731854e-04
4.683549434012133084e+00	2.874325029551982880e-03	8.791943798887105754e-04
4.700327715866323253e+00	2.931814640760421753e-03	8.916439568304848672e-04
4.717105997720513422e+00	2.801719121634960175e-03	8.747657410539627729e-04
4.733884279574702703e+00	2.769395709037780762e-03	8.865567347417883937e-04
4.750662561428892872e+00	2.686262130737304688e-03	8.886929328474755434e-04
4.767440843283083041e+00	2.848543925210833549e-03	9.242519281606740352e-04
4.784219125137272322e+00	2.865750808268785477e-03	9.334209095843049205e-04
4.800997406991462491e+00	2.880503889173269272e-03	9.424182133459569916e-04
4.817775688845652660e+00	2.773642074316740036e-03	9.300749806685428174e-04
4.834553970699842829e+00	2.811972517520189285e-03	9.416016207076713775e-04
4.851332252554032110e+00	2.772028325125575066e-03	9.395928422985771848e-04
4.868110534408222279e+00	2.815520623698830605e-03	9.514886371902863283e-04
4.884888816262412448e+00	2.744484227150678635e-03	9.421075735327100100e-04
4.901667098116602617e+00	2.691657049581408501e-03	9.348430039623462735e-04
4.918445379970791898e+00	2.808125223964452744e-03	9.575880036662776703e-04
4.935223661824982067e+00	2.860938198864459991e-03	9.704426582073280138e-04
4.952001943679172236e+00	2.914049196988344193e-03	9.832246738950025083e-04
4.968780225533361516e+00	2.805473981425166130e-03	9.682393379908146684e-04
4.985558507387551685e+00	2.827365184202790260e-03	9.756170630860265492e-04
5.002336789241741855e+00	2.847252879291772842e-03	9.824111680777584000e-04
5.019115071095932024e+00	2.822975860908627510e-03	9.949370944172457147e-04
5.035893352950121304e+00	2.867487259209156036e-03	1.025218422715495686e-03
5.052671634804311473e+00	2.830219222232699394e-03	1.034816655609732986e-03
5.069449916658501643e+00	2.743752906098961830e-03	1.032853705527016826e-03
5.086228198512690923e+00	2.846670337021350861e-03	1.065431518980724862e-03
5.103006480366881092e+00	2.732027322053909302e-03	1.055982144658476401e-03
5.119784762221071261e+00	2.916386118158698082e-03	1.103619399696061532e-03
5.136563044075261431e+00	2.872767625376582146e-03	1.107226113450054039e-03
5.153341325929450711e+00	2.906866837292909622e-03	1.125328648823780819e-03
5.170119607783640880e+00	2.800309099256992340e-03	1.114263851265084133e-03
5.186897889637831049e+00	2.932733157649636269e-03	1.150178565753640081e-03
5.203676171492021219e+00	2.849211683496832848e-03	1.142974405293427451e-03
5.220454453346210499e+00	2.982786158099770546e-03	1.179120105507098148e-03
5.237232735200400668e+00	2.973959781229496002e-03	1.186775066519251201e-03
5.254011017054590837e+00	2.702404279261827469e-03	1.140829337853925497e-03
5.270789298908780118e+00	2.942678285762667656e-03	1.202149926541234591e-03
5.287567580762970287e+00	2.988693537190556526e-03	1.223177711765865852e-03
5.304345862617160456e+00	2.839701017364859581e-03	1.203742710005427765e-03
5.321124144471350625e+00	3.083020215854048729e-03	1.266072092485622490e-03
5.337902426325539906e+00	3.041303716599941254e-03	1.267603430592864275e-03
5.354680708179730075e+00	2.800549846142530441e-03	1.224740663336150968e-03
5.371458990033920244e+00	2.880546497181057930e-03	1.251006460817781106e-03
5.388237271888109525e+00	2.926564775407314301e-03	1.270026045867227822e-03
5.405015553742299694e+00	2.968878485262393951e-03	1.289290439118335237e-03
5.421793835596489863e+00	2.986091654747724533e-03	1.305151640090479589e-03
5.438572117450680032e+00	2.951384056359529495e-03	1.309865443677471399e-03
5.455350399304869313e+00	2.787246834486722946e-03	1.284798400581066988e-03
5.472128681159059482e+00	2.824260853230953217e-03	1.305755437326087042e-03
5.488906963013249651e+00	2.898189239203929901e-03	1.335587811885539976e-03
5.505685244867439820e+00	2.898673294112086296e-03	1.348743381581118820e-03
5.522463526721629101e+00	3.012056229636073112e-03	1.388495743176399984e-03
5.539241808575819270e+00	3.010192187502980232e-03	1.401743470368602140e-03
5.556020090430009439e+00	2.972799586132168770e-03	1.406945659046949983e-03
5.572798372284198720e+00	2.812197897583246231e-03	1.381948060427636016e-03
5.589576654138388889e+00	2.697337651625275612e-03	1.367133541911114050e-03
5.606354935992579058e+00	2.837471663951873779e-03	1.416751355570480342e-03
5.623133217846769227e+00	2.912026597186923027e-03	1.450850812581637667e-03
5.639911499700958508e+00	3.067197976633906364e-03	1.504327007009488223e-03
5.656689781555148677e+00	3.135845065116882324e-03	1.533992272812659046e-03
5.673468063409338846e+00	3.045216435566544533e-03	1.523324288834948742e-03
5.690246345263528127e+00	2.934387419372797012e-03	1.506929039375785135e-03
5.707024627117718296e+00	2.982531441375613213e-03	1.531150511873304813e-03
5.723802908971908465e+00	2.875075209885835648e-03	1.515831556939251047e-03
5.740581190826098634e+00	2.784539479762315750e-03	1.506440169134145657e-03
5.757359472680287915e+00	2.663920866325497627e-03	1.489898992986884258e-03
5.774137754534478084e+00	3.015778725966811180e-03	1.603846664860293690e-03
5.790916036388668253e+00	2.920347731560468674e-03	1.596620195242825797e-03
5.807694318242858422e+00	2.837833017110824585e-03	1.592556986294553587e-03
5.824472600097047703e+00	3.188607748597860336e-03	1.708944511201495198e-03
5.841250881951237872e+00	3.043740987777709961e-03	1.690795881979977478e-03
5.858029163805428041e+00	3.301704302430152893e-03	1.782762428802077198e-03
5.874807445659617322e+00	3.061965806409716606e-03	1.738347846997171080e-03
5.891585727513807491e+00	2.767849946394562721e-03	1.674086636863823157e-03
5.908364009367997660e+00	3.161072265356779099e-03	1.813369251268796140e-03
5.925142291222187829e+00	2.914125099778175354e-03	1.764532820008559398e-03
5.941920573076377110e+00	2.978134201839566231e-03	1.808831121769545512e-03
5.958698854930567279e+00	3.242013743147253990e-03	1.914458706174759902e-03
5.975477136784757448e+00	2.884839428588747978e-03	1.831884591737587735e-03
5.992255418638946729e+00	2.689404878765344620e-03	1.794985754278839284e-03
6.009033700493136898e+00	3.020921256393194199e-03	1.932146322648250385e-03
6.025811982347327067e+00	2.825639443472027779e-03	1.899647913149731795e-03
6.042590264201517236e+00	2.956177573651075363e-03	1.973831001462244498e-03
6.059368546055706517e+00	2.883040811866521835e-03	1.980845735521916551e-03
6.076146827909896686e+00	3.233440686017274857e-03	2.134649277586962279e-03
6.092925109764086855e+00	3.098663873970508575e-03	2.129220382683577346e-03
6.109703391618277024e+00	3.027894301339983940e-03	2.140607003511321108e-03
6.126481673472466305e+00	3.285563550889492035e-03	2.272169464498473204e-03
6.143259955326656474e+00	2.930920571088790894e-03	2.188000533687116476e-03
6.160038237180846643e+00	3.185825422406196594e-03	2.327743843088951256e-03
6.176816519035035924e+00	2.955699106678366661e-03	2.289285674104924503e-03
6.193594800889226093e+00	3.423881949856877327e-03	2.518933195006971618e-03
6.210373082743416262e+00	3.082421608269214630e-03	2.444406176940756847e-03
6.227151364597606431e+00	2.961218357086181641e-03	2.452928410905452078e-03
6.243929646451795712e+00	3.422123380005359650e-03	2.704124623530392273e-03
6.260707928305985881e+00	3.222207771614193916e-03	2.692460133386424988e-03
6.277486210160176050e+00	3.481494029983878136e-03	2.876534922488837524e-03
6.294264492014365331e+00	3.677475964650511742e-03	3.043557478412728390e-03
6.311042773868555500e+00	3.860941156744956970e-03	3.215340864057331886e-03
6.327821055722745669e+00	3.852888010442256927e-03	3.335089297148841406e-03
6.344599337576935838e+00	3.677762346342206001e-03	3.414537888557295925e-03
6.361377619431125119e+00	2.871219767257571220e-03	3.171265651315869228e-03
6.378155901285315288e+00	3.341380739584565163e-03	3.661641007238486054e-03
6.394934183139505457e+00	3.491868032142519951e-03	3.932605951660564196e-03
6.411712464993695626e+00	3.044016193598508835e-03	3.804774022818351292e-03
6.428490746847884907e+00	2.523736795410513878e-03	3.567333350206420076e-03
6.445269028702075076e+00	3.043044824153184891e-03	3.999830063844591298e-03
6.462047310556265245e+00	3.055897075682878494e-03	4.094842382835647311e-03
6.478825592410454526e+00	3.378625027835369110e-03	4.403882711506164338e-03
6.495603874264644695e+00	3.696847474202513695e-03	4.715804994854282811e-03
6.512382156118834864e+00	3.746549598872661591e-03	4.864124402528052608e-03
6.529160437973025033e+00	3.545670304447412491e-03	4.853624792582322649e-03
6.545938719827214314e+00	3.213276388123631477e-03	4.753208114087076677e-03
6.562717001681404483e+00	3.214816562831401825e-03	4.895891082075264425e-03
6.579495283535594652e+00	3.770368639379739761e-03	5.450213085262732397e-03
6.596273565389784821e+00	2.380242804065346718e-03	4.467744943270969202e-03
6.613051847243974102e+00	3.494664793834090233e-03	5.603761836403854668e-03
6.629830129098164271e+00	3.554045688360929489e-03	5.858437875322503041e-03
6.646608410952354440e+00	3.453667275607585907e-03	6.002677004193968623e-03
6.663386692806543721e+00	2.359726466238498688e-03	5.176449479972302856e-03
6.680164974660733890e+00	3.152041928842663765e-03	6.265902688116848501e-03
6.696943256514924059e+00	2.926964312791824341e-03	6.347904591580302673e-03
6.713721538369114228e+00	4.327456001192331314e-03	8.166344667476928623e-03
6.730499820223303509e+00	3.517640056088566780e-03	7.841902873912964117e-03
6.747278102077493678e+00	3.923226147890090942e-03	8.893707238051473327e-03
6.764056383931683847e+00	4.002620466053485870e-03	9.771280600759468457e-03
6.780834665785873128e+00	3.235253505408763885e-03	9.726659499967321362e-03
6.797612947640063297e+00	3.690208541229367256e-03	1.176850474814407355e-02
6.814391229494253466e+00	2.279117936268448830e-03	1.095700841319691490e-02
6.831169511348443635e+00	2.785244956612586975e-03	1.562688629260455472e-02
6.847947793202633804e+00	2.578829880803823471e-03	2.570614508679635798e-02
