# Normalized	8004.0 eV	211
# q	I	Poisson error
# nm-1	cm-1	cm-1
1.474094827239109673e-01	3.792591476440429688e+01	1.753932353607866812e+00
1.635311436027687693e-01	3.429519271850585938e+01	1.001823199308066847e+00
1.796528044816265435e-01	3.032711029052734375e+01	7.608492806449956847e-01
1.957744653604843177e-01	2.635900497436523438e+01	6.156015025166788890e-01
2.118961262393421197e-01	2.223605155944824219e+01	4.970416037410969046e-01
2.280177871181999216e-01	1.863938903808593750e+01	4.045775896300230490e-01
2.441394479970576958e-01	1.547085666656494141e+01	3.318724847831718283e-01
2.602611088759154701e-01	1.249473476409912109e+01	2.886661991692950902e-01
2.763827697547732720e-01	9.877600669860839844e+00	2.462170645113076484e-01
2.925044306336310740e-01	7.636977195739746094e+00	2.075545677924952315e-01
3.086260915124888760e-01	5.799277305603027344e+00	1.742473458101507777e-01
3.247477523913466224e-01	4.314861774444580078e+00	1.421696611274870514e-01
3.408694132702044244e-01	3.145331859588623047e+00	1.121267059114481185e-01
3.569910741490622264e-01	2.237169027328491211e+00	8.884288071006526954e-02
3.731127350279199728e-01	1.541144847869873047e+00	6.967508206349604105e-02
3.892343959067777748e-01	1.031004190444946289e+00	5.391290853585497395e-02
4.053560567856355767e-01	6.839475631713867188e-01	4.179831487035854526e-02
4.214777176644933787e-01	4.563858211040496826e-01	3.277014553423024390e-02
4.375993785433511807e-01	3.208186328411102295e-01	2.652062168537345360e-02
4.537210394222089271e-01	2.534069120883941650e-01	2.292133774656747100e-02
4.698427003010667291e-01	2.281117737293243408e-01	2.128080523452412914e-02
4.859643611799245311e-01	2.303912937641143799e-01	2.096605578617952506e-02
5.020860220587822775e-01	2.458265721797943115e-01	2.129309375701217422e-02
5.182076829376400795e-01	2.634744346141815186e-01	2.175686351612957439e-02
5.343293438164978815e-01	2.770166397094726562e-01	2.201598997576334482e-02
5.504510046953556834e-01	2.835746109485626221e-01	2.250253777340620320e-02
5.665726655742134854e-01	2.832127213478088379e-01	2.267585830673892258e-02
5.826943264530712874e-01	2.711794376373291016e-01	2.215885229310968207e-02
5.988159873319289783e-01	2.537894248962402344e-01	2.132508431807973032e-02
6.149376482107868913e-01	2.312788367271423340e-01	2.013449080384945022e-02
6.310593090896445823e-01	2.046285271644592285e-01	1.867963268930290799e-02
6.471809699685023842e-01	1.765371412038803101e-01	1.716342085661225897e-02
6.633026308473601862e-01	1.497533172369003296e-01	1.564192940768296611e-02
6.794242917262179882e-01	1.246179267764091492e-01	1.411554672043201404e-02
6.955459526050757901e-01	1.019958034157752991e-01	1.239703313371658469e-02
7.116676134839335921e-01	8.356872946023941040e-02	1.081289146645199838e-02
7.277892743627913941e-01	6.903358548879623413e-02	9.587085236113733130e-03
7.439109352416490850e-01	5.791091173887252808e-02	8.610184031737140586e-03
7.600325961205068870e-01	4.951976239681243896e-02	7.849696066175254269e-03
7.761542569993646890e-01	4.391210153698921204e-02	7.279416639062295628e-03
7.922759178782224909e-01	4.043880850076675415e-02	6.881679414905255907e-03
8.083975787570802929e-01	3.884743154048919678e-02	6.654003663757931779e-03
8.245192396359380949e-01	3.765748068690299988e-02	6.468788619991699962e-03
8.406409005147958968e-01	3.710057586431503296e-02	6.344421819345020912e-03
8.567625613936535878e-01	3.645716980099678040e-02	6.215628918527481457e-03
8.728842222725113897e-01	3.558810055255889893e-02	6.071799888415392588e-03
8.890058831513691917e-01	3.446013107895851135e-02	5.906823795431252397e-03
9.051275440302269937e-01	3.318270668387413025e-02	5.733049825179392309e-03
9.212492049090847956e-01	3.157648444175720215e-02	5.532288216602758955e-03
9.373708657879425976e-01	2.941398508846759796e-02	5.280067675163117522e-03
9.534925266668003996e-01	2.735254727303981781e-02	5.036746117180763288e-03
9.696141875456582016e-01	2.484350465238094330e-02	4.746890058308551701e-03
9.857358484245160035e-01	2.237439900636672974e-02	4.454005890259606949e-03
1.001857509303373694e+00	2.057620882987976074e-02	4.228961993759445225e-03
1.017979170182231385e+00	1.855925656855106354e-02	3.974719187339971482e-03
1.034100831061089298e+00	1.703303866088390350e-02	3.769428974964640720e-03
1.050222491939947211e+00	1.592992618680000305e-02	3.611891827955170022e-03
1.066344152818804902e+00	1.468589529395103455e-02	3.435214369820417148e-03
1.082465813697662593e+00	1.367039047181606293e-02	3.283920103399943190e-03
1.098587474576520506e+00	1.286812499165534973e-02	3.158044601745759600e-03
1.114709135455378197e+00	1.244770456105470657e-02	3.080606520447258696e-03
1.130830796334235888e+00	1.194063201546669006e-02	2.994323961313319436e-03
1.146952457213093801e+00	1.185921486467123032e-02	2.964949000335768449e-03
1.163074118091951714e+00	1.147249247878789902e-02	2.951398328500237037e-03
1.179195778970809405e+00	1.111825369298458099e-02	2.923561030695203625e-03
1.195317439849667096e+00	1.053928956389427185e-02	2.841519115377977821e-03
1.211439100728525009e+00	1.053549628704786301e-02	2.839063678604422398e-03
1.227560761607382700e+00	9.845294989645481110e-03	2.741106335574054319e-03
1.243682422486240613e+00	9.641840122640132904e-03	2.709343976979233966e-03
1.259804083365098304e+00	9.216853417456150055e-03	2.644166032339344188e-03
1.275925744243956217e+00	8.749996311962604523e-03	2.571033611076200404e-03
1.292047405122813908e+00	8.761261589825153351e-03	2.568557782772053731e-03
1.308169066001671821e+00	8.241008035838603973e-03	2.439816767476375020e-03
1.324290726880529512e+00	7.944298908114433289e-03	2.349192443859152071e-03
1.340412387759387203e+00	7.485011126846075058e-03	2.258451357624462457e-03
1.356534048638245116e+00	7.206751033663749695e-03	2.200875813387113879e-03
1.372655709517102807e+00	6.840317510068416595e-03	2.131155297590980966e-03
1.388777370395960720e+00	6.783033721148967743e-03	2.110985211143491264e-03
1.404899031274818411e+00	6.736798677593469620e-03	2.093807457267316940e-03
1.421020692153676324e+00	6.517583969980478287e-03	2.048880841059119370e-03
1.437142353032534015e+00	6.456705741584300995e-03	2.029488372741632130e-03
1.453264013911391705e+00	6.433307658880949020e-03	2.016646820414347979e-03
1.469385674790249618e+00	6.085031665861606598e-03	1.951918634589546895e-03
1.485507335669107309e+00	5.990662612020969391e-03	1.928014522056462326e-03
1.501628996547965222e+00	5.959525704383850098e-03	1.914503795775779164e-03
1.517750657426822913e+00	5.749940406531095505e-03	1.872319886976089474e-03
1.533872318305680826e+00	5.704051814973354340e-03	1.856741966421132867e-03
1.549993979184538517e+00	5.513150244951248169e-03	1.814787329425289778e-03
1.566115640063396208e+00	5.418354645371437073e-03	1.786778928023029667e-03
1.582237300942254121e+00	5.548737943172454834e-03	1.792194481145491713e-03
1.598358961821111812e+00	5.207540467381477356e-03	1.717374935401291174e-03
1.614480622699969725e+00	5.290850065648555756e-03	1.714487672954160278e-03
1.630602283578827416e+00	5.105112213641405106e-03	1.669048020096649838e-03
1.646723944457685329e+00	4.943273030221462250e-03	1.628064719365293058e-03
1.662845605336543020e+00	4.652527626603841782e-03	1.565966577202806184e-03
1.678967266215400933e+00	4.739594180136919022e-03	1.567109113672530063e-03
1.695088927094258624e+00	4.707856569439172745e-03	1.548775278523957001e-03
1.711210587973116315e+00	4.690381698310375214e-03	1.533743535605506950e-03
1.727332248851974228e+00	4.514428786933422089e-03	1.493278952142437603e-03
1.743453909730831919e+00	4.467217251658439636e-03	1.476464945306529266e-03
1.759575570609689832e+00	4.497724119573831558e-03	1.473859467174358116e-03
1.775697231488547523e+00	4.380668047815561295e-03	1.446760141644836545e-03
1.791818892367405436e+00	4.403594881296157837e-03	1.443667583153362879e-03
1.807940553246263127e+00	4.409967921674251556e-03	1.437120528756801211e-03
1.824062214125121040e+00	4.278531298041343689e-03	1.408022320225438924e-03
1.840183875003978731e+00	4.220055416226387024e-03	1.391350574295775614e-03
1.856305535882836422e+00	4.401677288115024567e-03	1.414948184947731466e-03
1.872427196761694335e+00	4.338536411523818970e-03	1.397762602007190502e-03
1.888548857640552026e+00	4.015552345663309097e-03	1.337189737234624823e-03
1.904670518519409939e+00	4.027258604764938354e-03	1.332841547584531295e-03
1.920792179398267630e+00	4.182335454970598221e-03	1.352598456743012980e-03
1.936913840277125542e+00	3.983714617788791656e-03	1.313371795920634981e-03
1.953035501155983233e+00	3.876507282257080078e-03	1.289513108234833366e-03
1.969157162034840924e+00	4.079457838088274002e-03	1.317529924689226457e-03
1.985278822913698837e+00	3.968045581132173538e-03	1.293517670675871064e-03
2.001400483792556528e+00	4.068628419190645218e-03	1.304222910740874489e-03
2.017522144671414441e+00	4.082610830664634705e-03	1.301081994854664300e-03
2.033643805550272354e+00	3.839266719296574593e-03	1.255316390074010880e-03
2.049765466429129823e+00	3.839284880086779594e-03	1.250085650568708018e-03
2.065887127307987736e+00	3.841252066195011139e-03	1.245007311949786980e-03
2.082008788186845649e+00	3.861303674057126045e-03	1.243239098871069034e-03
2.098130449065703118e+00	3.506007138639688492e-03	1.178674351806216969e-03
2.114252109944561031e+00	3.524882718920707703e-03	1.177083290892525554e-03
2.130373770823418944e+00	3.769067348912358284e-03	1.212932145122692842e-03
2.146495431702276413e+00	3.717544255778193474e-03	1.199333537962564379e-03
2.162617092581134770e+00	3.645636141300201416e-03	1.182854184227569942e-03
2.178738753459992239e+00	3.647718345746397972e-03	1.178393989849839700e-03
2.194860414338849708e+00	3.605006262660026550e-03	1.166822609841366293e-03
2.210982075217708065e+00	3.499592887237668037e-03	1.144708715620023449e-03
2.227103736096565534e+00	3.539163386449217796e-03	1.146916313764523689e-03
2.243225396975423003e+00	3.523222403600811958e-03	1.139894564082519646e-03
2.259347057854281360e+00	3.579458920285105705e-03	1.144672876909976498e-03
2.275468718733138829e+00	3.489188384264707565e-03	1.125599400415649336e-03
2.291590379611997186e+00	3.375893458724021912e-03	1.102670080873553986e-03
2.307712040490854655e+00	3.383509349077939987e-03	1.098455239955585050e-03
2.323833701369712124e+00	3.301080316305160522e-03	1.079772273860732596e-03
2.339955362248570481e+00	3.392636543139815331e-03	1.090848947501236272e-03
2.356077023127427950e+00	3.440806176513433456e-03	1.094710708055906699e-03
2.372198684006285418e+00	3.373275743797421455e-03	1.079792843710202389e-03
2.388320344885143776e+00	3.350389190018177032e-03	1.080277171192812677e-03
2.404442005764001244e+00	3.347695805132389069e-03	1.089361226530376333e-03
2.420563666642858713e+00	3.325646976009011269e-03	1.089306057122989453e-03
2.436685327521717070e+00	3.225919557735323906e-03	1.075111658895415781e-03
2.452806988400574539e+00	3.275659168139100075e-03	1.085422846053321535e-03
2.468928649279432896e+00	3.221408696845173836e-03	1.077617088797845060e-03
2.485050310158290365e+00	3.307494102045893669e-03	1.092848691414966076e-03
2.501171971037147834e+00	3.221237100660800934e-03	1.078863427286419572e-03
2.517293631916006191e+00	3.371499013155698776e-03	1.104403846335656617e-03
2.533415292794863660e+00	3.290872089564800262e-03	1.084257588853064329e-03
2.549536953673721129e+00	3.290808992460370064e-03	1.069053115147383095e-03
2.565658614552579486e+00	3.348531201481819153e-03	1.070392787027957433e-03
2.581780275431436955e+00	3.230662085115909576e-03	1.043806912073733800e-03
2.597901936310294424e+00	3.208135021850466728e-03	1.034049412058666477e-03
2.614023597189152781e+00	3.255129093304276466e-03	1.036285231997062907e-03
2.630145258068010250e+00	3.153428202494978905e-03	1.014562023923295956e-03
2.646266918946867719e+00	3.083613468334078789e-03	9.982138961152041412e-04
2.662388579825726076e+00	3.087006742134690285e-03	9.943994335027484324e-04
2.678510240704583545e+00	3.059649141505360603e-03	9.855500202728903220e-04
2.694631901583441902e+00	3.119171829894185066e-03	9.912188894313461555e-04
2.710753562462299371e+00	3.165078116580843925e-03	9.947512823224038351e-04
2.726875223341156840e+00	3.098870161920785904e-03	9.801626265860769946e-04
2.742996884220015197e+00	3.066931152716279030e-03	9.712786501689941706e-04
2.759118545098872666e+00	3.173772245645523071e-03	9.844103639069922296e-04
2.775240205977730135e+00	3.132002893835306168e-03	9.741680824491220480e-04
2.791361866856588492e+00	3.050848143175244331e-03	9.577437861232549745e-04
2.807483527735445961e+00	3.170592710375785828e-03	9.732580327476211953e-04
2.823605188614303430e+00	3.053327323868870735e-03	9.513134356498195677e-04
2.839726849493161787e+00	3.075695829465985298e-03	9.515821538368880771e-04
2.855848510372019255e+00	3.082220442593097687e-03	9.492495792571147050e-04
2.871970171250876724e+00	3.010199638083577156e-03	9.346929918683322472e-04
2.888091832129735081e+00	2.942094579339027405e-03	9.207410195907337518e-04
2.904213493008592550e+00	2.911869436502456665e-03	9.128785655440625323e-04
2.920335153887450907e+00	3.034330904483795166e-03	9.291221500534417848e-04
2.936456814766308376e+00	2.911344869062304497e-03	9.068800034012427114e-04
2.952578475645165845e+00	2.920244587585330009e-03	9.052358109911344932e-04
2.968700136524024202e+00	3.019097726792097092e-03	9.179751043599653501e-04
2.984821797402881671e+00	2.922261599451303482e-03	8.999208512921153761e-04
3.000943458281739140e+00	3.107019234448671341e-03	9.367829361609042666e-04
3.017065119160597497e+00	3.052162006497383118e-03	9.329317821494468969e-04
3.033186780039454966e+00	3.046751953661441803e-03	9.351127056246039820e-04
3.049308440918312435e+00	3.023394150659441948e-03	9.335014886494171459e-04
3.065430101797170792e+00	3.094629617407917976e-03	9.462279557337642706e-04
3.081551762676028261e+00	3.043787553906440735e-03	9.392697636527530753e-04
3.097673423554886618e+00	2.934213960543274879e-03	9.224633807455610499e-04
3.113795084433744087e+00	2.953052986413240433e-03	9.258755717307913394e-04
3.129916745312601556e+00	2.976674586534500122e-03	9.299212156435400283e-04
3.146038406191459913e+00	2.924647182226181030e-03	9.120727026747861869e-04
3.162160067070317382e+00	2.949602901935577393e-03	9.072682117642536220e-04
3.178281727949174851e+00	3.008806379511952400e-03	9.102152466530088071e-04
3.194403388828033208e+00	2.955544739961624146e-03	8.969113262296727436e-04
3.210525049706890677e+00	3.044534707441926003e-03	9.061689819005340268e-04
3.226646710585748146e+00	3.011269960552453995e-03	8.970543150159911508e-04
3.242768371464606503e+00	2.977835247293114662e-03	8.882059885618342641e-04
3.258890032343463972e+00	2.855705562978982925e-03	8.659679019961147740e-04
3.275011693222321441e+00	2.927422057837247849e-03	8.737584380221186629e-04
3.291133354101179798e+00	3.010325133800506592e-03	8.830922630086600247e-04
3.307255014980037267e+00	2.939164172857999802e-03	8.692374071642630521e-04
3.323376675858895624e+00	2.962553640827536583e-03	8.698742588787897970e-04
3.339498336737753093e+00	2.902240259572863579e-03	8.579088563699818716e-04
3.355619997616610561e+00	2.865654183551669121e-03	8.495656455750323849e-04
3.371741658495468918e+00	2.926846966147422791e-03	8.561432495571211351e-04
3.387863319374326387e+00	2.909148810431361198e-03	8.507029596117603350e-04
3.403984980253183856e+00	2.920380095019936562e-03	8.498385044728496741e-04
3.420106641132042213e+00	2.958194818347692490e-03	8.528612249266811270e-04
3.436228302010899682e+00	2.873182529583573341e-03	8.376373590922732947e-04
3.452349962889757151e+00	2.816193271428346634e-03	8.267608754193546882e-04
3.468471623768615508e+00	2.785564400255680084e-03	8.197531393583473410e-04
3.484593284647472977e+00	2.835524268448352814e-03	8.247675491786613270e-04
3.500714945526331334e+00	2.809980651363730431e-03	8.187993930745632873e-04
3.516836606405188803e+00	2.968873595818877220e-03	8.396759253188001114e-04
3.532958267284046272e+00	2.761841984465718269e-03	8.068561156683934843e-04
3.549079928162904629e+00	2.812472637742757797e-03	8.122150323521109281e-04
3.565201589041762098e+00	2.852744655683636665e-03	8.159218246209863461e-04
3.581323249920619567e+00	2.846352057531476021e-03	8.127800948579258023e-04
3.597444910799477924e+00	2.907684305682778358e-03	8.194873935221052381e-04
3.613566571678335393e+00	2.908414462581276894e-03	8.175002892441576808e-04
3.629688232557192862e+00	2.875332022085785866e-03	8.107252632577513062e-04
3.645809893436051219e+00	2.812924096360802650e-03	7.997476984161355383e-04
3.661931554314908688e+00	2.921770326793193817e-03	8.133005057788657115e-04
3.678053215193766157e+00	2.880353480577468872e-03	8.053769927397526080e-04
3.694174876072624514e+00	2.839083317667245865e-03	7.974639719436549994e-04
3.710296536951481983e+00	2.777395304292440414e-03	7.866347213404203693e-04
3.726418197830340340e+00	2.846910618245601654e-03	7.946030211751946900e-04
3.742539858709197809e+00	2.891961950808763504e-03	7.990695555464618228e-04
3.758661519588055278e+00	2.830454381182789803e-03	7.884190111846723845e-04
3.774783180466913635e+00	2.766977529972791672e-03	7.774365464313802345e-04
3.790904841345771104e+00	2.701753517612814903e-03	7.661018195380779605e-04
3.807026502224628572e+00	2.841399749740958214e-03	7.842864438153864925e-04
3.823148163103486930e+00	2.755189081653952599e-03	7.702957718391892925e-04
3.839269823982344398e+00	2.834695158526301384e-03	7.795729881702494809e-04
3.855391484861201867e+00	2.829343546181917191e-03	7.769783056681581028e-04
3.871513145740060224e+00	2.646104432642459869e-03	7.490055955573054732e-04
3.887634806618917693e+00	2.854460151866078377e-03	7.767991790614206396e-04
3.903756467497775162e+00	2.765307901427149773e-03	7.624890746653045217e-04
3.919878128376633519e+00	2.822241745889186859e-03	7.687026376966170967e-04
3.935999789255490988e+00	2.694419119507074356e-03	7.489494738563761767e-04
3.952121450134349345e+00	2.828652504831552505e-03	7.660382157476827670e-04
3.968243111013206814e+00	2.877612132579088211e-03	7.786371368277697014e-04
3.984364771892064283e+00	2.775193890556693077e-03	7.692083028403342562e-04
4.000486432770922640e+00	2.731562592089176178e-03	7.650313394876647605e-04
4.016608093649780109e+00	2.703263191506266594e-03	7.610979172722238560e-04
4.032729754528637578e+00	2.782310592010617256e-03	7.732881779628363213e-04
4.048851415407495935e+00	2.764629432931542397e-03	7.717247379093891907e-04
4.064973076286353404e+00	2.914491109549999237e-03	7.936182562035765326e-04
4.081094737165210873e+00	2.757445676252245903e-03	7.719855424437845406e-04
4.097216398044069230e+00	2.880163723602890968e-03	7.897545400215093226e-04
4.113338058922926699e+00	2.835608320310711861e-03	7.837686050746651848e-04
4.129459719801785056e+00	2.701841061934828758e-03	7.643620066790957372e-04
4.145581380680642525e+00	2.816942986100912094e-03	7.798840146460708170e-04
4.161703041559499994e+00	2.794841537252068520e-03	7.757843451931204642e-04
4.177824702438358351e+00	2.760117407888174057e-03	7.705260881497880349e-04
4.193946363317215820e+00	2.865222748368978500e-03	7.852048743745818115e-04
4.210068024196074177e+00	2.808791119605302811e-03	7.775865177970743471e-04
4.226189685074931646e+00	2.755680354312062263e-03	7.787410799543176927e-04
4.242311345953789115e+00	2.669017761945724487e-03	7.718479904553743852e-04
4.258433006832647472e+00	2.700050827115774155e-03	7.808071541552964994e-04
4.274554667711504941e+00	2.783501753583550453e-03	7.966823535225482037e-04
4.290676328590362409e+00	2.776839770376682281e-03	7.988137566812885879e-04
4.306797989469220767e+00	2.831035759299993515e-03	8.096095518591969915e-04
4.322919650348078235e+00	2.893539844080805779e-03	8.213239982168974839e-04
4.339041311226935704e+00	2.732302062213420868e-03	8.001624494795993607e-04
4.355162972105794061e+00	2.827761461958289146e-03	8.225446084298132900e-04
4.371284632984651530e+00	2.845750888809561729e-03	8.329423139751691418e-04
4.387406293863509887e+00	2.815575804561376572e-03	8.349792727222190647e-04
4.403527954742367356e+00	2.698032185435295105e-03	8.255915038960545248e-04
4.419649615621224825e+00	2.834700047969818115e-03	8.574952763347037108e-04
4.435771276500083182e+00	2.788171172142028809e-03	8.586674300924196021e-04
4.451892937378940651e+00	2.688782522454857826e-03	8.485075355555793484e-04
4.468014598257798120e+00	2.932158531621098518e-03	8.914641999141704109e-04
4.484136259136656477e+00	2.751390216872096062e-03	8.672975040588485349e-04
4.500257920015513946e+00	2.712558256462216377e-03	8.648645664727842809e-04
4.516379580894371415e+00	2.698020078241825104e-03	8.659744269278004444e-04
4.532501241773229772e+00	2.620133105665445328e-03	8.563140972577790340e-04
4.548622902652087241e+00	2.611066680401563644e-03	8.712027528354983254e-04
4.564744563530944710e+00	2.791296225041151047e-03	9.173281018009558181e-04
4.580866224409803067e+00	2.891695126891136169e-03	9.429810605816014383e-04
4.596987885288660536e+00	2.791437087580561638e-03	9.324366745155385043e-04
4.613109546167518893e+00	2.632427262142300606e-03	9.112600257369221418e-04
4.629231207046376362e+00	2.722873585298657417e-03	9.324739660679780707e-04
4.645352867925233831e+00	2.655050950124859810e-03	9.254951328166253479e-04
4.661474528804092188e+00	2.678095595911145210e-03	9.342498098893594130e-04
4.677596189682949657e+00	2.639248501509428024e-03	9.316772162413357143e-04
4.693717850561807126e+00	2.614671131595969200e-03	9.299696416764280296e-04
4.709839511440665483e+00	2.764936769381165504e-03	9.587627141366144743e-04
4.725961172319522952e+00	2.728425664827227592e-03	9.548380992144930206e-04
4.742082833198380420e+00	2.665946725755929947e-03	9.473275799339416674e-04
4.758204494077238778e+00	2.851969096809625626e-03	9.841529609173240833e-04
4.774326154956096246e+00	2.754463814198970795e-03	9.704742524751087777e-04
4.790447815834954604e+00	2.732645021751523018e-03	9.700704334429562916e-04
4.806569476713812072e+00	2.673081122338771820e-03	9.624827630987913690e-04
4.822691137592669541e+00	2.742393407970666885e-03	9.916244430409803991e-04
4.838812798471527898e+00	2.650662092491984367e-03	9.961461501072446136e-04
4.854934459350385367e+00	2.683055587112903595e-03	1.018222228592203377e-03
4.871056120229242836e+00	2.616950776427984238e-03	1.019129361214356731e-03
4.887177781108101193e+00	2.922678133472800255e-03	1.091483254740385116e-03
4.903299441986958662e+00	2.679975470528006554e-03	1.056649111595800092e-03
4.919421102865816131e+00	2.703983569517731667e-03	1.073342866720158667e-03
4.935542763744674488e+00	2.542502479627728462e-03	1.051512058628134572e-03
4.951664424623531957e+00	2.672357019037008286e-03	1.089496500257400085e-03
4.967786085502389426e+00	2.764444332569837570e-03	1.118244142299844660e-03
4.983907746381247783e+00	2.601797925308346748e-03	1.093454415660360729e-03
5.000029407260105252e+00	2.824220573529601097e-03	1.149342957557658845e-03
5.016151068138963609e+00	2.852985868230462074e-03	1.164556893720645201e-03
5.032272729017821078e+00	2.825296483933925629e-03	1.167972438471971816e-03
5.048394389896678547e+00	2.683896338567137718e-03	1.147749208014998881e-03
5.064516050775536904e+00	2.816226100549101830e-03	1.187270594301509516e-03
5.080637711654394373e+00	2.710555447265505791e-03	1.175488788328468183e-03
5.096759372533251842e+00	2.655025571584701538e-03	1.174450519461793735e-03
5.112881033412110199e+00	2.684460720047354698e-03	1.191771923292009143e-03
5.129002694290967668e+00	2.707945415750145912e-03	1.206655744796233422e-03
5.145124355169825137e+00	2.863330533728003502e-03	1.250054764431302338e-03
5.161246016048683494e+00	2.789773745462298393e-03	1.242307929823296920e-03
5.177367676927540963e+00	2.923364518210291862e-03	1.281153343051814972e-03
5.193489337806398431e+00	2.874910132959485054e-03	1.280236128987730787e-03
5.209610998685256789e+00	2.845686161890625954e-03	1.285430316622287366e-03
5.225732659564114257e+00	2.822209615260362625e-03	1.292130806497303244e-03
5.241854320442972615e+00	2.990107284858822823e-03	1.343092287270493141e-03
5.257975981321830083e+00	2.796139335259795189e-03	1.310514571155231437e-03
5.274097642200687552e+00	2.720544580370187759e-03	1.304791953685462223e-03
5.290219303079545909e+00	2.885083667933940887e-03	1.357232657919237202e-03
5.306340963958403378e+00	2.909557893872261047e-03	1.376305584419007522e-03
5.322462624837260847e+00	2.742941956967115402e-03	1.348834350127664635e-03
5.338584285716119204e+00	2.796545391902327538e-03	1.375690662321334438e-03
5.354705946594976673e+00	2.749522682279348373e-03	1.377503357838568646e-03
5.370827607473834142e+00	3.001223783940076828e-03	1.454632763912196711e-03
5.386949268352692499e+00	2.914089011028409004e-03	1.447638784025614836e-03
5.403070929231549968e+00	2.744258614256978035e-03	1.419326676949077357e-03
5.419192590110408325e+00	3.014489775523543358e-03	1.503475207802968620e-03
5.435314250989265794e+00	2.918922808021306992e-03	1.491517902623937979e-03
5.451435911868123263e+00	3.053829772397875786e-03	1.537842084102799579e-03
5.467557572746981620e+00	2.995956921949982643e-03	1.534855315047320597e-03
5.483679233625839089e+00	2.822986105456948280e-03	1.500853466047325857e-03
5.499800894504696558e+00	2.710911212489008904e-03	1.482678320235157913e-03
5.515922555383554915e+00	2.828919794410467148e-03	1.529898207737514278e-03
5.532044216262412384e+00	2.683934988453984261e-03	1.506366351989876133e-03
5.548165877141269853e+00	2.841961802914738655e-03	1.568221570104034145e-03
5.564287538020128210e+00	2.770108170807361603e-03	1.566021565719190800e-03
5.580409198898985679e+00	2.892715390771627426e-03	1.619656305286928683e-03
5.596530859777843148e+00	2.759177004918456078e-03	1.600338220944446093e-03
5.612652520656701505e+00	2.680654637515544891e-03	1.597142971176738818e-03
5.628774181535558974e+00	2.718417672440409660e-03	1.627925098508840960e-03
5.644895842414417331e+00	2.976407762616872787e-03	1.725815231244131167e-03
5.661017503293274800e+00	2.850980963557958603e-03	1.710682183500514091e-03
5.677139164172132269e+00	2.608107170090079308e-03	1.657022491663929153e-03
5.693260825050990626e+00	2.782849129289388657e-03	1.735419147238705150e-03
5.709382485929848094e+00	2.827233867719769478e-03	1.773661414283222906e-03
5.725504146808705563e+00	2.902480773627758026e-03	1.822750617192407359e-03
5.741625807687563920e+00	2.767488826066255569e-03	1.805285367665385556e-03
5.757747468566421389e+00	2.606139052659273148e-03	1.777421682500385366e-03
5.773869129445278858e+00	2.809364115819334984e-03	1.874356933740100629e-03
5.789990790324137215e+00	2.997242612764239311e-03	1.968827013804359816e-03
5.806112451202994684e+00	3.057810245081782341e-03	2.019982163931443968e-03
5.822234112081852153e+00	2.938980702310800552e-03	2.011928891418466887e-03
5.838355772960710510e+00	2.992128953337669373e-03	2.065256845265791945e-03
5.854477433839567979e+00	2.904814435169100761e-03	2.073041356383452122e-03
5.870599094718426336e+00	3.273412818089127541e-03	2.239267376769147212e-03
5.886720755597283805e+00	2.912693424150347710e-03	2.150674144906221125e-03
5.902842416476141274e+00	3.081588773056864738e-03	2.256191848291460786e-03
5.918964077354999631e+00	2.888502553105354309e-03	2.227781515784837876e-03
5.935085738233857100e+00	2.933704992756247520e-03	2.292587768406463469e-03
5.951207399112714569e+00	2.957381773740053177e-03	2.352438313914868157e-03
5.967329059991572926e+00	3.076690714806318283e-03	2.454568258452146257e-03
5.983450720870430395e+00	2.710508415475487709e-03	2.357437844673463973e-03
5.999572381749287864e+00	3.023287048563361168e-03	2.553404648926053521e-03
6.015694042628146221e+00	2.732053399085998535e-03	2.489688926182192889e-03
6.031815703507003690e+00	2.765795914456248283e-03	2.574196980237078956e-03
6.047937364385862047e+00	2.889699535444378853e-03	2.708678738964891402e-03
6.064059025264719516e+00	3.062307368963956833e-03	2.874969021310183007e-03
6.080180686143576985e+00	2.966570667922496796e-03	2.937399710825480334e-03
6.096302347022435342e+00	3.168740775436162949e-03	3.181619971850188546e-03
6.112424007901292811e+00	2.606831490993499756e-03	3.031957976036071898e-03
6.128545668780150280e+00	3.331307088956236839e-03	3.669575005731704614e-03
6.144667329659008637e+00	2.945634070783853531e-03	3.623184913893458519e-03
6.160788990537866106e+00	3.086144570261240005e-03	3.843569987968222228e-03
6.176910651416723574e+00	2.711088163778185844e-03	3.708569427415265608e-03
6.193032312295581931e+00	3.271869616582989693e-03	4.161022958955375509e-03
6.209153973174439400e+00	2.960574813187122345e-03	4.042314668369666880e-03
6.225275634053296869e+00	3.210150403901934624e-03	4.305493571440117961e-03
6.241397294932155226e+00	2.546114847064018250e-03	3.922580668727524908e-03
6.257518955811012695e+00	2.604649402201175690e-03	4.064874054586322880e-03
6.273640616689871052e+00	2.676641102880239487e-03	4.226878896304147107e-03
6.289762277568728521e+00	2.736006863415241241e-03	4.396447907831017334e-03
6.305883938447585990e+00	3.438434796407818794e-03	5.077549585224332314e-03
6.322005599326444347e+00	2.733289264142513275e-03	4.650334876028052941e-03
6.338127260205301816e+00	2.208020770922303200e-03	4.311802238972446862e-03
6.354248921084159285e+00	2.962977392598986626e-03	5.171212612859841552e-03
6.370370581963017642e+00	3.633840475231409073e-03	5.938621233742254549e-03
6.386492242841875111e+00	3.722936147823929787e-03	6.247659065661017447e-03
6.402613903720732580e+00	3.243828658014535904e-03	6.083537424518823712e-03
6.418735564599590937e+00	2.928493544459342957e-03	6.051191620033670275e-03
6.434857225478448406e+00	2.882238710299134254e-03	6.310822693161718781e-03
6.450978886357306763e+00	3.838840173557400703e-03	7.706493489382786923e-03
6.467100547236164232e+00	3.975533414632081985e-03	8.353331272272546820e-03
6.483222208115021701e+00	2.997612813487648964e-03	7.785119926857003540e-03
6.499343868993880058e+00	3.542836522683501244e-03	9.206692048723926630e-03
6.515465529872737527e+00	2.663273829966783524e-03	8.835147872310669670e-03
6.531587190751594996e+00	3.669661004096269608e-03	1.175048333228770336e-02
6.547708851630453353e+00	4.129695706069469452e-03	1.476832198753138224e-02
6.563830512509310822e+00	2.649531699717044830e-03	1.525209197010431172e-02
6.579952173388169179e+00	4.469431005418300629e-03	3.386182888909225475e-02
