# Normalized	7000.0 eV	214neu
# q	I	Poisson error
# nm-1	cm-1	cm-1
1.289189696504384197e-01	7.846854400634765625e+01	2.521085430467269628e+00
1.430183876667701914e-01	7.412863922119140625e+01	1.478578286751109250e+00
1.571178056831019632e-01	6.901460266113281250e+01	1.160959253434299843e+00
1.712172236994337071e-01	6.344784927368164062e+01	9.749139932865833469e-01
1.853166417157655066e-01	5.734448623657226562e+01	8.243973555325361247e-01
1.994160597320972506e-01	5.168621063232421875e+01	7.049082178049137504e-01
2.135154777484290223e-01	4.637273025512695312e+01	6.095927987357488975e-01
2.276148957647607940e-01	4.094305038452148438e+01	5.602779146968479562e-01
2.417143137810925657e-01	3.606728744506835938e+01	5.106701947848321099e-01
2.558137317974243374e-01	3.129985427856445312e+01	4.611348649313895542e-01
2.699131498137561369e-01	2.696613502502441406e+01	4.164067467252601795e-01
2.840125678300878809e-01	2.304024696350097656e+01	3.679907792775063413e-01
2.981119858464196248e-01	1.947602272033691406e+01	3.163529351306570425e-01
3.122114038627513688e-01	1.629113388061523438e+01	2.743487701992832206e-01
3.263108218790831683e-01	1.338496398925781250e+01	2.365326107731318683e-01
3.404102398954149677e-01	1.084475612640380859e+01	2.023513771235050940e-01
3.545096579117467117e-01	8.666743278503417969e+00	1.723374405427236244e-01
3.686090759280784557e-01	6.810254573822021484e+00	1.460842871020101574e-01
3.827084939444102551e-01	5.233570575714111328e+00	1.224883848061681380e-01
3.968079119607419991e-01	3.959170341491699219e+00	1.020889090103122288e-01
4.109073299770737986e-01	2.919775962829589844e+00	8.409585388056139976e-02
4.250067479934055426e-01	2.109573602676391602e+00	6.848296342211362964e-02
4.391061660097373420e-01	1.489370107650756836e+00	5.522345547829715651e-02
4.532055840260690860e-01	1.033401012420654297e+00	4.436545687995843007e-02
4.673050020424008300e-01	7.089148163795471191e-01	3.553208360902324753e-02
4.814044200587326294e-01	4.954746961593627930e-01	2.953260025060005373e-02
4.955038380750643734e-01	3.687816262245178223e-01	2.542570706535714556e-02
5.096032560913961174e-01	3.049918711185455322e-01	2.299326569932726855e-02
5.237026741077279723e-01	2.893507778644561768e-01	2.230192340082121777e-02
5.378020921240597163e-01	3.016122579574584961e-01	2.262636915400952423e-02
5.519015101403914603e-01	3.309568464756011963e-01	2.354902939944609336e-02
5.660009281567233153e-01	3.660616874694824219e-01	2.470872138999973336e-02
5.801003461730549482e-01	4.015759229660034180e-01	2.582994339433308112e-02
5.941997641893868032e-01	4.309662878513336182e-01	2.668903230534692625e-02
6.082991822057185471e-01	4.499561488628387451e-01	2.667999296757098474e-02
6.223986002220502911e-01	4.602958559989929199e-01	2.618562547115946271e-02
6.364980182383821461e-01	4.591102004051208496e-01	2.564677196605052306e-02
6.505974362547137790e-01	4.462637901306152344e-01	2.488007932632260374e-02
6.646968542710456340e-01	4.252826869487762451e-01	2.398980279665609283e-02
6.787962722873774890e-01	3.966288268566131592e-01	2.281916071258450682e-02
6.928956903037091219e-01	3.618272542953491211e-01	2.144008722981822004e-02
7.069951083200409769e-01	3.255409300327301025e-01	2.000772569602006154e-02
7.210945263363726099e-01	2.877067029476165771e-01	1.850803885892638931e-02
7.351939443527044649e-01	2.498798519372940063e-01	1.697161625651513392e-02
7.492933623690363198e-01	2.145645022392272949e-01	1.547569584956367747e-02
7.633927803853679528e-01	1.813166141510009766e-01	1.400341757642582959e-02
7.774921984016998078e-01	1.529137790203094482e-01	1.266232663975415049e-02
7.915916164180314407e-01	1.272703111171722412e-01	1.138025209236018069e-02
8.056910344343632957e-01	1.070136502385139465e-01	1.028971982997666304e-02
8.197904524506951507e-01	9.086228162050247192e-02	9.353941603022291121e-03
8.338898704670267836e-01	7.838700711727142334e-02	8.578946237655730653e-03
8.479892884833586386e-01	6.970743834972381592e-02	7.995078822044317246e-03
8.620887064996902716e-01	6.380075216293334961e-02	7.563238518235725939e-03
8.761881245160221265e-01	6.002247706055641174e-02	7.265032156107021667e-03
8.902875425323539815e-01	5.740265548229217529e-02	7.037000547371909803e-03
9.043869605486856145e-01	5.692626908421516418e-02	6.945562308550386373e-03
9.184863785650174695e-01	5.655476450920104980e-02	6.865773466082478529e-03
9.325857965813491024e-01	5.658221989870071411e-02	6.811073480316317055e-03
9.466852145976809574e-01	5.682903155684471130e-02	6.771223887468008629e-03
9.607846326140128124e-01	5.692608281970024109e-02	6.723706297431710638e-03
9.748840506303444453e-01	5.641382932662963867e-02	6.641034114600609037e-03
9.889834686466763003e-01	5.567004531621932983e-02	6.549585305257345572e-03
1.003082886663008155e+00	5.405242741107940674e-02	6.409747482814708713e-03
1.017182304679339788e+00	5.221878364682197571e-02	6.373718084972133067e-03
1.031281722695671643e+00	5.022750422358512878e-02	6.287411125401481428e-03
1.045381140712003276e+00	4.731765761971473694e-02	6.089621796940196917e-03
1.059480558728335131e+00	4.452545940876007080e-02	5.896957311683457235e-03
1.073579976744666986e+00	4.146541655063629150e-02	5.681494638235015660e-03
1.087679394760998619e+00	3.868469595909118652e-02	5.476182531992056755e-03
1.101778812777330474e+00	3.583384677767753601e-02	5.257427957193103706e-03
1.115878230793662107e+00	3.323781490325927734e-02	5.050230177634304138e-03
1.129977648809993962e+00	3.110726922750473022e-02	4.873044455836777165e-03
1.144077066826325817e+00	2.876092307269573212e-02	4.587704329713454196e-03
1.158176484842657450e+00	2.655965462327003479e-02	4.320830851285629125e-03
1.172275902858989305e+00	2.507983148097991943e-02	4.158190122383108832e-03
1.186375320875321160e+00	2.374184317886829376e-02	4.016801277700553056e-03
1.200474738891652793e+00	2.242898754775524139e-02	3.879760577036278028e-03
1.214574156907984648e+00	2.138831280171871185e-02	3.766729671332478234e-03
1.228673574924316503e+00	2.059279382228851318e-02	3.677047252321833694e-03
1.242772992940648136e+00	1.981023699045181274e-02	3.587541396463617225e-03
1.256872410956979991e+00	1.900611817836761475e-02	3.495685221758255967e-03
1.270971828973311624e+00	1.867819391191005707e-02	3.449172507680029441e-03
1.285071246989643479e+00	1.793799363076686859e-02	3.364303414089996145e-03
1.299170665005975334e+00	1.749665848910808563e-02	3.307302215481852225e-03
1.313270083022306967e+00	1.690624654293060303e-02	3.235551208090060946e-03
1.327369501038638822e+00	1.627233996987342834e-02	3.160206823657156407e-03
1.341468919054970454e+00	1.583155803382396698e-02	3.102881563706919726e-03
1.355568337071302309e+00	1.508718356490135193e-02	3.010842981147651524e-03
1.369667755087634164e+00	1.463083550333976746e-02	2.944159475406713140e-03
1.383767173103965797e+00	1.430518086999654770e-02	2.884155495733331347e-03
1.397866591120297652e+00	1.381204742938280106e-02	2.804009649354386770e-03
1.411966009136629285e+00	1.325599476695060730e-02	2.719062176677055319e-03
1.426065427152961140e+00	1.289990544319152832e-02	2.658485788971659634e-03
1.440164845169292995e+00	1.228101272135972977e-02	2.570803995142887342e-03
1.454264263185624628e+00	1.160319894552230835e-02	2.477510800205103177e-03
1.468363681201956483e+00	1.135455723851919174e-02	2.429003585388372650e-03
1.482463099218288116e+00	1.090162154287099838e-02	2.359295878692809888e-03
1.496562517234619971e+00	1.065779570490121841e-02	2.313972689261811766e-03
1.510661935250951826e+00	1.011850778013467789e-02	2.237214986882946413e-03
1.524761353267283459e+00	1.005425024777650833e-02	2.216707204299660575e-03
1.538860771283615314e+00	9.650269523262977600e-03	2.159465855903242547e-03
1.552960189299947169e+00	9.299622848629951477e-03	2.108279734854284857e-03
1.567059607316278802e+00	9.018381126224994659e-03	2.065572248211550600e-03
1.581159025332610657e+00	8.868022821843624115e-03	2.037143824779757018e-03
1.595258443348942290e+00	8.451147936284542084e-03	1.977780654986065981e-03
1.609357861365274145e+00	8.185120299458503723e-03	1.936295886453047021e-03
1.623457279381606000e+00	7.770847529172897339e-03	1.876908992348740339e-03
1.637556697397937633e+00	7.561848498880863190e-03	1.842054395582722699e-03
1.651656115414269488e+00	7.330637890845537186e-03	1.804379490555595980e-03
1.665755533430601121e+00	7.357569411396980286e-03	1.799191370120842943e-03
1.679854951446932976e+00	7.101553026586771011e-03	1.758977592165438756e-03
1.693954369463264831e+00	6.826724857091903687e-03	1.716037676179366957e-03
1.708053787479596464e+00	6.777987349778413773e-03	1.702234986240230494e-03
1.722153205495928319e+00	6.518216803669929504e-03	1.661140103196757532e-03
1.736252623512259952e+00	6.208623759448528290e-03	1.613592786704896387e-03
1.750352041528591807e+00	6.169258616864681244e-03	1.601088342461876859e-03
1.764451459544923662e+00	6.060712505131959915e-03	1.580081933909298743e-03
1.778550877561255295e+00	5.920190364122390747e-03	1.554379991276002735e-03
1.792650295577587150e+00	5.743254907429218292e-03	1.524173665788387940e-03
1.806749713593919004e+00	5.732658319175243378e-03	1.516139851161624370e-03
1.820849131610250637e+00	5.651357583701610565e-03	1.499019188294917508e-03
1.834948549626582492e+00	5.548942834138870239e-03	1.479052170762426349e-03
1.849047967642914125e+00	5.358573514968156815e-03	1.447082474062581217e-03
1.863147385659245980e+00	5.146552808582782745e-03	1.411772281442808669e-03
1.877246803675577835e+00	5.247266963124275208e-03	1.419679265102787025e-03
1.891346221691909468e+00	5.036633927375078201e-03	1.385025215265108921e-03
1.905445639708241323e+00	5.120509304106235504e-03	1.391009912380811436e-03
1.919545057724572956e+00	5.042530596256256104e-03	1.374864649521721728e-03
1.933644475740904811e+00	4.783544223755598068e-03	1.333151168919570256e-03
1.947743893757236666e+00	4.652517847716808319e-03	1.309450612892623135e-03
1.961843311773568299e+00	4.508398938924074173e-03	1.283723684647692558e-03
1.975942729789900154e+00	4.479437135159969330e-03	1.274527679270520165e-03
1.990042147806231787e+00	4.332218784838914871e-03	1.248338198614080356e-03
2.004141565822563642e+00	4.248897545039653778e-03	1.231449113771268360e-03
2.018240983838895275e+00	4.185836762189865112e-03	1.216034172806090352e-03
2.032340401855226908e+00	4.181780852377414703e-03	1.209865047601753774e-03
2.046439819871558985e+00	4.087088629603385925e-03	1.191373822687709751e-03
2.060539237887890618e+00	3.974854946136474609e-03	1.170332223188960425e-03
2.074638655904222251e+00	3.849901258945465088e-03	1.147339557383117567e-03
2.088738073920554328e+00	3.814008319750428200e-03	1.146409318378280697e-03
2.102837491936885961e+00	3.740751184523105621e-03	1.145250547446092799e-03
2.116936909953217594e+00	3.965978510677814484e-03	1.183689435209103052e-03
2.131036327969549227e+00	3.686542855575680733e-03	1.143368515238647395e-03
2.145135745985881304e+00	3.589129541069269180e-03	1.129918292675261351e-03
2.159235164002212937e+00	3.629100043326616287e-03	1.137768383869364620e-03
2.173334582018544570e+00	3.664134768769145012e-03	1.144003449918616893e-03
2.187434000034876203e+00	3.403372829779982567e-03	1.102619099421012216e-03
2.201533418051208280e+00	3.493655472993850708e-03	1.117520997408632134e-03
2.215632836067539913e+00	3.355226013809442520e-03	1.088183603459843673e-03
2.229732254083871545e+00	3.286313265562057495e-03	1.061611036609318723e-03
2.243831672100203622e+00	3.270796034485101700e-03	1.050974008275380473e-03
2.257931090116535255e+00	3.254892770200967789e-03	1.041161113661204013e-03
2.272030508132866888e+00	3.182951360940933228e-03	1.023412667535865362e-03
2.286129926149198965e+00	3.140537999570369720e-03	1.011106404278912761e-03
2.300229344165530598e+00	3.027108032256364822e-03	9.874504591887460145e-04
2.314328762181862231e+00	3.128672949969768524e-03	9.992543976535118826e-04
2.328428180198194308e+00	3.073987085372209549e-03	9.859926526667992831e-04
2.342527598214525941e+00	3.028568811714649200e-03	9.742572455531815952e-04
2.356627016230857574e+00	2.903411397710442543e-03	9.497042736205356253e-04
2.370726434247189207e+00	3.040848067030310631e-03	9.684305034236382215e-04
2.384825852263521284e+00	3.002476645633578300e-03	9.583625162469481141e-04
2.398925270279852917e+00	2.857720013707876205e-03	9.310625601784280284e-04
2.413024688296184550e+00	2.734636189416050911e-03	9.068020128661774797e-04
2.427124106312516627e+00	2.664007479324936867e-03	8.915292604948103555e-04
2.441223524328848260e+00	2.654871903359889984e-03	8.867566795810232286e-04
2.455322942345179893e+00	2.812919439747929573e-03	9.098395914295268408e-04
2.469422360361511970e+00	2.799249486997723579e-03	9.043462072321787823e-04
2.483521778377843603e+00	2.787817502394318581e-03	8.993454109788712311e-04
2.497621196394175236e+00	2.808073535561561584e-03	8.994433366269415867e-04
2.511720614410506869e+00	2.756012370809912682e-03	8.879208078386667796e-04
2.525820032426838946e+00	2.631315030157566071e-03	8.643927113358639783e-04
2.539919450443170579e+00	2.576899481937289238e-03	8.524425468569324805e-04
2.554018868459502212e+00	2.551707439124584198e-03	8.453069853929835601e-04
2.568118286475834289e+00	2.564541762694716454e-03	8.448167404706512359e-04
2.582217704492165922e+00	2.514908090233802795e-03	8.336505185439804485e-04
2.596317122508497555e+00	2.390327397733926773e-03	8.099814481453740909e-04
2.610416540524829632e+00	2.399422926828265190e-03	8.089180603183380482e-04
2.624515958541161265e+00	2.427288331091403961e-03	8.209398775440982822e-04
2.638615376557492898e+00	2.576802391558885574e-03	8.504524944489194388e-04
2.652714794573824975e+00	2.376070711761713028e-03	8.188787315651053578e-04
2.666814212590156608e+00	2.505819080397486687e-03	8.431131723452129061e-04
2.680913630606488240e+00	2.396957948803901672e-03	8.257188273438173954e-04
2.695013048622819873e+00	2.367654116824269295e-03	8.214834961951764407e-04
2.709112466639151950e+00	2.355220029130578041e-03	8.198454397399342801e-04
2.723211884655483583e+00	2.316718455404043198e-03	8.133773664776632138e-04
2.737311302671815216e+00	2.341629704460501671e-03	8.180369389887399111e-04
2.751410720688147293e+00	2.252696780487895012e-03	7.938006848232256841e-04
2.765510138704478926e+00	2.278937958180904388e-03	7.907621410710737432e-04
2.779609556720810559e+00	2.125282073393464088e-03	7.579898518719620053e-04
2.793708974737142636e+00	2.200191374868154526e-03	7.670600449047596707e-04
2.807808392753474269e+00	2.266984665766358376e-03	7.749372654574123017e-04
2.821907810769805902e+00	2.265772083774209023e-03	7.712223948861778033e-04
2.836007228786137535e+00	2.255879575386643410e-03	7.662555800476955050e-04
2.850106646802469612e+00	2.240499015897512436e-03	7.605627040533709422e-04
2.864206064818801245e+00	2.079627010971307755e-03	7.296444238748355090e-04
2.878305482835132878e+00	2.133447676897048950e-03	7.364331125634875986e-04
2.892404900851464955e+00	2.112508285790681839e-03	7.301154360729718252e-04
2.906504318867796588e+00	2.083728555589914322e-03	7.226342810046616988e-04
2.920603736884128221e+00	1.968319062143564224e-03	6.997162546263323551e-04
2.934703154900460298e+00	1.977377105504274368e-03	6.990205861875544010e-04
2.948802572916791931e+00	2.078179270029067993e-03	7.146179258569693984e-04
2.962901990933123564e+00	2.168592531234025955e-03	7.277989905002752108e-04
2.977001408949455641e+00	2.137240953743457794e-03	7.202717120773170084e-04
2.991100826965787274e+00	1.996923936530947685e-03	6.937860324909087819e-04
3.005200244982118907e+00	1.991560682654380798e-03	6.906751918521745245e-04
3.019299662998450540e+00	1.907780417241156101e-03	6.738761956765521206e-04
3.033399081014782617e+00	2.088762121275067329e-03	7.034617396130246397e-04
3.047498499031114250e+00	2.091199858114123344e-03	7.017574770472988091e-04
3.061597917047445883e+00	2.055064309388399124e-03	6.937371710103354926e-04
3.075697335063777960e+00	2.112362766638398170e-03	7.013760948396047853e-04
3.089796753080109593e+00	1.922581810504198074e-03	6.667501259277849347e-04
3.103896171096441226e+00	1.878418726846575737e-03	6.571721912826663852e-04
3.117995589112773303e+00	2.125511644408106804e-03	6.977260197236447763e-04
3.132095007129104935e+00	2.015959704294800758e-03	6.774040574372394751e-04
3.146194425145436568e+00	2.020318992435932159e-03	6.763065951803206091e-04
3.160293843161768645e+00	1.998067134991288185e-03	6.707863024752344595e-04
3.174393261178100278e+00	1.956293359398841858e-03	6.619899495627851529e-04
3.188492679194431911e+00	2.040267689153552055e-03	6.746026799088327428e-04
3.202592097210763544e+00	1.998148625716567039e-03	6.657400222741601155e-04
3.216691515227095621e+00	1.933608902618288994e-03	6.531137099188003741e-04
3.230790933243427254e+00	1.825508312322199345e-03	6.327582854208640018e-04
3.244890351259758887e+00	1.924737473018467426e-03	6.483636430553584191e-04
3.258989769276090964e+00	1.911541563458740711e-03	6.444302635730031394e-04
3.273089187292422597e+00	1.922248280607163906e-03	6.446706680128296962e-04
3.287188605308754230e+00	1.893410109914839268e-03	6.381927040898346037e-04
3.301288023325086307e+00	1.938264584168791771e-03	6.442348178882262603e-04
3.315387441341417940e+00	1.937611494213342667e-03	6.425136287974100207e-04
3.329486859357749573e+00	1.855319365859031677e-03	6.270551707840482051e-04
3.343586277374081206e+00	1.929823076352477074e-03	6.382547467967710072e-04
3.357685695390413283e+00	1.895985216833651066e-03	6.309035098710624040e-04
3.371785113406744916e+00	1.769981812685728073e-03	6.078398103951923506e-04
3.385884531423076549e+00	1.857867697253823280e-03	6.214457482562698622e-04
3.399983949439408626e+00	1.966795651242136955e-03	6.381316777305280630e-04
3.414083367455740259e+00	1.875623362138867378e-03	6.214849817706356557e-04
3.428182785472071892e+00	1.802559127099812031e-03	6.076673412039875844e-04
3.442282203488403969e+00	1.767214620485901833e-03	6.002029012267159598e-04
3.456381621504735602e+00	1.735675963573157787e-03	5.933486250849040293e-04
3.470481039521067235e+00	1.733701326884329319e-03	5.975356891142624563e-04
3.484580457537399312e+00	1.832289388403296471e-03	6.184914773597987008e-04
3.498679875553730945e+00	1.779959769919514656e-03	6.111217208997514125e-04
3.512779293570062578e+00	1.717132516205310822e-03	6.002030587995488883e-04
3.526878711586394211e+00	1.743022934533655643e-03	6.054662008988367710e-04
3.540978129602726288e+00	1.807431224733591080e-03	6.174728240172121978e-04
3.555077547619057921e+00	1.722692744806408882e-03	6.032105488866763105e-04
3.569176965635389553e+00	1.772462739609181881e-03	6.124233693586141839e-04
3.583276383651721630e+00	1.677509280852973461e-03	5.958596709453776140e-04
3.597375801668053263e+00	1.725018490105867386e-03	6.045771999242938307e-04
3.611475219684384896e+00	1.827713684178888798e-03	6.223374152313302645e-04
3.625574637700716973e+00	1.708017080090939999e-03	6.005869732736600830e-04
3.639674055717048606e+00	1.770149217918515205e-03	6.107904109670260874e-04
3.653773473733380239e+00	1.756880432367324829e-03	6.082205785129902531e-04
3.667872891749711872e+00	1.701221684925258160e-03	5.982238635809867177e-04
3.681972309766043949e+00	1.620033057406544685e-03	5.838475209094319855e-04
3.696071727782375582e+00	1.792940660379827023e-03	6.216507367525116049e-04
3.710171145798707215e+00	1.760452287271618843e-03	6.205757520717220107e-04
3.724270563815039292e+00	1.690017292276024818e-03	6.113437509109744374e-04
3.738369981831370925e+00	1.586900441907346249e-03	5.949013328569787437e-04
3.752469399847702558e+00	1.550898305140435696e-03	5.903549618709333455e-04
3.766568817864034635e+00	1.632531289942562580e-03	6.080518871437086154e-04
3.780668235880366268e+00	1.636209082789719105e-03	6.107141382400216919e-04
3.794767653896697901e+00	1.763702137395739555e-03	6.364267110329079481e-04
3.808867071913029978e+00	1.622073585167527199e-03	6.162383267609586410e-04
3.822966489929361611e+00	1.518077333457767963e-03	6.015650252186442075e-04
3.837065907945693244e+00	1.660856301896274090e-03	6.345926736317247406e-04
3.851165325962024877e+00	1.736407866701483727e-03	6.559505576848747134e-04
3.865264743978356954e+00	1.626804005354642868e-03	6.428426767518162846e-04
3.879364161994688587e+00	1.605955883860588074e-03	6.450306323320359036e-04
3.893463580011020220e+00	1.721744309179484844e-03	6.726374837153371172e-04
3.907562998027352297e+00	1.633588690310716629e-03	6.583985005939014352e-04
3.921662416043683930e+00	1.594026573002338409e-03	6.535901804658292465e-04
3.935761834060015563e+00	1.630794722586870193e-03	6.641441184797839022e-04
3.949861252076347640e+00	1.667030737735331059e-03	6.743008035989308526e-04
3.963960670092679273e+00	1.509182737208902836e-03	6.436479494086683401e-04
3.978060088109010906e+00	1.589990220963954926e-03	6.736422677490815991e-04
3.992159506125342538e+00	1.620358903892338276e-03	6.922697276486183566e-04
4.006258924141675060e+00	1.624792581424117088e-03	6.999462442244387510e-04
4.020358342158006693e+00	1.390701625496149063e-03	6.514804688166511530e-04
4.034457760174338325e+00	1.544080791063606739e-03	6.916420095897460058e-04
4.048557178190669958e+00	1.535484916530549526e-03	6.937397709137479518e-04
4.062656596207001591e+00	1.706945244222879410e-03	7.358069155672905841e-04
4.076756014223333224e+00	1.512116054072976112e-03	6.956203380819459946e-04
4.090855432239665745e+00	1.646230346523225307e-03	7.295653607622238582e-04
4.104954850255997378e+00	1.535349176265299320e-03	7.064043002975253392e-04
4.119054268272329011e+00	1.352443825453519821e-03	6.639468628630672406e-04
4.133153686288660644e+00	1.360057271085679531e-03	6.676270996520647675e-04
4.147253104304992277e+00	1.407060073688626289e-03	6.818547014201387351e-04
4.161352522321324798e+00	1.426795846782624722e-03	6.892875115855715560e-04
4.175451940337656431e+00	1.616895431652665138e-03	7.369859644564065622e-04
4.189551358353988064e+00	1.408909331075847149e-03	6.900217484697018788e-04
4.203650776370319697e+00	1.459713559597730637e-03	7.048622856807735268e-04
4.217750194386651330e+00	1.538571552373468876e-03	7.362052142690201457e-04
4.231849612402982963e+00	1.492324983701109886e-03	7.411155167471705340e-04
4.245949030419314596e+00	1.441323664039373398e-03	7.398821192744223446e-04
4.260048448435647117e+00	1.586619415320456028e-03	7.873222506671001628e-04
4.274147866451978750e+00	1.554778194986283779e-03	7.891044433075443182e-04
4.288247284468310383e+00	1.451885444112122059e-03	7.713328202351944426e-04
4.302346702484642016e+00	1.437414437532424927e-03	7.761167847176508655e-04
4.316446120500973649e+00	1.296207658015191555e-03	7.447212381645139899e-04
4.330545538517305282e+00	1.420998596586287022e-03	7.880813970544744149e-04
4.344644956533637803e+00	1.407545409165322781e-03	7.913232901639715442e-04
4.358744374549969436e+00	1.475505298003554344e-03	8.172379131880274294e-04
4.372843792566301069e+00	1.446887734346091747e-03	8.159084911291436017e-04
4.386943210582632702e+00	1.479795202612876892e-03	8.318921785827111020e-04
4.401042628598964335e+00	1.552664325572550297e-03	8.590953450009699991e-04
4.415142046615295968e+00	1.485428074374794960e-03	8.474606853749220388e-04
4.429241464631627601e+00	1.344912569038569927e-03	8.137542320164713313e-04
4.443340882647960122e+00	1.426252070814371109e-03	8.462064319833694946e-04
4.457440300664291755e+00	1.321044983342289925e-03	8.220966468464285500e-04
4.471539718680623388e+00	1.323579694144427776e-03	8.304241120502038219e-04
4.485639136696955021e+00	1.429431140422821045e-03	8.702174234076880946e-04
4.499738554713286653e+00	1.514981966465711594e-03	9.024372041340828670e-04
4.513837972729618286e+00	1.496484270319342613e-03	9.032098059081910711e-04
4.527937390745950808e+00	1.436831895262002945e-03	8.911992178793052720e-04
4.542036808762282440e+00	1.427689334377646446e-03	8.953158976112886172e-04
4.556136226778614073e+00	1.411043223924934864e-03	8.983650828980527161e-04
4.570235644794945706e+00	1.341471681371331215e-03	8.841180493442535445e-04
4.584335062811277339e+00	1.396057894453406334e-03	9.106027294068032340e-04
4.598434480827608972e+00	1.493633026257157326e-03	9.511415589524715129e-04
4.612533898843940605e+00	1.318657770752906799e-03	9.019099487991489488e-04
4.626633316860273126e+00	1.487086643464863300e-03	9.675188411947237971e-04
4.640732734876604759e+00	1.504659187048673630e-03	9.827885594464738032e-04
4.654832152892936392e+00	1.334631815552711487e-03	9.343285689670752800e-04
4.668931570909268025e+00	1.296326983720064163e-03	9.299675466116546704e-04
4.683030988925599658e+00	1.339935697615146637e-03	9.550624079045347053e-04
4.697130406941931291e+00	1.315033645369112492e-03	9.557625275163769089e-04
4.711229824958263812e+00	1.272712834179401398e-03	9.497820858770342515e-04
4.725329242974595445e+00	1.290272106416523457e-03	9.666779162252613381e-04
4.739428660990927078e+00	1.426547416485846043e-03	1.027080172470371628e-03
4.753528079007258711e+00	1.457367907278239727e-03	1.046934577474757915e-03
4.767627497023590344e+00	1.513647846877574921e-03	1.075389863527808449e-03
4.781726915039921977e+00	1.612871186807751656e-03	1.118999691766360636e-03
4.795826333056253610e+00	1.444496680051088333e-03	1.066855833673642073e-03
4.809925751072586131e+00	1.461942330934107304e-03	1.082340636997060346e-03
4.824025169088917764e+00	1.635512686334550381e-03	1.156523971629625728e-03
4.838124587105249397e+00	1.213768846355378628e-03	1.006625149383451497e-03
4.852224005121581030e+00	1.343020237982273102e-03	1.071278103824844499e-03
4.866323423137912663e+00	1.313019893132150173e-03	1.071560636682367899e-03
4.880422841154244296e+00	1.397395855747163296e-03	1.118815828338164771e-03
4.894522259170575929e+00	1.277185045182704926e-03	1.082233134354354618e-03
4.908621677186908450e+00	1.203010906465351582e-03	1.063564102305555653e-03
4.922721095203240083e+00	1.314091146923601627e-03	1.125364346808710014e-03
4.936820513219571716e+00	1.448882161639630795e-03	1.197006762169905772e-03
4.950919931235903348e+00	1.367131597362458706e-03	1.177811660765953851e-03
4.965019349252234981e+00	1.420279615558683872e-03	1.216560195009894511e-03
4.979118767268566614e+00	1.304178498685359955e-03	1.181402954920567332e-03
4.993218185284899135e+00	1.355677377432584763e-03	1.221454179088553955e-03
5.007317603301230768e+00	1.184077584184706211e-03	1.157372023974693152e-03
5.021417021317562401e+00	1.217238255776464939e-03	1.190699532941930094e-03
5.035516439333894034e+00	1.324513927102088928e-03	1.260895164173126207e-03
5.049615857350225667e+00	1.379582914523780346e-03	1.306770003058097028e-03
5.063715275366557300e+00	1.311748055741190910e-03	1.295371280339398636e-03
5.077814693382888933e+00	1.373032806441187859e-03	1.346307119169165784e-03
5.091914111399221454e+00	1.099501037970185280e-03	1.223732289228421323e-03
5.106013529415553087e+00	1.357099739834666252e-03	1.383757867786219618e-03
5.120112947431884720e+00	9.436735999770462513e-04	1.174951012938495361e-03
5.134212365448216353e+00	1.241762773133814335e-03	1.371538704012886020e-03
5.148311783464547986e+00	1.355293439701199532e-03	1.460109387756822327e-03
5.162411201480879619e+00	1.416980288922786713e-03	1.522593984751889878e-03
5.176510619497212140e+00	1.192694529891014099e-03	1.424709978427425583e-03
5.190610037513543773e+00	1.396273961290717125e-03	1.574625528314181318e-03
5.204709455529875406e+00	1.282853772863745689e-03	1.542354716017243447e-03
5.218808873546207039e+00	1.058986876159906387e-03	1.432966660272586099e-03
5.232908291562538672e+00	1.382290036417543888e-03	1.677032564120043822e-03
5.247007709578870305e+00	1.504744635894894600e-03	1.794185470761522003e-03
5.261107127595201938e+00	1.391211641021072865e-03	1.770094401921540805e-03
5.275206545611534459e+00	1.734166173264384270e-03	2.031798231227217085e-03
5.289305963627866092e+00	1.550931716337800026e-03	1.977480042519491176e-03
5.303405381644197725e+00	1.899187685921788216e-03	2.256834800257312337e-03
5.317504799660529358e+00	2.024568384513258934e-03	2.419675987368678175e-03
5.331604217676860991e+00	1.679977751336991787e-03	2.309061987763106824e-03
5.345703635693192624e+00	1.674916828051209450e-03	2.424157412784322483e-03
5.359803053709525145e+00	1.233118586242198944e-03	2.224859191111760569e-03
5.373902471725856778e+00	1.498746918514370918e-03	2.577396142557430731e-03
5.388001889742188411e+00	1.343520241789519787e-03	2.528668926734442633e-03
5.402101307758520043e+00	1.428564544767141342e-03	2.685574302695433423e-03
5.416200725774851676e+00	1.544692087918519974e-03	2.851282996222029905e-03
5.430300143791183309e+00	1.097391941584646702e-03	2.454155083903656991e-03
5.444399561807514942e+00	1.038645161315798759e-03	2.441707322801838203e-03
5.458498979823847463e+00	7.503269589506089687e-04	2.123711416709974167e-03
5.472598397840179096e+00	7.743828464299440384e-04	2.210545252610640696e-03
5.486697815856510729e+00	1.521441619843244553e-03	3.180386450954537925e-03
5.500797233872842362e+00	1.100536203011870384e-03	2.781914196083216852e-03
5.514896651889173995e+00	1.595975132659077644e-03	3.451080516439018319e-03
5.528996069905505628e+00	2.237704116851091385e-03	4.201575384949848835e-03
5.543095487921837261e+00	1.550798770040273666e-03	3.608414443922481132e-03
5.557194905938169782e+00	1.348964404314756393e-03	3.482206997772354165e-03
5.571294323954501415e+00	9.368785540573298931e-04	3.007446608396914869e-03
5.585393741970833048e+00	1.149269402958452702e-03	3.462817415024656981e-03
5.599493159987164681e+00	1.339626731351017952e-03	3.901860303307431738e-03
5.613592578003496314e+00	1.528570428490638733e-03	4.364789178921682153e-03
5.627691996019827947e+00	1.129706739448010921e-03	3.944230594721868065e-03
5.641791414036160468e+00	8.203818579204380512e-04	3.554610437126959344e-03
5.655890832052492101e+00	1.894552027806639671e-03	5.756973205170999412e-03
5.669990250068823734e+00	3.055499109905213118e-04	2.481120799813989631e-03
5.684089668085155367e+00	8.577581611461937428e-04	4.522402898410043427e-03
5.698189086101487000e+00	8.890801691450178623e-04	5.098643134418091166e-03
5.712288504117818633e+00	3.332127234898507595e-04	3.535362511650308286e-03
5.726387922134150266e+00	3.232218296034261584e-05	1.302912944456077185e-03
5.740487340150482787e+00	-5.033949273638427258e-04	nan
5.754586758166814420e+00	2.261361951241269708e-04	7.609822984006401995e-03
