# Normalized	8973.0 eV	223
# q	I	Poisson error
# nm-1	cm-1	cm-1
1.652559244913754666e-01	5.319889831542968750e+01	1.906427251294419811e+00
1.833293896666008949e-01	4.797749328613281250e+01	1.030484144974162852e+00
2.014028548418262954e-01	4.167532348632812500e+01	7.556637360202012044e-01
2.194763200170517237e-01	3.554221725463867188e+01	5.967299727135663145e-01
2.375497851922771519e-01	2.982945823669433594e+01	4.761269207955632909e-01
2.556232503675025525e-01	2.455910491943359375e+01	3.811644691729446643e-01
2.736967155427280085e-01	2.009224891662597656e+01	3.092713049665640757e-01
2.917701807179534090e-01	1.595559215545654297e+01	2.706771519802751991e-01
3.098436458931788096e-01	1.233354187011718750e+01	2.313927795290541545e-01
3.279171110684042656e-01	9.275885581970214844e+00	1.950866063099909453e-01
3.459905762436297216e-01	6.857734680175781250e+00	1.640452284127989213e-01
3.640640414188550666e-01	4.987477302551269531e+00	1.340019776564266574e-01
3.821375065940805227e-01	3.592562675476074219e+00	1.061251971103767539e-01
4.002109717693059787e-01	2.534095048904418945e+00	8.482026176678066076e-02
4.182844369445313237e-01	1.768649101257324219e+00	6.791809899321124555e-02
4.363579021197567798e-01	1.245478272438049316e+00	5.471628441526033698e-02
4.544313672949822358e-01	9.127298593521118164e-01	4.522569301780009210e-02
4.725048324702075808e-01	7.136431932449340820e-01	3.889685380322796537e-02
4.905782976454330369e-01	6.088783144950866699e-01	3.505724653058330670e-02
5.086517628206584929e-01	5.623107552528381348e-01	3.298175907836736753e-02
5.267252279958839489e-01	5.495334863662719727e-01	3.199222186774618865e-02
5.447986931711092939e-01	5.475393533706665039e-01	3.127138453509914484e-02
5.628721583463347500e-01	5.491480231285095215e-01	3.069780344608812397e-02
5.809456235215602060e-01	5.434008240699768066e-01	3.003210460736771212e-02
5.990190886967855510e-01	5.267395973205566406e-01	2.908196440665807361e-02
6.170925538720110071e-01	5.007473826408386230e-01	2.859822610171659091e-02
6.351660190472364631e-01	4.678843021392822266e-01	2.784834442855553538e-02
6.532394842224618081e-01	4.273490905761718750e-01	2.657940648311406251e-02
6.713129493976872642e-01	3.824068605899810791e-01	2.502370380109728010e-02
6.893864145729127202e-01	3.383876681327819824e-01	2.330716045617952162e-02
7.074598797481381762e-01	2.965024411678314209e-01	2.155970923438484815e-02
7.255333449233635212e-01	2.576117217540740967e-01	1.993408126265920621e-02
7.436068100985889773e-01	2.228885442018508911e-01	1.840346228877627610e-02
7.616802752738144333e-01	1.942747682332992554e-01	1.705629508108169254e-02
7.797537404490397783e-01	1.705901324748992920e-01	1.556490103789609676e-02
7.978272056242652344e-01	1.506015807390213013e-01	1.413091228501353602e-02
8.159006707994906904e-01	1.344329267740249634e-01	1.306034557040565772e-02
8.339741359747160354e-01	1.215435862541198730e-01	1.220725400666948859e-02
8.520476011499414914e-01	1.119932085275650024e-01	1.157797304524874581e-02
8.701210663251669475e-01	1.037743613123893738e-01	1.099022042279857066e-02
8.881945315003924035e-01	9.654293209314346313e-02	1.044877539348586237e-02
9.062679966756177485e-01	9.143208712339401245e-02	1.003098730749595741e-02
9.243414618508432046e-01	8.577497303485870361e-02	9.590473601975449056e-03
9.424149270260686606e-01	8.033929020166397095e-02	9.165618230339823980e-03
9.604883922012940056e-01	7.521997392177581787e-02	8.760230177503151860e-03
9.785618573765194617e-01	7.027798146009445190e-02	8.368436707225868076e-03
9.966353225517449177e-01	6.590354442596435547e-02	8.009811352576416341e-03
1.014708787726970263e+00	6.229692324995994568e-02	7.702397338645624279e-03
1.032782252902195719e+00	5.769512802362442017e-02	7.332704721459513443e-03
1.050855718077421175e+00	5.387134477496147156e-02	7.010179287885500224e-03
1.068929183252646409e+00	5.074186995625495911e-02	6.734148099854596510e-03
1.087002648427871865e+00	4.773741960525512695e-02	6.465584149962327193e-03
1.105076113603097321e+00	4.460770636796951294e-02	6.185859577561085045e-03
1.123149578778322777e+00	4.183306917548179626e-02	5.935115160122772168e-03
1.141223043953548233e+00	3.954852372407913208e-02	5.716821673212696929e-03
1.159296509128773689e+00	3.745356202125549316e-02	5.511343829316866193e-03
1.177369974303998923e+00	3.573107719421386719e-02	5.336398800767124494e-03
1.195443439479224379e+00	3.380338475108146667e-02	5.144583665549045011e-03
1.213516904654449835e+00	3.245382383465766907e-02	4.997503353133670237e-03
1.231590369829675291e+00	3.059165738523006439e-02	4.810600802396377586e-03
1.249663835004900747e+00	2.969645336270332336e-02	4.701503149667142500e-03
1.267737300180125981e+00	2.829367853701114655e-02	4.554801847787632446e-03
1.285810765355351437e+00	2.733290754258632660e-02	4.447008117479595186e-03
1.303884230530576893e+00	2.618187107145786285e-02	4.406095110699339082e-03
1.321957695705802349e+00	2.504282258450984955e-02	4.336736499402869642e-03
1.340031160881027805e+00	2.410942688584327698e-02	4.249491433096534536e-03
1.358104626056253261e+00	2.339072152972221375e-02	4.181949579881377201e-03
1.376178091231478717e+00	2.247620001435279846e-02	4.096582654402501460e-03
1.394251556406703951e+00	2.208811603486537933e-02	4.056634495027929173e-03
1.412325021581929407e+00	2.126716449856758118e-02	3.974395845752557756e-03
1.430398486757154863e+00	2.050318941473960876e-02	3.895687312877492686e-03
1.448471951932380319e+00	2.007434517145156860e-02	3.847915790285362687e-03
1.466545417107605775e+00	1.915288157761096954e-02	3.681840808320975284e-03
1.484618882282831231e+00	1.869197934865951538e-02	3.567198290932136178e-03
1.502692347458056465e+00	1.809528842568397522e-02	3.477492878658873954e-03
1.520765812633281922e+00	1.798628643155097961e-02	3.444303857993114178e-03
1.538839277808507378e+00	1.736701093614101410e-02	3.364893095186627121e-03
1.556912742983732834e+00	1.686840876936912537e-02	3.298244591177264783e-03
1.574986208158958290e+00	1.643076166510581970e-02	3.239327768453885339e-03
1.593059673334183746e+00	1.626151241362094879e-02	3.206825960883343332e-03
1.611133138509409202e+00	1.601145975291728973e-02	3.166662085682715472e-03
1.629206603684634436e+00	1.564916037023067474e-02	3.116035853970074848e-03
1.647280068859859892e+00	1.520285941660404205e-02	3.057720844664108071e-03
1.665353534035085348e+00	1.495482027530670166e-02	3.019111508357691983e-03
1.683426999210310804e+00	1.475817989557981491e-02	2.985760326312531746e-03
1.701500464385536260e+00	1.441816892474889755e-02	2.938839307637740750e-03
1.719573929560761716e+00	1.413223613053560257e-02	2.896716655950204878e-03
1.737647394735986950e+00	1.413532532751560211e-02	2.881035200233102774e-03
1.755720859911212406e+00	1.407136023044586182e-02	2.855051879513278990e-03
1.773794325086437862e+00	1.367703452706336975e-02	2.788569567755987480e-03
1.791867790261663318e+00	1.370291598141193390e-02	2.762472556989370616e-03
1.809941255436888774e+00	1.337218470871448517e-02	2.701759024420876537e-03
1.828014720612114230e+00	1.324200071394443512e-02	2.665119592072549923e-03
1.846088185787339464e+00	1.319126784801483154e-02	2.637431529921861577e-03
1.864161650962564920e+00	1.321031525731086731e-02	2.618215712050071375e-03
1.882235116137790376e+00	1.284085027873516083e-02	2.558306733916431742e-03
1.900308581313015832e+00	1.262098364531993866e-02	2.514808500551224055e-03
1.918382046488241288e+00	1.257375255227088928e-02	2.490235333801197552e-03
1.936455511663466744e+00	1.241031568497419357e-02	2.455823790318256792e-03
1.954528976838692200e+00	1.223773695528507233e-02	2.423870701809495345e-03
1.972602442013917434e+00	1.215843576937913895e-02	2.403186439493632323e-03
1.990675907189142890e+00	1.196514163166284561e-02	2.371532142000678557e-03
2.008749372364368568e+00	1.169017236679792404e-02	2.332477823997799581e-03
2.026822837539593802e+00	1.189045887440443039e-02	2.340112650456520338e-03
2.044896302714819480e+00	1.164384931325912476e-02	2.303733571744367645e-03
2.062969767890044714e+00	1.119334902614355087e-02	2.247085364502534287e-03
2.081043233065269948e+00	1.132959127426147461e-02	2.250238018929903976e-03
2.099116698240495626e+00	1.121016871184110641e-02	2.227287183206798360e-03
2.117190163415720860e+00	1.119919959455728531e-02	2.215344095883585527e-03
2.135263628590946539e+00	1.100920606404542923e-02	2.185775078969871051e-03
2.153337093766171773e+00	1.092192064970731735e-02	2.167002146802139793e-03
2.171410558941397451e+00	1.084213983267545700e-02	2.148965236237119786e-03
2.189484024116622685e+00	1.084621157497167587e-02	2.139816321066010697e-03
2.207557489291848363e+00	1.087995432317256927e-02	2.133404198628449829e-03
2.225630954467073597e+00	1.060099713504314423e-02	2.096507975559754565e-03
2.243704419642299275e+00	1.067881099879741669e-02	2.094688373429090533e-03
2.261777884817524509e+00	1.070744916796684265e-02	2.088741541731419134e-03
2.279851349992749743e+00	1.048671361058950424e-02	2.057579570541804258e-03
2.297924815167975421e+00	1.057227794080972672e-02	2.057374056461617334e-03
2.315998280343200655e+00	1.030765753239393234e-02	2.022297538828743066e-03
2.334071745518426333e+00	1.013453025370836258e-02	1.996807660856597926e-03
2.352145210693651567e+00	1.005296222865581512e-02	1.980463152225151336e-03
2.370218675868876801e+00	1.005771476775407791e-02	1.972791535211397551e-03
2.388292141044102479e+00	1.017224788665771484e-02	1.975815659781783584e-03
2.406365606219327713e+00	1.010659523308277130e-02	1.960925575448610719e-03
2.424439071394553391e+00	9.943561628460884094e-03	1.937277558026145961e-03
2.442512536569778625e+00	9.941793046891689301e-03	1.929170670484046122e-03
2.460586001745004303e+00	9.787824004888534546e-03	1.906558314152615851e-03
2.478659466920229537e+00	9.782551787793636322e-03	1.898378279160841189e-03
2.496732932095454771e+00	9.936180897057056427e-03	1.906076267311406121e-03
2.514806397270680449e+00	9.877919219434261322e-03	1.893070002021716514e-03
2.532879862445905683e+00	9.691226296126842499e-03	1.867521487069207474e-03
2.550953327621131361e+00	9.654910303652286530e-03	1.856903975784362625e-03
2.569026792796356595e+00	9.641244076192378998e-03	1.848589229646931337e-03
2.587100257971582273e+00	9.664558805525302887e-03	1.841583504934411926e-03
2.605173723146807507e+00	9.720128029584884644e-03	1.838443187603222171e-03
2.623247188322032741e+00	9.660157375037670135e-03	1.825775289581122287e-03
2.641320653497258419e+00	9.747228585183620453e-03	1.827330409579509905e-03
2.659394118672483653e+00	9.590249508619308472e-03	1.805795346480991263e-03
2.677467583847709331e+00	9.469294920563697815e-03	1.801338475032208215e-03
2.695541049022934565e+00	9.458949789404869080e-03	1.816357241732535679e-03
2.713614514198159799e+00	9.078382514417171478e-03	1.784961467295489252e-03
2.731687979373385478e+00	9.130606427788734436e-03	1.794506965785057362e-03
2.749761444548610712e+00	9.289423003792762756e-03	1.813417839781276313e-03
2.767834909723836390e+00	9.328210726380348206e-03	1.819626292700418993e-03
2.785908374899061624e+00	9.250777773559093475e-03	1.813039524922970555e-03
2.803981840074287302e+00	9.191920980811119080e-03	1.808277793411735244e-03
2.822055305249512536e+00	9.333958849310874939e-03	1.822633885048094643e-03
2.840128770424737770e+00	9.154151193797588348e-03	1.793779416240287583e-03
2.858202235599963448e+00	9.278472512960433960e-03	1.780554811634036836e-03
2.876275700775188682e+00	9.266336448490619659e-03	1.765756027527375614e-03
2.894349165950414360e+00	9.056203067302703857e-03	1.733331311107194541e-03
2.912422631125639594e+00	8.889766409993171692e-03	1.707082238542890909e-03
2.930496096300865272e+00	9.018578566610813141e-03	1.710460786643937942e-03
2.948569561476090506e+00	9.078201837837696075e-03	1.707569218719740163e-03
2.966643026651315740e+00	9.022108279168605804e-03	1.693966466195631886e-03
2.984716491826541418e+00	9.146790951490402222e-03	1.698249220571047520e-03
3.002789957001766652e+00	9.085468947887420654e-03	1.684990314017516125e-03
3.020863422176992330e+00	9.205530397593975067e-03	1.689239362335364768e-03
3.038936887352217564e+00	8.980141952633857727e-03	1.661618424523372958e-03
3.057010352527443242e+00	8.868264034390449524e-03	1.644484931897801424e-03
3.075083817702668476e+00	8.817363530397415161e-03	1.633400749676112334e-03
3.093157282877893710e+00	8.869394659996032715e-03	1.631591987666762339e-03
3.111230748053119388e+00	8.921389468014240265e-03	1.630344299861960283e-03
3.129304213228344622e+00	8.745419792830944061e-03	1.608130082025831372e-03
3.147377678403570300e+00	8.668855763971805573e-03	1.595196720950779008e-03
3.165451143578795534e+00	8.931419812142848969e-03	1.613685637941636268e-03
3.183524608754020768e+00	8.799756877124309540e-03	1.596037184272177832e-03
3.201598073929246446e+00	8.929752744734287262e-03	1.602213390680997654e-03
3.219671539104471680e+00	8.893503807485103607e-03	1.593477532753759772e-03
3.237745004279697358e+00	8.800446055829524994e-03	1.579656642979154974e-03
3.255818469454922592e+00	8.779639378190040588e-03	1.572518716803097093e-03
3.273891934630148270e+00	8.786696940660476685e-03	1.567774547208616604e-03
3.291965399805373504e+00	8.729670196771621704e-03	1.557735895213767461e-03
3.310038864980598738e+00	8.826828561723232269e-03	1.561178450538399862e-03
3.328112330155824417e+00	8.747696876525878906e-03	1.549332016267694926e-03
3.346185795331049651e+00	8.871457539498806000e-03	1.555356246565742576e-03
3.364259260506275329e+00	8.656319230794906616e-03	1.549864722599740216e-03
3.382332725681500563e+00	8.717590942978858948e-03	1.563247336574132094e-03
3.400406190856726241e+00	8.613429963588714600e-03	1.558845917526887042e-03
3.418479656031951475e+00	8.691315539181232452e-03	1.569457682082158563e-03
3.436553121207176709e+00	8.789547719061374664e-03	1.581041566876597790e-03
3.454626586382402387e+00	8.696957491338253021e-03	1.574296130789038439e-03
3.472700051557627621e+00	8.794616907835006714e-03	1.584290379187066212e-03
3.490773516732853299e+00	8.680452592670917511e-03	1.574512721073322496e-03
3.508846981908078533e+00	8.518534712493419647e-03	1.560028831154465327e-03
3.526920447083303767e+00	8.648092858493328094e-03	1.555637866435668776e-03
3.544993912258529445e+00	8.580066263675689697e-03	1.534470211343300951e-03
3.563067377433754679e+00	8.716386742889881134e-03	1.536034788686350527e-03
3.581140842608980357e+00	8.626822382211685181e-03	1.519412701194722661e-03
3.599214307784205591e+00	8.655794896185398102e-03	1.514506749411165601e-03
3.617287772959431269e+00	8.695289492607116699e-03	1.511138171234024550e-03
3.635361238134656503e+00	8.470549248158931732e-03	1.484902712712582061e-03
3.653434703309881737e+00	8.538480848073959351e-03	1.484988237385653038e-03
3.671508168485107415e+00	8.574175648391246796e-03	1.482561221969510559e-03
3.689581633660332649e+00	8.562871254980564117e-03	1.476127087366696164e-03
3.707655098835558327e+00	8.673218078911304474e-03	1.480377081129798360e-03
3.725728564010783561e+00	8.532596752047538757e-03	1.463252219070153900e-03
3.743802029186009239e+00	8.635061793029308319e-03	1.467189151110576779e-03
3.761875494361234473e+00	8.477505296468734741e-03	1.448744308130286984e-03
3.779948959536459707e+00	8.542526513338088989e-03	1.449840951430879160e-03
3.798022424711685385e+00	8.494209498167037964e-03	1.440912200186366971e-03
3.816095889886910619e+00	8.520749397575855255e-03	1.438850369561741000e-03
3.834169355062136297e+00	8.394404314458370209e-03	1.423634580098843321e-03
3.852242820237361531e+00	8.639043197035789490e-03	1.440013167196448713e-03
3.870316285412586765e+00	8.574161678552627563e-03	1.430434938128946881e-03
3.888389750587812443e+00	8.515702560544013977e-03	1.421287940578708046e-03
3.906463215763037677e+00	8.437244221568107605e-03	1.410372368453272898e-03
3.924536680938263356e+00	8.483758196234703064e-03	1.410554833891934515e-03
3.942610146113488589e+00	8.516809903085231781e-03	1.409125903047164828e-03
3.960683611288714268e+00	8.474646136164665222e-03	1.401481903220930768e-03
3.978757076463939502e+00	8.498639799654483795e-03	1.399718875345009684e-03
3.996830541639164736e+00	8.588254451751708984e-03	1.403329999656652846e-03
4.014904006814390414e+00	8.399478159844875336e-03	1.383810989834426521e-03
4.032977471989615204e+00	8.491972461342811584e-03	1.387747793877223013e-03
4.051050937164840882e+00	8.456832729279994965e-03	1.381263866182311619e-03
4.069124402340066560e+00	8.373022079467773438e-03	1.370883819541279282e-03
4.087197867515292238e+00	8.546069264411926270e-03	1.381827793986049185e-03
4.105271332690517028e+00	8.419723249971866608e-03	1.367798246300542175e-03
4.123344797865742706e+00	8.358064107596874237e-03	1.359298151063643685e-03
4.141418263040968384e+00	8.416900411248207092e-03	1.360722961902594008e-03
4.159491728216193174e+00	8.373435586690902710e-03	1.353828499859592582e-03
4.177565193391418852e+00	8.549747988581657410e-03	1.364671463368207329e-03
4.195638658566644530e+00	8.483222685754299164e-03	1.355940873007021197e-03
4.213712123741869320e+00	8.530394174158573151e-03	1.356453548276355392e-03
4.231785588917094998e+00	8.393081836402416229e-03	1.342050901957338692e-03
4.249859054092320676e+00	8.522904478013515472e-03	1.349165753406402412e-03
4.267932519267545466e+00	8.405039086937904358e-03	1.336513841657476897e-03
4.286005984442771144e+00	8.365733548998832703e-03	1.330343569033992776e-03
4.304079449617996822e+00	8.370724506676197052e-03	1.327270934646650842e-03
4.322152914793222500e+00	8.416875265538692474e-03	1.327804383881561875e-03
4.340226379968447290e+00	8.461170829832553864e-03	1.328134901320295004e-03
4.358299845143672968e+00	8.426726795732975006e-03	1.322230509581948012e-03
4.376373310318898646e+00	8.306244388222694397e-03	1.309497494966860428e-03
4.394446775494123436e+00	8.473242633044719696e-03	1.319702331750583889e-03
4.412520240669349114e+00	8.412986062467098236e-03	1.311880480011354527e-03
4.430593705844574792e+00	8.452565409243106842e-03	1.311915779002531405e-03
4.448667171019799582e+00	8.430509828031063080e-03	1.320164949940864224e-03
4.466740636195025260e+00	8.395280689001083374e-03	1.325865058479078424e-03
4.484814101370250938e+00	8.406357839703559875e-03	1.330326167980923607e-03
4.502887566545476616e+00	8.417046628892421722e-03	1.331419462176325775e-03
4.520961031720701406e+00	8.301802910864353180e-03	1.323655917727268932e-03
4.539034496895927084e+00	8.463163860142230988e-03	1.338323448564678010e-03
4.557107962071152762e+00	8.492537774145603180e-03	1.341960750868391667e-03
4.575181427246377552e+00	8.462418802082538605e-03	1.340518666033024050e-03
4.593254892421603230e+00	8.567033335566520691e-03	1.349538128124781354e-03
4.611328357596828909e+00	8.413262665271759033e-03	1.337695344147152255e-03
4.629401822772054587e+00	8.503071032464504242e-03	1.344462807362489191e-03
4.647475287947279377e+00	8.340983651578426361e-03	1.329719167998027205e-03
4.665548753122505055e+00	8.448592387139797211e-03	1.336725001567050722e-03
4.683622218297730733e+00	8.388174697756767273e-03	1.331326544584301996e-03
4.701695683472955523e+00	8.324417285621166229e-03	1.325832012456874820e-03
4.719769148648181201e+00	8.380952291190624237e-03	1.330976680961285614e-03
4.737842613823406879e+00	8.349977433681488037e-03	1.343650721815867330e-03
4.755916078998632557e+00	8.450661785900592804e-03	1.362048640967820738e-03
4.773989544173857347e+00	8.426486514508724213e-03	1.367815025527044110e-03
4.792063009349083025e+00	8.359471336007118225e-03	1.368561490970918127e-03
4.810136474524308703e+00	8.199131116271018982e-03	1.360523706571474924e-03
4.828209939699533493e+00	8.386398665606975555e-03	1.381116533706507098e-03
4.846283404874759171e+00	8.355643600225448608e-03	1.382993523645292822e-03
4.864356870049984849e+00	8.431511931121349335e-03	1.393872057901524063e-03
4.882430335225210527e+00	8.554718457162380219e-03	1.418439414290359902e-03
4.900503800400435317e+00	8.369037881493568420e-03	1.415992434117547497e-03
4.918577265575660995e+00	8.316224440932273865e-03	1.422734066860812828e-03
4.936650730750886673e+00	8.511087857186794281e-03	1.454834769857361572e-03
4.954724195926111463e+00	8.387603797018527985e-03	1.462665946723075948e-03
4.972797661101337141e+00	8.299717679619789124e-03	1.469356749360075948e-03
4.990871126276562819e+00	8.541279472410678864e-03	1.500871131269679998e-03
5.008944591451788497e+00	8.402398787438869476e-03	1.496184333360124673e-03
5.027018056627013287e+00	8.296073414385318756e-03	1.494093346923844627e-03
5.045091521802238965e+00	8.394026197493076324e-03	1.509754419492321392e-03
5.063164986977464643e+00	8.340921252965927124e-03	1.511025204895583181e-03
5.081238452152689433e+00	8.394191041588783264e-03	1.521607272348110334e-03
5.099311917327915111e+00	8.483630605041980743e-03	1.559365450320350293e-03
5.117385382503140789e+00	8.368260227143764496e-03	1.576212822792566514e-03
5.135458847678366467e+00	8.401147089898586273e-03	1.594625866521592232e-03
5.153532312853591257e+00	8.396605961024761200e-03	1.605075231904304432e-03
5.171605778028816935e+00	8.324288763105869293e-03	1.609245767239267594e-03
5.189679243204042614e+00	8.539093658328056335e-03	1.639675192604440369e-03
5.207752708379267403e+00	8.464877493679523468e-03	1.641250018605263511e-03
5.225826173554493081e+00	8.390571922063827515e-03	1.642211434415461260e-03
5.243899638729718760e+00	8.446007966995239258e-03	1.655484421292482706e-03
5.261973103904943549e+00	8.386183530092239380e-03	1.654415093333570482e-03
5.280046569080169228e+00	8.378420956432819366e-03	1.657018657687016729e-03
5.298120034255394906e+00	8.548614569008350372e-03	1.678472641733976369e-03
5.316193499430620584e+00	8.284361101686954498e-03	1.658522872586268380e-03
5.334266964605845374e+00	8.371766656637191772e-03	1.673702649105127723e-03
5.352340429781071052e+00	8.479157462716102600e-03	1.690866605982933608e-03
5.370413894956296730e+00	8.388438262045383453e-03	1.687854112127306272e-03
5.388487360131521520e+00	8.500160649418830872e-03	1.704965951256082277e-03
5.406560825306747198e+00	8.515943773090839386e-03	1.735667994461245322e-03
5.424634290481972876e+00	8.558857254683971405e-03	1.778803939139316902e-03
5.442707755657198554e+00	8.750147186219692230e-03	1.827515097928819826e-03
5.460781220832423344e+00	8.701664395630359650e-03	1.847455526033470706e-03
5.478854686007649022e+00	8.441723883152008057e-03	1.842167269034965769e-03
5.496928151182874700e+00	8.586158044636249542e-03	1.879959293083111656e-03
5.515001616358099490e+00	8.749889209866523743e-03	1.919388096125229908e-03
5.533075081533325168e+00	8.431675843894481659e-03	1.904257132988738206e-03
5.551148546708550846e+00	8.536757901310920715e-03	1.935925762647598084e-03
5.569222011883776524e+00	8.469686843454837799e-03	1.945429282255971672e-03
5.587295477059001314e+00	8.271788246929645538e-03	1.938623627820628380e-03
5.605368942234226992e+00	8.516499772667884827e-03	1.983631715918468194e-03
5.623442407409452670e+00	8.511412888765335083e-03	1.999061301036506814e-03
5.641515872584677460e+00	8.609909564256668091e-03	2.026723352694119375e-03
5.659589337759903138e+00	8.669813163578510284e-03	2.051519786937113909e-03
5.677662802935128816e+00	8.587350137531757355e-03	2.061066913684564492e-03
5.695736268110354494e+00	8.771462365984916687e-03	2.103143585746174247e-03
5.713809733285579284e+00	8.438748307526111603e-03	2.082533901789204635e-03
5.731883198460804962e+00	8.398681879043579102e-03	2.096516416995158980e-03
5.749956663636030640e+00	8.342635817825794220e-03	2.106303859580588040e-03
5.768030128811255430e+00	8.402576670050621033e-03	2.128898593372766015e-03
5.786103593986481108e+00	8.494650945067405701e-03	2.155749687934458304e-03
5.804177059161706786e+00	8.548724465072154999e-03	2.178053610789853264e-03
5.822250524336932465e+00	8.470742963254451752e-03	2.185003033639574231e-03
5.840323989512157254e+00	8.768123574554920197e-03	2.244122488092199774e-03
5.858397454687382933e+00	8.516873233020305634e-03	2.232449143409218160e-03
5.876470919862608611e+00	8.375151082873344421e-03	2.234576495732636635e-03
5.894544385037833401e+00	8.648177608847618103e-03	2.292744915454496702e-03
5.912617850213059079e+00	8.573631756007671356e-03	2.304700929464028984e-03
5.930691315388284757e+00	8.671120740473270416e-03	2.340439924679697976e-03
5.948764780563510435e+00	8.639357984066009521e-03	2.358941942205386010e-03
5.966838245738735225e+00	8.772462606430053711e-03	2.400552498321138067e-03
5.984911710913960903e+00	8.462790399789810181e-03	2.381032264752563563e-03
6.002985176089186581e+00	8.772194385528564453e-03	2.448800932182366562e-03
6.021058641264411371e+00	9.067239239811897278e-03	2.515386276828304301e-03
6.039132106439637049e+00	8.857195265591144562e-03	2.511221024165730294e-03
6.057205571614862727e+00	8.775922469794750214e-03	2.526505562938159265e-03
6.075279036790087517e+00	8.719851262867450714e-03	2.543853010712406222e-03
6.093352501965313195e+00	8.859970606863498688e-03	2.585951655760380854e-03
6.111425967140538873e+00	8.272590115666389465e-03	2.517483991293496988e-03
6.129499432315764551e+00	8.785603567957878113e-03	2.615273220131977307e-03
6.147572897490989341e+00	8.752183057367801666e-03	2.630550848859227429e-03
6.165646362666215019e+00	8.922752924263477325e-03	2.678554773506580493e-03
6.183719827841440697e+00	8.878421038389205933e-03	2.698233622249187908e-03
6.201793293016665487e+00	8.605103008449077606e-03	2.685890040984973900e-03
6.219866758191891165e+00	9.149573743343353271e-03	2.801812588380227665e-03
6.237940223367116843e+00	8.484383113682270050e-03	2.728751560966156085e-03
6.256013688542342521e+00	8.928080089390277863e-03	2.833007455175764067e-03
6.274087153717567311e+00	8.778445422649383545e-03	2.842778482438488696e-03
6.292160618892792989e+00	8.780855685472488403e-03	2.879364546361706020e-03
6.310234084068018667e+00	8.606896735727787018e-03	2.885104393305293596e-03
6.328307549243243457e+00	8.854147978127002716e-03	2.963662201766931875e-03
6.346381014418469135e+00	9.254878386855125427e-03	3.070156503579561397e-03
6.364454479593694813e+00	9.049720130860805511e-03	3.075957226719635944e-03
6.382527944768920491e+00	9.067514911293983459e-03	3.120879495027682922e-03
6.400601409944145281e+00	8.842932991683483124e-03	3.124717926193659907e-03
6.418674875119370959e+00	8.833250030875205994e-03	3.167289667056661425e-03
6.436748340294596638e+00	8.745348080992698669e-03	3.197366583727320483e-03
6.454821805469821427e+00	8.712925016880035400e-03	3.239077075859681746e-03
6.472895270645047106e+00	9.033722802996635437e-03	3.349218450350497939e-03
6.490968735820272784e+00	8.848816156387329102e-03	3.369828993515775785e-03
6.509042200995498462e+00	8.647212758660316467e-03	3.383383177689381661e-03
6.527115666170723252e+00	8.779507130384445190e-03	3.464593140979662159e-03
6.545189131345948930e+00	8.619277738034725189e-03	3.492107696231683354e-03
6.563262596521174608e+00	8.734159171581268311e-03	3.582084616073349156e-03
6.581336061696399398e+00	8.649894967675209045e-03	3.625408532331469806e-03
6.599409526871625076e+00	8.886477909982204437e-03	3.744010193366297239e-03
6.617482992046850754e+00	8.748687803745269775e-03	3.787956938515626201e-03
6.635556457222076432e+00	9.145079180598258972e-03	3.951668813012362488e-03
6.653629922397301222e+00	8.914691396057605743e-03	3.983746820672749191e-03
6.671703387572526900e+00	8.886742405593395233e-03	4.065067856954542383e-03
6.689776852747752578e+00	8.856362663209438324e-03	4.150964972551345923e-03
6.707850317922977368e+00	8.968918584287166595e-03	4.276971299474035051e-03
6.725923783098203046e+00	9.381541050970554352e-03	4.485011713629246527e-03
6.743997248273428724e+00	8.835455402731895447e-03	4.465735485621606486e-03
6.762070713448653514e+00	8.902739733457565308e-03	4.606729491874323769e-03
6.780144178623879192e+00	8.257164619863033295e-03	4.566037730481091635e-03
6.798217643799104870e+00	8.718810975551605225e-03	4.837586117904365580e-03
6.816291108974330548e+00	8.846204727888107300e-03	5.059500378350454894e-03
6.834364574149555338e+00	8.898742496967315674e-03	5.317754307673419785e-03
6.852438039324781016e+00	9.051838889718055725e-03	5.639152779781962666e-03
6.870511504500006694e+00	9.054855443537235260e-03	6.035088373065130088e-03
6.888584969675231484e+00	9.379363618791103363e-03	6.452774200971138699e-03
6.906658434850457162e+00	1.042439229786396027e-02	7.051229611276620471e-03
6.924731900025682840e+00	8.690525777637958527e-03	6.628342470332668386e-03
6.942805365200908518e+00	9.309060871601104736e-03	7.004286929955055863e-03
6.960878830376133308e+00	8.924317546188831329e-03	7.005438821666053022e-03
6.978952295551358986e+00	9.594315662980079651e-03	7.429352389737187146e-03
6.997025760726584664e+00	9.285704232752323151e-03	7.480879650756857430e-03
7.015099225901809454e+00	9.368864819407463074e-03	7.698900866033312612e-03
7.033172691077035132e+00	9.322714991867542267e-03	7.877567292132754001e-03
7.051246156252260811e+00	9.649917483329772949e-03	8.245605940112216842e-03
7.069319621427486489e+00	1.006238348782062531e-02	8.671097971111599995e-03
7.087393086602711278e+00	8.853112347424030304e-03	8.357712772911182753e-03
7.105466551777936957e+00	9.898616001009941101e-03	9.122039394026405443e-03
7.123540016953162635e+00	8.904359303414821625e-03	8.951746895872655582e-03
7.141613482128387425e+00	8.496245369315147400e-03	9.064072656526957206e-03
7.159686947303613103e+00	9.135375730693340302e-03	9.769861339348616391e-03
7.177760412478838781e+00	9.076106362044811249e-03	1.016166425935132421e-02
7.195833877654064459e+00	9.060395881533622742e-03	1.063111293245201129e-02
7.213907342829289249e+00	8.323526941239833832e-03	1.071177802671059026e-02
7.231980808004514927e+00	8.764778263866901398e-03	1.162706600257483978e-02
7.250054273179740605e+00	1.081300899386405945e-02	1.375872374826918147e-02
7.268127738354965395e+00	1.019310206174850464e-02	1.434348540831257429e-02
7.286201203530191073e+00	9.864324703812599182e-03	1.534683078234037185e-02
7.304274668705416751e+00	9.057720191776752472e-03	1.628261446851849217e-02
7.322348133880642429e+00	7.538628298789262772e-03	1.682488778871082599e-02
7.340421599055867219e+00	9.315570816397666931e-03	2.216195903029079262e-02
7.358495064231092897e+00	8.197613060474395752e-03	2.681685712009216488e-02
7.376568529406317687e+00	1.091305259615182877e-02	5.289347969884415634e-02
