# Normalized	8239 eV	223
# q	I	Poisson error
# nm-1	cm-1	cm-1
1.517372972275117804e-01	5.616978836059570312e+01	2.041186706728351119e+00
1.683322765328058579e-01	5.129632949829101562e+01	1.141384201280331023e+00
1.849272558380999354e-01	4.600948715209960938e+01	8.636996735967719108e-01
2.015222351433940129e-01	4.060608673095703125e+01	7.009074381508186846e-01
2.181172144486880904e-01	3.483396148681640625e+01	5.694765012096784096e-01
2.347121937539821679e-01	2.981085014343261719e+01	4.682318138932808349e-01
2.513071730592763009e-01	2.528857231140136719e+01	3.889045902718359926e-01
2.679021523645703784e-01	2.095512771606445312e+01	3.458830613229653128e-01
2.844971316698644559e-01	1.705424690246582031e+01	3.020345782198861073e-01
3.010921109751585334e-01	1.365035247802734375e+01	2.614652232352275285e-01
3.176870902804526109e-01	1.077402973175048828e+01	2.258760720941649647e-01
3.342820695857466884e-01	8.389449119567871094e+00	1.901018184767953589e-01
3.508770488910407659e-01	6.445735454559326172e+00	1.550546481718575176e-01
3.674720281963348434e-01	4.879308223724365234e+00	1.277643576068796250e-01
3.840670075016289209e-01	3.606927871704101562e+00	1.046077698247901422e-01
4.006619868069229984e-01	2.620384693145751953e+00	8.496580542366712063e-02
4.172569661122170759e-01	1.889393687248229980e+00	6.908212876868218000e-02
4.338519454175111534e-01	1.354727029800415039e+00	5.637053064571612149e-02
4.504469247228052309e-01	9.745989441871643066e-01	4.620283390963735026e-02
4.670419040280993084e-01	7.252172827720642090e-01	3.867713594894000434e-02
4.836368833333933859e-01	5.661491155624389648e-01	3.328516529344122815e-02
5.002318626386874634e-01	4.747901260852813721e-01	2.970180600056334178e-02
5.168268419439815409e-01	4.262380003929138184e-01	2.750564202281703327e-02
5.334218212492756184e-01	4.039904475212097168e-01	2.630753370470350488e-02
5.500168005545698069e-01	3.947655260562896729e-01	2.558424774456409534e-02
5.666117798598637734e-01	3.889328837394714355e-01	2.562444083970838449e-02
5.832067591651579619e-01	3.864984810352325439e-01	2.576018570039705080e-02
5.998017384704519284e-01	3.771434426307678223e-01	2.543995649713533952e-02
6.163967177757461169e-01	3.636720776557922363e-01	2.489050531170541175e-02
6.329916970810400834e-01	3.462210297584533691e-01	2.406969488048361569e-02
6.495866763863342719e-01	3.240841925144195557e-01	2.302758537092296220e-02
6.661816556916282384e-01	2.988042235374450684e-01	2.193795128788809598e-02
6.827766349969224269e-01	2.737775743007659912e-01	2.084338270151845154e-02
6.993716143022163934e-01	2.481840550899505615e-01	1.969353665377860524e-02
7.159665936075105819e-01	2.222782522439956665e-01	1.814384887741504401e-02
7.325615729128045484e-01	1.998491287231445312e-01	1.662066267509787823e-02
7.491565522180987369e-01	1.804021745920181274e-01	1.544064063905559170e-02
7.657515315233927033e-01	1.628274619579315186e-01	1.440974525957808110e-02
7.823465108286868919e-01	1.483738571405410767e-01	1.358047764789625279e-02
7.989414901339808583e-01	1.366087943315505981e-01	1.284254104384759988e-02
8.155364694392750469e-01	1.266690492630004883e-01	1.218409376285694255e-02
8.321314487445690133e-01	1.190938502550125122e-01	1.165003191105140959e-02
8.487264280498632019e-01	1.124870777130126953e-01	1.117413229200646049e-02
8.653214073551571683e-01	1.072216108441352844e-01	1.077297014240443870e-02
8.819163866604513569e-01	1.028733700513839722e-01	1.042417708528200170e-02
8.985113659657453233e-01	9.884671866893768311e-02	1.009987930207104090e-02
9.151063452710395119e-01	9.564258158206939697e-02	9.821755959581976100e-03
9.317013245763334783e-01	9.225170314311981201e-02	9.541240063976039187e-03
9.482963038816276669e-01	8.953770995140075684e-02	9.302077613992305524e-03
9.648912831869218554e-01	8.637367188930511475e-02	9.040535529809112097e-03
9.814862624922158219e-01	8.371717482805252075e-02	8.811048205143659148e-03
9.980812417975100104e-01	8.148143440485000610e-02	8.606561112186154883e-03
1.014676221102803977e+00	7.900573313236236572e-02	8.389603273279441428e-03
1.031271200408098165e+00	7.657323777675628662e-02	8.184486776361677568e-03
1.047866179713392132e+00	7.479278743267059326e-02	8.014908857375623030e-03
1.064461159018686320e+00	7.276211678981781006e-02	7.832485571809722977e-03
1.081056138323980287e+00	7.116982340812683105e-02	7.680233569952614470e-03
1.097651117629274475e+00	6.957418471574783325e-02	7.528085134376856329e-03
1.114246096934568442e+00	6.804805994033813477e-02	7.381736935730047987e-03
1.130841076239862630e+00	6.661316752433776855e-02	7.242909617974591270e-03
1.147436055545156597e+00	6.525084376335144043e-02	7.110860916188842772e-03
1.164031034850450563e+00	6.439579278230667114e-02	7.013219723030469921e-03
1.180626014155744752e+00	6.321861594915390015e-02	6.903020675517226520e-03
1.197220993461038718e+00	6.220150366425514221e-02	6.930250825409443698e-03
1.213815972766332907e+00	6.150389462709426880e-02	6.935236617686175650e-03
1.230410952071627095e+00	6.085030362010002136e-02	6.889811956894885403e-03
1.247005931376921062e+00	5.981389433145523071e-02	6.824337299098316191e-03
1.263600910682215250e+00	5.896801874041557312e-02	6.771525871960574518e-03
1.280195889987509217e+00	5.816418305039405823e-02	6.717260873286029499e-03
1.296790869292803405e+00	5.766019225120544434e-02	6.678628839206589458e-03
1.313385848598097372e+00	5.695619806647300720e-02	6.626786398696574848e-03
1.329980827903391560e+00	5.651189759373664856e-02	6.589467899328613210e-03
1.346575807208685527e+00	5.577864497900009155e-02	6.416111600138392490e-03
1.363170786513979715e+00	5.539730563759803772e-02	6.273726329458186729e-03
1.379765765819273682e+00	5.477068945765495300e-02	6.181979693376966727e-03
1.396360745124567870e+00	5.445755273103713989e-02	6.124418451370786630e-03
1.412955724429861837e+00	5.404303595423698425e-02	6.066999741092929214e-03
1.429550703735156025e+00	5.378328636288642883e-02	6.020829686453242451e-03
1.446145683040449992e+00	5.322372913360595703e-02	5.960776920420129098e-03
1.462740662345744180e+00	5.274694412946701050e-02	5.905071393583150897e-03
1.479335641651038147e+00	5.222776532173156738e-02	5.847657619561439507e-03
1.495930620956332335e+00	5.184154212474822998e-02	5.799483148985803971e-03
1.512525600261626302e+00	5.151414871215820312e-02	5.756531173669895800e-03
1.529120579566920490e+00	5.106548964977264404e-02	5.706041779781398544e-03
1.545715558872214457e+00	5.093764886260032654e-02	5.674123892090462799e-03
1.562310538177508645e+00	5.033965408802032471e-02	5.617310893188032575e-03
1.578905517482802612e+00	4.995480552315711975e-02	5.571574017786196271e-03
1.595500496788096800e+00	4.969915375113487244e-02	5.526813138182910638e-03
1.612095476093390767e+00	4.964611679315567017e-02	5.487357942833574233e-03
1.628690455398684955e+00	4.913192614912986755e-02	5.409134145696143856e-03
1.645285434703978922e+00	4.896605387330055237e-02	5.345306574239198048e-03
1.661880414009273110e+00	4.889936372637748718e-02	5.290323547695978401e-03
1.678475393314567077e+00	4.849696531891822815e-02	5.223160998633863232e-03
1.695070372619861265e+00	4.843201115727424622e-02	5.176392061381538887e-03
1.711665351925155232e+00	4.811847582459449768e-02	5.118668882765787381e-03
1.728260331230449420e+00	4.799746349453926086e-02	5.068304197966336938e-03
1.744855310535743609e+00	4.778449982404708862e-02	5.015314347524826508e-03
1.761450289841037575e+00	4.756500199437141418e-02	4.964844279845339985e-03
1.778045269146331764e+00	4.741135984659194946e-02	4.921384148018818558e-03
1.794640248451625730e+00	4.723422229290008545e-02	4.883137913907762903e-03
1.811235227756919919e+00	4.703672230243682861e-02	4.847517965678571801e-03
1.827830207062213885e+00	4.690819606184959412e-02	4.816401443062661748e-03
1.844425186367508074e+00	4.686551168560981750e-02	4.791459429523353165e-03
1.861020165672802040e+00	4.664474725723266602e-02	4.754987273753211521e-03
1.877615144978096229e+00	4.640547186136245728e-02	4.718978933366166015e-03
1.894210124283390195e+00	4.624145105481147766e-02	4.687734400373284697e-03
1.910805103588684384e+00	4.617429897189140320e-02	4.662715622702604326e-03
1.927400082893978350e+00	4.627425596117973328e-02	4.645764600649970009e-03
1.943995062199272539e+00	4.599669203162193298e-02	4.609319034698413156e-03
1.960590041504566505e+00	4.570153728127479553e-02	4.572613768616905910e-03
1.977185020809860694e+00	4.558085277676582336e-02	4.545940412935127115e-03
1.993780000115154660e+00	4.554274305701255798e-02	4.523445497652364700e-03
2.010374979420448849e+00	4.540330544114112854e-02	4.496699131896400754e-03
2.026969958725743037e+00	4.517941921949386597e-02	4.465251123886833894e-03
2.043564938031037226e+00	4.512565582990646362e-02	4.443840451343702980e-03
2.060159917336330970e+00	4.507241025567054749e-02	4.421410572905208267e-03
2.076754896641625159e+00	4.501919820904731750e-02	4.400680886358998047e-03
2.093349875946919347e+00	4.490802437067031860e-02	4.375872124287858052e-03
2.109944855252213536e+00	4.475167021155357361e-02	4.350085941305843230e-03
2.126539834557507280e+00	4.469924047589302063e-02	4.329000075101848734e-03
2.143134813862801469e+00	4.445079714059829712e-02	4.299248743044587102e-03
2.159729793168095657e+00	4.442170262336730957e-02	4.280557676298014057e-03
2.176324772473389402e+00	4.439608380198478699e-02	4.262161372524897636e-03
2.192919751778683590e+00	4.426424950361251831e-02	4.238239510008188007e-03
2.209514731083977779e+00	4.429715499281883240e-02	4.222235976051902026e-03
2.226109710389271967e+00	4.421711713075637817e-02	4.202294973700839223e-03
2.242704689694565712e+00	4.401809349656105042e-02	4.175761344483328204e-03
2.259299668999859900e+00	4.400954395532608032e-02	4.159576361935496229e-03
2.275894648305154089e+00	4.395765811204910278e-02	4.140788558454751474e-03
2.292489627610448277e+00	4.374040663242340088e-02	4.114746943291187203e-03
2.309084606915742466e+00	4.377154633402824402e-02	4.100818437926946440e-03
2.325679586221036210e+00	4.370289295911788940e-02	4.081855067130216001e-03
2.342274565526330399e+00	4.365319013595581055e-02	4.064402868605691659e-03
2.358869544831624587e+00	4.346528649330139160e-02	4.040462695125672174e-03
2.375464524136918776e+00	4.355211183428764343e-02	4.024988051575350070e-03
2.392059503442212520e+00	4.348229989409446716e-02	4.003665867872708596e-03
2.408654482747506709e+00	4.336120560765266418e-02	3.983203687950929127e-03
2.425249462052800897e+00	4.342233762145042419e-02	3.971863246826344042e-03
2.441844441358095086e+00	4.330352693796157837e-02	3.952227794351608793e-03
2.458439420663388830e+00	4.325527325272560120e-02	3.965130363762751561e-03
2.475034399968683019e+00	4.315236955881118774e-02	3.994423430965387059e-03
2.491629379273977207e+00	4.312724620103836060e-02	4.006215454459118377e-03
2.508224358579271396e+00	4.297420755028724670e-02	4.008264804986352847e-03
2.524819337884565140e+00	4.312755167484283447e-02	4.022556177911981203e-03
2.541414317189859329e+00	4.300290718674659729e-02	4.021615077623735650e-03
2.558009296495153517e+00	4.306799918413162231e-02	4.027094719576673580e-03
2.574604275800447706e+00	4.293023422360420227e-02	4.022734445983398681e-03
2.591199255105741450e+00	4.282536730170249939e-02	4.018196453252769439e-03
2.607794234411035639e+00	4.285851866006851196e-02	3.996010103384159233e-03
2.624389213716329827e+00	4.273700714111328125e-02	3.935359931191506101e-03
2.640984193021624016e+00	4.277709126472473145e-02	3.908017675167071298e-03
2.657579172326917760e+00	4.262558370828628540e-02	3.874681481653508355e-03
2.674174151632211949e+00	4.271195083856582642e-02	3.856736869171940082e-03
2.690769130937506137e+00	4.258672147989273071e-02	3.831072734320362799e-03
2.707364110242800326e+00	4.268835857510566711e-02	3.817168720901785439e-03
2.723959089548094070e+00	4.267215728759765625e-02	3.798466251130048522e-03
2.740554068853388259e+00	4.272338375449180603e-02	3.784567046317318002e-03
2.757149048158682447e+00	4.259693250060081482e-02	3.762518462761900266e-03
2.773744027463976636e+00	4.261596128344535828e-02	3.748353854277656268e-03
2.790339006769270380e+00	4.261755198240280151e-02	3.734162850204211358e-03
2.806933986074564569e+00	4.267777502536773682e-02	3.722395724940947854e-03
2.823528965379858757e+00	4.246136546134948730e-02	3.698718012304189496e-03
2.840123944685152946e+00	4.240876063704490662e-02	3.681714527385115173e-03
2.856718923990447134e+00	4.253369942307472229e-02	3.674082556134635694e-03
2.873313903295740879e+00	4.241319745779037476e-02	3.655769811659697905e-03
2.889908882601035067e+00	4.241490364074707031e-02	3.643043982043740487e-03
2.906503861906329256e+00	4.252477362751960754e-02	3.635305640703409297e-03
2.923098841211623444e+00	4.242196306586265564e-02	3.618518678269338085e-03
2.939693820516917189e+00	4.244645312428474426e-02	3.607130020860935433e-03
2.956288799822211377e+00	4.246978461742401123e-02	3.596281431324068259e-03
2.972883779127505566e+00	4.237072542309761047e-02	3.580154640015126288e-03
2.989478758432799754e+00	4.242856800556182861e-02	3.571177267216411357e-03
3.006073737738093499e+00	4.247123003005981445e-02	3.561214255311744882e-03
3.022668717043387687e+00	4.236996918916702271e-02	3.546034887037304278e-03
3.039263696348681876e+00	4.253574088215827942e-02	3.541605179651683474e-03
3.055858675653976064e+00	4.253168776631355286e-02	3.530979326933713670e-03
3.072453654959269809e+00	4.240959882736206055e-02	3.514647805780468041e-03
3.089048634264563997e+00	4.246151447296142578e-02	3.547320559611668277e-03
3.105643613569858186e+00	4.248760640621185303e-02	3.565755178262665793e-03
3.122238592875152374e+00	4.235109686851501465e-02	3.571048665370168962e-03
3.138833572180446119e+00	4.234001785516738892e-02	3.578258528646255637e-03
3.155428551485740307e+00	4.248306527733802795e-02	3.590333644124574664e-03
3.172023530791034496e+00	4.216547310352325439e-02	3.580064660308012684e-03
3.188618510096328684e+00	4.245611280202865601e-02	3.595267020523797152e-03
3.205213489401622429e+00	4.230397567152976990e-02	3.590020887017721617e-03
3.221808468706916617e+00	4.227661341428756714e-02	3.589834711784734966e-03
3.238403448012210806e+00	4.221260920166969299e-02	3.550845106355946142e-03
3.254998427317504994e+00	4.226389527320861816e-02	3.519901410132363594e-03
3.271593406622798739e+00	4.228359088301658630e-02	3.497105472774773675e-03
3.288188385928092927e+00	4.209920018911361694e-02	3.470116620259171801e-03
3.304783365233387116e+00	4.223941639065742493e-02	3.459611230446698205e-03
3.321378344538681304e+00	4.221868887543678284e-02	3.443591712337415369e-03
3.337973323843975493e+00	4.230799898505210876e-02	3.433289111891210232e-03
3.354568303149269237e+00	4.237642139196395874e-02	3.422966019481220833e-03
3.371163282454563426e+00	4.219472780823707581e-02	3.402921143696576497e-03
3.387758261759857614e+00	4.210888221859931946e-02	3.387224954208347630e-03
3.404353241065151803e+00	4.220752790570259094e-02	3.379547856917733926e-03
3.420948220370445547e+00	4.218206182122230530e-02	3.367566404454142275e-03
3.437543199675739736e+00	4.236539080739021301e-02	3.364269754835453718e-03
3.454138178981033924e+00	4.228892922401428223e-02	3.350340679536561832e-03
3.470733158286328113e+00	4.228543862700462341e-02	3.340127017083913304e-03
3.487328137591621857e+00	4.246349632740020752e-02	3.336832525605827170e-03
3.503923116896916046e+00	4.237191379070281982e-02	3.323375206574943289e-03
3.520518096202210234e+00	4.233599081635475159e-02	3.312111019474145782e-03
3.537113075507504423e+00	4.222809523344039917e-02	3.297713989252325749e-03
3.553708054812798167e+00	4.240265116095542908e-02	3.295770459418556966e-03
3.570303034118092356e+00	4.241536930203437805e-02	3.286930549285558851e-03
3.586898013423386544e+00	4.233907535672187805e-02	3.274285717120151065e-03
3.603492992728680733e+00	4.231518879532814026e-02	3.264931869981222042e-03
3.620087972033974477e+00	4.238862171769142151e-02	3.258501898554372420e-03
3.636682951339268666e+00	4.240313172340393066e-02	3.249911966112671059e-03
3.653277930644562854e+00	4.251680150628089905e-02	3.246038568806525020e-03
3.669872909949857043e+00	4.255703836679458618e-02	3.239067488639058457e-03
3.686467889255150787e+00	4.239131137728691101e-02	3.223931485518133268e-03
3.703062868560444976e+00	4.238247871398925781e-02	3.215154010677577327e-03
3.719657847865739164e+00	4.258234426379203796e-02	3.215096870557179048e-03
3.736252827171033353e+00	4.239776730537414551e-02	3.200079600810922919e-03
3.752847806476327097e+00	4.245705530047416687e-02	3.194947590286131671e-03
3.769442785781621286e+00	4.246272519230842590e-02	3.187024353752727305e-03
3.786037765086915474e+00	4.257946088910102844e-02	3.183926762616060262e-03
3.802632744392209663e+00	4.268756881356239319e-02	3.180465673712823751e-03
3.819227723697503407e+00	4.269030317664146423e-02	3.173065727370050562e-03
3.835822703002797596e+00	4.262752085924148560e-02	3.162694723830140539e-03
3.852417682308091784e+00	4.277876764535903931e-02	3.161103300415359432e-03
3.869012661613385973e+00	4.267765954136848450e-02	3.149775617703830417e-03
3.885607640918680161e+00	4.272184893488883972e-02	3.144091385069696949e-03
3.902202620223973906e+00	4.275588691234588623e-02	3.137839458803920976e-03
3.918797599529268094e+00	4.288763925433158875e-02	3.135800671973667467e-03
3.935392578834562283e+00	4.272418469190597534e-02	3.122743437028767648e-03
3.951987558139856471e+00	4.278887808322906494e-02	3.117371674376144194e-03
3.968582537445150216e+00	4.287581518292427063e-02	3.113534642670970961e-03
3.985177516750444404e+00	4.290787875652313232e-02	3.107527082308074104e-03
4.001772496055738593e+00	4.280265420675277710e-02	3.096398923505759918e-03
4.018367475361032781e+00	4.297496378421783447e-02	3.095890625701859262e-03
4.034962454666326970e+00	4.295107349753379822e-02	3.088021926930755497e-03
4.051557433971621158e+00	4.297880455851554871e-02	3.082177900236892591e-03
4.068152413276915347e+00	4.297269880771636963e-02	3.074971786663601141e-03
4.084747392582209535e+00	4.307653009891510010e-02	3.101456515255136132e-03
4.101342371887502836e+00	4.299087077379226685e-02	3.117451953688840389e-03
4.117937351192797024e+00	4.318909347057342529e-02	3.133105355098585697e-03
4.134532330498091213e+00	4.333144426345825195e-02	3.139066433769298944e-03
4.151127309803385401e+00	4.322365298867225647e-02	3.138423424319302778e-03
4.167722289108679590e+00	4.335287958383560181e-02	3.147141138545618555e-03
4.184317268413973778e+00	4.331864044070243835e-02	3.148728200164739328e-03
4.200912247719267079e+00	4.334324225783348083e-02	3.151877328797359976e-03
4.217507227024561267e+00	4.334279522299766541e-02	3.153287220688890616e-03
4.234102206329855456e+00	4.342783987522125244e-02	3.157686527946122843e-03
4.250697185635149644e+00	4.334217309951782227e-02	3.153370019809321675e-03
4.267292164940443833e+00	4.347806051373481750e-02	3.154739447475907611e-03
4.283887144245738021e+00	4.349661991000175476e-02	3.151653177791311107e-03
4.300482123551032210e+00	4.354767873883247375e-02	3.152372270472349018e-03
4.317077102856326398e+00	4.356763511896133423e-02	3.152329685015374874e-03
4.333672082161619699e+00	4.360105469822883606e-02	3.154932492364833415e-03
4.350267061466913887e+00	4.357130080461502075e-02	3.188457881413243183e-03
4.366862040772208076e+00	4.365269467234611511e-02	3.214774992516459748e-03
4.383457020077502264e+00	4.378396645188331604e-02	3.237504989082228002e-03
4.400051999382796453e+00	4.363110288977622986e-02	3.245898999059981110e-03
4.416646978688090641e+00	4.364188015460968018e-02	3.258640670582845910e-03
4.433241957993384830e+00	4.370626434683799744e-02	3.272397028256001945e-03
4.449836937298679018e+00	4.395308718085289001e-02	3.292291213025415591e-03
4.466431916603973207e+00	4.392757266759872437e-02	3.301614179033897541e-03
4.483026895909266507e+00	4.409897327423095703e-02	3.340779229406895274e-03
4.499621875214560696e+00	4.408317059278488159e-02	3.370560835367459544e-03
4.516216854519854884e+00	4.404371231794357300e-02	3.394934966139801467e-03
4.532811833825149073e+00	4.410678520798683167e-02	3.432306953700064653e-03
4.549406813130443261e+00	4.414519295096397400e-02	3.476471588575079374e-03
4.566001792435737450e+00	4.407516494393348694e-02	3.506945105703038364e-03
4.582596771741031638e+00	4.423666000366210938e-02	3.536421084899065738e-03
4.599191751046325827e+00	4.413800686597824097e-02	3.550002307866262450e-03
4.615786730351619127e+00	4.420379549264907837e-02	3.570157895369755786e-03
4.632381709656913316e+00	4.433672875165939331e-02	3.591284906830065609e-03
4.648976688962207504e+00	4.413939267396926880e-02	3.596983138488756698e-03
4.665571668267501693e+00	4.440124705433845520e-02	3.621244387745945620e-03
4.682166647572795881e+00	4.437304288148880005e-02	3.687661898247941803e-03
4.698761626878090070e+00	4.458320513367652893e-02	3.760536734648897358e-03
4.715356606183384258e+00	4.476654157042503357e-02	3.803883286024211351e-03
4.731951585488678447e+00	4.472988471388816833e-02	3.827378660555689777e-03
4.748546564793971747e+00	4.472710937261581421e-02	3.853177487705168082e-03
4.765141544099265936e+00	4.495991766452789307e-02	3.885530540778975306e-03
4.781736523404560124e+00	4.483402892947196960e-02	3.900107785636953376e-03
4.798331502709854313e+00	4.497940838336944580e-02	3.925845838627896149e-03
4.814926482015148501e+00	4.510292038321495056e-02	3.949469010733553526e-03
4.831521461320442690e+00	4.477517306804656982e-02	3.945741785842810968e-03
4.848116440625736878e+00	4.518287628889083862e-02	3.972280566597432942e-03
4.864711419931031067e+00	4.524733871221542358e-02	3.985602735140146222e-03
4.881306399236324367e+00	4.526572674512863159e-02	4.001654450679045620e-03
4.897901378541618556e+00	4.537526145577430725e-02	4.021486264602792265e-03
4.914496357846912744e+00	4.545535147190093994e-02	4.039851586918587201e-03
4.931091337152206933e+00	4.555964097380638123e-02	4.059047312100307059e-03
4.947686316457501121e+00	4.565035924315452576e-02	4.076644922822983755e-03
4.964281295762795310e+00	4.564496129751205444e-02	4.143762513956058754e-03
4.980876275068089498e+00	4.574301093816757202e-02	4.237907986844511449e-03
4.997471254373383687e+00	4.561166465282440186e-02	4.297129689425249754e-03
5.014066233678677875e+00	4.581454023718833923e-02	4.364576432152630740e-03
5.030661212983971176e+00	4.589862748980522156e-02	4.421952671578677045e-03
5.047256192289265364e+00	4.588215053081512451e-02	4.471819664090870110e-03
5.063851171594559553e+00	4.614575579762458801e-02	4.534272015411702078e-03
5.080446150899853741e+00	4.619424790143966675e-02	4.584653561167955152e-03
5.097041130205147930e+00	4.623197391629219055e-02	4.632478300404043424e-03
5.113636109510442118e+00	4.632551595568656921e-02	4.677566975840712245e-03
5.130231088815736307e+00	4.645362123847007751e-02	4.722878674711059391e-03
5.146826068121030495e+00	4.659365862607955933e-02	4.768262406229337169e-03
5.163421047426323796e+00	4.652034491300582886e-02	4.801842287002893415e-03
5.180016026731617984e+00	4.658746346831321716e-02	4.842675448961076927e-03
5.196611006036912173e+00	4.664817824959754944e-02	4.886970739950355358e-03
5.213205985342206361e+00	4.676797240972518921e-02	4.938800830841553677e-03
5.229800964647500550e+00	4.687291011214256287e-02	4.990490731481809356e-03
5.246395943952794738e+00	4.700582846999168396e-02	5.045144599463364903e-03
5.262990923258088927e+00	4.704215005040168762e-02	5.092078519158129563e-03
5.279585902563383115e+00	4.711504280567169189e-02	5.136226668794751163e-03
5.296180881868676416e+00	4.716504737734794617e-02	5.174522192332750396e-03
5.312775861173970604e+00	4.733397811651229858e-02	5.219758445726355688e-03
5.329370840479264793e+00	4.735388234257698059e-02	5.257116686480162691e-03
5.345965819784558981e+00	4.748221114277839661e-02	5.304722248285680640e-03
5.362560799089853170e+00	4.767029359936714172e-02	5.363933386186195418e-03
5.379155778395147358e+00	4.777331650257110596e-02	5.419673211144699666e-03
5.395750757700441547e+00	4.786631092429161072e-02	5.475202249024615359e-03
5.412345737005735735e+00	4.793894663453102112e-02	5.530608195803555019e-03
5.428940716311029036e+00	4.804760590195655823e-02	5.589031297320906991e-03
5.445535695616323224e+00	4.825515300035476685e-02	5.654694650764932433e-03
5.462130674921617413e+00	4.805112630128860474e-02	5.696184034610415198e-03
5.478725654226911601e+00	4.819539189338684082e-02	5.759735043270109919e-03
5.495320633532205790e+00	4.852558672428131104e-02	5.836549328610581358e-03
5.511915612837499978e+00	4.849705472588539124e-02	5.891833398444918518e-03
5.528510592142794167e+00	4.855496063828468323e-02	5.954211696338424474e-03
5.545105571448088355e+00	4.858924448490142822e-02	6.015846663954474774e-03
5.561700550753382544e+00	4.878327250480651855e-02	6.091697906014985342e-03
5.578295530058675844e+00	4.868346452713012695e-02	6.145529850103520833e-03
5.594890509363970033e+00	4.888610541820526123e-02	6.209353070479280319e-03
5.611485488669264221e+00	4.916596785187721252e-02	6.274953172764224582e-03
5.628080467974558410e+00	4.919418320059776306e-02	6.324808452118418564e-03
5.644675447279852598e+00	4.916111752390861511e-02	6.370720027284134009e-03
5.661270426585146787e+00	4.954641684889793396e-02	6.448894354112440913e-03
5.677865405890440975e+00	4.930619895458221436e-02	6.494988194680064754e-03
5.694460385195735164e+00	4.953614249825477600e-02	6.582126561854947759e-03
5.711055364501028464e+00	5.000478029251098633e-02	6.687947809207795899e-03
5.727650343806322653e+00	4.969765990972518921e-02	6.742997553472631148e-03
5.744245323111616841e+00	5.005441978573799133e-02	6.846633483212937951e-03
5.760840302416911030e+00	4.996670410037040710e-02	6.921076873349228838e-03
5.777435281722205218e+00	5.016348510980606079e-02	7.021571083518194853e-03
5.794030261027499407e+00	5.017255246639251709e-02	7.105779648392968224e-03
5.810625240332793595e+00	5.026056990027427673e-02	7.200612527669145689e-03
5.827220219638087784e+00	5.034760385751724243e-02	7.299584087747770442e-03
5.843815198943381084e+00	5.062737315893173218e-02	7.415584623273347234e-03
5.860410178248675273e+00	5.070229992270469666e-02	7.520242074621045353e-03
5.877005157553969461e+00	5.055269226431846619e-02	7.611654928085255165e-03
5.893600136859263650e+00	5.065868422389030457e-02	7.725905484761355115e-03
5.910195116164557838e+00	5.098120495676994324e-02	7.862085543636924967e-03
5.926790095469852027e+00	5.105798318982124329e-02	7.983572117843631966e-03
5.943385074775146215e+00	5.143781006336212158e-02	8.134834946574170250e-03
5.959980054080440404e+00	5.135909840464591980e-02	8.261648512095962765e-03
5.976575033385733704e+00	5.108716711401939392e-02	8.366595431739651950e-03
5.993170012691027893e+00	5.135641619563102722e-02	8.522791910957177794e-03
6.009764991996322081e+00	5.157718807458877563e-02	8.686976628573286202e-03
6.026359971301616270e+00	5.166589096188545227e-02	8.856702866992973225e-03
6.042954950606910458e+00	5.202952772378921509e-02	9.037485589889381749e-03
6.059549929912204647e+00	5.181194096803665161e-02	9.184945085963200015e-03
6.076144909217498835e+00	5.182540789246559143e-02	9.364441804626257373e-03
6.092739888522793024e+00	5.240125954151153564e-02	9.605021109470545521e-03
6.109334867828087212e+00	5.225024372339248657e-02	9.790484463755466660e-03
6.125929847133380513e+00	5.240239575505256653e-02	1.001773720102325758e-02
6.142524826438674701e+00	5.213261768221855164e-02	1.021677989680212437e-02
6.159119805743968890e+00	5.194968357682228088e-02	1.043814528548842914e-02
6.175714785049263078e+00	5.154566466808319092e-02	1.065518856782256447e-02
6.192309764354557267e+00	5.171687155961990356e-02	1.094863185402374962e-02
6.208904743659851455e+00	5.104595795273780823e-02	1.117291316100707532e-02
6.225499722965145644e+00	4.957738518714904785e-02	1.132736720973853868e-02
6.242094702270439832e+00	4.887389764189720154e-02	1.158891619499214515e-02
6.258689681575733132e+00	4.810974001884460449e-02	1.193157677395946352e-02
6.275284660881027321e+00	4.848174378275871277e-02	1.254591291132716412e-02
6.291879640186321510e+00	4.889779537916183472e-02	1.324115386144603633e-02
6.308474619491615698e+00	5.174627155065536499e-02	1.457104451056358101e-02
6.325069598796909887e+00	5.390847101807594299e-02	1.561994028188949148e-02
6.341664578102204075e+00	5.425244569778442383e-02	1.623427496155845084e-02
6.358259557407498264e+00	5.401635915040969849e-02	1.667751859252449009e-02
6.374854536712792452e+00	5.458147078752517700e-02	1.711269216891221981e-02
6.391449516018085752e+00	5.475245416164398193e-02	1.750612099183843778e-02
6.408044495323379941e+00	5.490136891603469849e-02	1.792463724809948908e-02
6.424639474628674130e+00	5.555788055062294006e-02	1.845430200860234682e-02
6.441234453933968318e+00	5.535740777850151062e-02	1.886907903404528089e-02
6.457829433239262507e+00	5.493516102433204651e-02	1.927613006031884610e-02
6.474424412544556695e+00	5.572737380862236023e-02	1.997029261905558864e-02
6.491019391849850884e+00	5.609584972262382507e-02	2.062852279408448550e-02
6.507614371155145072e+00	5.638388171792030334e-02	2.125174680978919595e-02
6.524209350460439261e+00	5.618003010749816895e-02	2.188768647957634386e-02
6.540804329765732561e+00	5.656063929200172424e-02	2.272139741072548569e-02
6.557399309071026750e+00	5.556461960077285767e-02	2.333780200287968037e-02
6.573994288376320938e+00	5.545668303966522217e-02	2.422719547799379036e-02
6.590589267681615127e+00	5.588057264685630798e-02	2.537167501244481926e-02
6.607184246986909315e+00	5.622029304504394531e-02	2.664049124385847039e-02
6.623779226292203504e+00	5.756299197673797607e-02	2.833478602623974371e-02
6.640374205597497692e+00	5.714395269751548767e-02	2.985074483281277211e-02
6.656969184902791881e+00	5.648914352059364319e-02	3.160199280902451641e-02
6.673564164208085181e+00	5.683280527591705322e-02	3.402607700389236045e-02
6.690159143513379369e+00	5.633687227964401245e-02	3.683255962731519367e-02
6.706754122818673558e+00	5.684212222695350647e-02	4.094987281546796920e-02
6.723349102123967747e+00	5.586121231317520142e-02	4.596158243748574290e-02
6.739944081429261935e+00	5.546694621443748474e-02	5.423303360532546330e-02
6.756539060734556124e+00	5.686070770025253296e-02	7.078959804364018393e-02
6.773134040039850312e+00	5.888901650905609131e-02	1.230289942532066666e-01
