# Normalized	8973.0 eV	232
# q	I	Poisson error
# nm-1	cm-1	cm-1
1.652559211728595046e-01	3.614526748657226562e+00	4.731890423296324366e-01
1.833293851628065851e-01	3.423162698745727539e+00	2.535245465302815582e-01
2.014028491527536380e-01	3.238328218460083008e+00	1.912870501591868999e-01
2.194763131427007186e-01	3.074910402297973633e+00	1.585055003596534673e-01
2.375497771326477991e-01	2.955706596374511719e+00	1.350855673838756155e-01
2.556232411225948797e-01	2.859297037124633789e+00	1.174186451106469520e-01
2.736967051125419603e-01	2.804156780242919922e+00	1.048319455555353635e-01
2.917701691024889854e-01	2.750153541564941406e+00	1.036242502715006980e-01
3.098436330924361215e-01	2.743715524673461914e+00	1.022836171107837644e-01
3.279170970823831466e-01	2.734089374542236328e+00	1.008886574154900795e-01
3.459905610723302827e-01	2.743749856948852539e+00	1.004179862921275312e-01
3.640640250622773078e-01	2.778913974761962891e+00	9.822624884951561275e-02
3.821374890522243883e-01	2.823921680450439453e+00	9.368017986541368747e-02
4.002109530421714689e-01	2.890386581420898438e+00	9.148086675651879995e-02
4.182844170321184940e-01	2.971519708633422852e+00	9.011526078501104486e-02
4.363578810220656301e-01	3.070109844207763672e+00	8.903565240187227836e-02
4.544313450120126552e-01	3.188977956771850586e+00	8.855696829966137884e-02
4.725048090019597913e-01	3.322005748748779297e+00	8.867401133241439859e-02
4.905782729919068164e-01	3.471881866455078125e+00	8.904830385346888810e-02
5.086517369818539525e-01	3.636054992675781250e+00	8.967612218276509173e-02
5.267252009718009775e-01	3.805127143859863281e+00	9.038110123528736439e-02
5.447986649617480026e-01	3.979438543319702148e+00	9.087072261204660883e-02
5.628721289516951387e-01	4.149715900421142578e+00	9.130396228029505346e-02
5.809455929416421638e-01	4.311499118804931641e+00	9.187102987081392780e-02
5.990190569315892999e-01	4.445848464965820312e+00	9.210724576656877105e-02
6.170925209215363250e-01	4.543029308319091797e+00	9.405525142574631958e-02
6.351659849114834611e-01	4.593710899353027344e+00	9.540340861793174254e-02
6.532394489014304861e-01	4.578885078430175781e+00	9.526883264868826751e-02
6.713129128913775112e-01	4.490755558013916016e+00	9.400543948459982868e-02
6.893863768813246473e-01	4.332932472229003906e+00	9.149086692750650618e-02
7.074598408712716724e-01	4.110800743103027344e+00	8.805813961524329436e-02
7.255333048612188085e-01	3.833630323410034180e+00	8.423988164525728073e-02
7.436067688511658336e-01	3.520097494125366211e+00	7.994055422760427965e-02
7.616802328411128586e-01	3.183843851089477539e+00	7.523730609448371631e-02
7.797536968310599947e-01	2.842932701110839844e+00	6.908110846693274465e-02
7.978271608210070198e-01	2.513386011123657227e+00	6.262692291287891289e-02
8.159006248109541559e-01	2.208464622497558594e+00	5.723012621566471447e-02
8.339740888009011810e-01	1.927179813385009766e+00	5.233606533631358221e-02
8.520475527908483171e-01	1.677933216094970703e+00	4.803173839202377893e-02
8.701210167807953422e-01	1.456965565681457520e+00	4.394355534829522819e-02
8.881944807707424783e-01	1.264567852020263672e+00	4.018644583110844021e-02
9.062679447606895033e-01	1.098954796791076660e+00	3.680469745749574001e-02
9.243414087506365284e-01	9.546444416046142578e-01	3.373126217166477064e-02
9.424148727405836645e-01	8.310071825981140137e-01	3.096760914587567276e-02
9.604883367305306896e-01	7.236337661743164062e-01	2.844848162023103089e-02
9.785618007204778257e-01	6.326973438262939453e-01	2.620967376577392968e-02
9.966352647104248508e-01	5.533781051635742188e-01	2.415721403688741650e-02
1.014708728700371987e+00	4.855432212352752686e-01	2.231921726114792850e-02
1.032782192690319123e+00	4.281664490699768066e-01	2.068606433515425905e-02
1.050855656680266037e+00	3.774180114269256592e-01	1.917163859187692027e-02
1.068929120670213173e+00	3.343773484230041504e-01	1.782391172691100492e-02
1.087002584660160309e+00	2.971381843090057373e-01	1.660009770040613009e-02
1.105076048650107445e+00	2.650113701820373535e-01	1.548999509341737919e-02
1.123149512640054359e+00	2.375973910093307495e-01	1.450921075095940212e-02
1.141222976630001495e+00	2.143882960081100464e-01	1.363434587998548983e-02
1.159296440619948632e+00	1.943902522325515747e-01	1.284531570639256895e-02
1.177369904609895546e+00	1.768613904714584351e-01	1.213137888325143549e-02
1.195443368599842682e+00	1.632356345653533936e-01	1.154196604352499510e-02
1.213516832589789818e+00	1.515123844146728516e-01	1.101501408417209470e-02
1.231590296579736732e+00	1.413028985261917114e-01	1.054041685494648377e-02
1.249663760569683868e+00	1.333521306514739990e-01	1.015097916975538257e-02
1.267737224559631004e+00	1.270897537469863892e-01	9.832690842962914582e-03
1.285810688549578140e+00	1.219827756285667419e-01	9.566161807632820105e-03
1.303884152539525054e+00	1.176056414842605591e-01	9.504212007069415963e-03
1.321957616529472190e+00	1.142778247594833374e-01	9.426307715039303897e-03
1.340031080519419326e+00	1.115873828530311584e-01	9.301488377908095559e-03
1.358104544509366240e+00	1.088512614369392395e-01	9.177097199343616646e-03
1.376178008499313377e+00	1.067446023225784302e-01	9.081444726255768346e-03
1.394251472489260513e+00	1.037126705050468445e-01	8.939134300499326433e-03
1.412324936479207649e+00	1.014771983027458191e-01	8.828157069961702769e-03
1.430398400469154563e+00	9.891876578330993652e-02	8.700263843073258521e-03
1.448471864459101699e+00	9.646911174058914185e-02	8.574951243660412087e-03
1.466545328449048835e+00	9.342545270919799805e-02	8.267711534939119547e-03
1.484618792438995749e+00	9.019879996776580811e-02	7.966903775924983125e-03
1.502692256428942885e+00	8.737464994192123413e-02	7.768196588374100958e-03
1.520765720418890021e+00	8.443053066730499268e-02	7.583605423240116772e-03
1.538839184408837157e+00	8.151251822710037231e-02	7.406867007455310813e-03
1.556912648398784071e+00	7.887793332338333130e-02	7.245236854713798386e-03
1.574986112388731208e+00	7.590436190366744995e-02	7.070675690012457985e-03
1.593059576378678344e+00	7.337838411331176758e-02	6.915777476859870723e-03
1.611133040368625480e+00	7.057704031467437744e-02	6.747233955680722976e-03
1.629206504358572394e+00	6.856594979763031006e-02	6.618228004090716786e-03
1.647279968348519530e+00	6.660957634449005127e-02	6.493386061337574205e-03
1.665353432338466666e+00	6.465531140565872192e-02	6.367376073618838568e-03
1.683426896328413580e+00	6.253757327795028687e-02	6.232392038786273465e-03
1.701500360318360716e+00	6.066954880952835083e-02	6.111795897350159185e-03
1.719573824308307852e+00	5.887434631586074829e-02	5.992929216572979306e-03
1.737647288298254988e+00	5.741996690630912781e-02	5.884365210221141618e-03
1.755720752288201902e+00	5.577258020639419556e-02	5.758684667811097245e-03
1.773794216278149039e+00	5.486670881509780884e-02	5.659051259621565577e-03
1.791867680268096175e+00	5.340719223022460938e-02	5.524653098506701089e-03
1.809941144258043089e+00	5.190401524305343628e-02	5.391697031572184953e-03
1.828014608247990225e+00	5.089678987860679626e-02	5.292175509707401811e-03
1.846088072237937361e+00	4.964600875973701477e-02	5.181486894924387972e-03
1.864161536227884497e+00	4.852135479450225830e-02	5.080528333395274015e-03
1.882235000217831411e+00	4.713303595781326294e-02	4.962273268451246160e-03
1.900308464207778547e+00	4.645219445228576660e-02	4.884692485061028176e-03
1.918381928197725683e+00	4.532448202371597290e-02	4.786012193053271364e-03
1.936455392187672597e+00	4.460655152797698975e-02	4.712961392798922615e-03
1.954528856177619733e+00	4.407459869980812073e-02	4.656371041462233247e-03
1.972602320167566869e+00	4.304541274905204773e-02	4.576447512255777707e-03
1.990675784157514006e+00	4.234701022505760193e-02	4.515251713986982891e-03
2.008749248147461142e+00	4.163641855120658875e-02	4.454945930968576620e-03
2.026822712137408278e+00	4.102910310029983521e-02	4.398351138561298716e-03
2.044896176127355414e+00	4.067873954772949219e-02	4.357231461872002921e-03
2.062969640117302106e+00	4.020532220602035522e-02	4.310142262127079037e-03
2.081043104107249242e+00	3.955274820327758789e-02	4.254311647412245545e-03
2.099116568097196378e+00	3.904708847403526306e-02	4.206014047504577635e-03
2.117190032087143514e+00	3.847428783774375916e-02	4.154235957094550361e-03
2.135263496077090650e+00	3.845007717609405518e-02	4.133326824092221213e-03
2.153336960067037786e+00	3.784537687897682190e-02	4.081341911183939547e-03
2.171410424056984478e+00	3.778740391135215759e-02	4.059447777569224168e-03
2.189483888046931614e+00	3.732138499617576599e-02	4.016022466226626050e-03
2.207557352036878751e+00	3.690424188971519470e-02	3.974980897131033877e-03
2.225630816026825887e+00	3.682355582714080811e-02	3.953682252631849497e-03
2.243704280016773023e+00	3.663011267781257629e-02	3.925273636908721900e-03
2.261777744006720159e+00	3.648820519447326660e-02	3.901261763833590614e-03
2.279851207996667295e+00	3.615166246891021729e-02	3.865611125171937185e-03
2.297924671986613987e+00	3.577902540564537048e-02	3.829191144883701842e-03
2.315998135976561123e+00	3.554169461131095886e-02	3.799729019413822934e-03
2.334071599966508259e+00	3.548834845423698425e-02	3.781407957483197847e-03
2.352145063956455395e+00	3.546282276511192322e-02	3.764621673367535455e-03
2.370218527946402531e+00	3.532430529594421387e-02	3.741821896453995447e-03
2.388291991936349667e+00	3.523648530244827271e-02	3.721585835038862186e-03
2.406365455926296804e+00	3.517537191510200500e-02	3.702559521321170059e-03
2.424438919916243496e+00	3.501657396554946899e-02	3.679776886234768785e-03
2.442512383906190632e+00	3.488291054964065552e-02	3.657719705932292904e-03
2.460585847896137768e+00	3.474306687712669373e-02	3.636198531342450715e-03
2.478659311886084904e+00	3.468051180243492126e-02	3.618421616283260672e-03
2.496732775876032040e+00	3.472113609313964844e-02	3.606882698331204118e-03
2.514806239865979176e+00	3.445178642868995667e-02	3.578816753081342367e-03
2.532879703855926312e+00	3.430157154798507690e-02	3.556980626366951313e-03
2.550953167845873004e+00	3.437429293990135193e-02	3.547498410595877668e-03
2.569026631835820140e+00	3.416796028614044189e-02	3.523426846160579613e-03
2.587100095825767276e+00	3.424963355064392090e-02	3.510293442778168130e-03
2.605173559815714412e+00	3.404154628515243530e-02	3.483457241819853771e-03
2.623247023805661549e+00	3.405568748712539673e-02	3.471210304197136411e-03
2.641320487795608685e+00	3.419224172830581665e-02	3.465679563517049585e-03
2.659393951785555821e+00	3.384536504745483398e-02	3.435263583217359855e-03
2.677467415775502513e+00	3.376742079854011536e-02	3.444633780905553659e-03
2.695540879765449649e+00	3.371671214699745178e-02	3.472218470841445699e-03
2.713614343755396785e+00	3.371493890881538391e-02	3.483620680727592556e-03
2.731687807745343921e+00	3.369049355387687683e-02	3.490696404573110853e-03
2.749761271735291057e+00	3.333454579114913940e-02	3.477786765802982731e-03
2.767834735725238193e+00	3.326774016022682190e-02	3.478710596050996195e-03
2.785908199715185329e+00	3.338606283068656921e-02	3.487079002448749236e-03
2.803981663705132021e+00	3.318659588694572449e-02	3.478456681887289684e-03
2.822055127695079157e+00	3.317951783537864685e-02	3.478584139817927478e-03
2.840128591685026294e+00	3.325806558132171631e-02	3.461829064075351396e-03
2.858202055674973430e+00	3.313452005386352539e-02	3.407026861329431455e-03
2.876275519664920566e+00	3.307542204856872559e-02	3.378180411053643105e-03
2.894348983654867702e+00	3.300332278013229370e-02	3.351418825735296217e-03
2.912422447644814838e+00	3.307510912418365479e-02	3.335765704486434117e-03
2.930495911634761530e+00	3.280360996723175049e-02	3.304352649692581835e-03
2.948569375624708666e+00	3.272545710206031799e-02	3.283972835782496182e-03
2.966642839614655802e+00	3.285396844148635864e-02	3.274829100788284337e-03
2.984716303604602938e+00	3.271652385592460632e-02	3.253556137471192745e-03
3.002789767594550074e+00	3.266706690192222595e-02	3.236842244458374308e-03
3.020863231584497210e+00	3.259129449725151062e-02	3.219836649412249462e-03
3.038936695574444347e+00	3.250401839613914490e-02	3.202955537124320233e-03
3.057010159564391483e+00	3.240625560283660889e-02	3.185360092573442329e-03
3.075083623554338175e+00	3.244631737470626831e-02	3.175298219794225798e-03
3.093157087544285311e+00	3.226318955421447754e-02	3.153348641205561999e-03
3.111230551534232447e+00	3.221505507826805115e-02	3.139370295852093960e-03
3.129304015524179583e+00	3.212976455688476562e-02	3.123896530753118243e-03
3.147377479514126719e+00	3.224622458219528198e-02	3.118536698364066540e-03
3.165450943504073855e+00	3.204865753650665283e-02	3.097728710247693237e-03
3.183524407494020991e+00	3.180369362235069275e-02	3.074997641582202183e-03
3.201597871483967683e+00	3.191174566745758057e-02	3.069533267893921613e-03
3.219671335473914819e+00	3.179704397916793823e-02	3.053584004718015721e-03
3.237744799463861956e+00	3.163357824087142944e-02	3.035371477321819039e-03
3.255818263453809092e+00	3.148220852017402649e-02	3.017977722289094233e-03
3.273891727443756228e+00	3.142353519797325134e-02	3.004907003400300678e-03
3.291965191433703364e+00	3.139226138591766357e-02	2.994126774987080752e-03
3.310038655423650500e+00	3.129991888999938965e-02	2.979589935799476907e-03
3.328112119413597192e+00	3.128806501626968384e-02	2.970048029964026792e-03
3.346185583403544328e+00	3.119622170925140381e-02	2.956109915567949747e-03
3.364259047393491464e+00	3.079104982316493988e-02	2.962247656136807530e-03
3.382332511383438600e+00	3.071759082376956940e-02	2.973324983711568212e-03
3.400405975373385736e+00	3.079279884696006775e-02	2.986679634360352772e-03
3.418479439363332872e+00	3.058237768709659576e-02	2.982734081836938608e-03
3.436552903353280009e+00	3.027288615703582764e-02	2.972079627350300915e-03
3.454626367343226701e+00	3.015425615012645721e-02	2.969291970429461820e-03
3.472699831333173837e+00	3.005496226251125336e-02	2.966239812143143390e-03
3.490773295323120973e+00	2.994782105088233948e-02	2.962063879866530351e-03
3.508846759313068109e+00	2.974162064492702484e-02	2.952450417274592610e-03
3.526920223303015245e+00	2.953394688665866852e-02	2.911623500219431750e-03
3.544993687292962381e+00	2.951731346547603607e-02	2.883040244046035459e-03
3.563067151282909517e+00	2.950074896216392517e-02	2.862452862436648711e-03
3.581140615272856209e+00	2.903624996542930603e-02	2.823457459911082011e-03
3.599214079262803345e+00	2.884776145219802856e-02	2.800368045586947539e-03
3.617287543252750481e+00	2.874955162405967712e-02	2.782986394885429357e-03
3.635361007242697617e+00	2.850972488522529602e-02	2.759467679566517465e-03
3.653434471232644754e+00	2.844463661313056946e-02	2.745396426733954804e-03
3.671507935222591890e+00	2.814573980867862701e-02	2.720465376249214112e-03
3.689581399212539026e+00	2.801028825342655182e-02	2.703894717838744698e-03
3.707654863202485718e+00	2.769805677235126495e-02	2.678806959375145454e-03
3.725728327192432854e+00	2.762989327311515808e-02	2.666589628651961242e-03
3.743801791182379990e+00	2.714299410581588745e-02	2.633609458454179431e-03
3.761875255172327126e+00	2.676824480295181274e-02	2.606342482040661501e-03
3.779948719162274262e+00	2.684964425861835480e-02	2.602382044879157988e-03
3.798022183152221398e+00	2.661832608282566071e-02	2.582419762277787627e-03
3.816095647142168534e+00	2.634932100772857666e-02	2.561360835028526298e-03
3.834169111132115226e+00	2.602900564670562744e-02	2.537666556331069807e-03
3.852242575122062362e+00	2.563778869807720184e-02	2.510261598012294808e-03
3.870316039112009499e+00	2.562384307384490967e-02	2.502501806142835936e-03
3.888389503101956635e+00	2.526704967021942139e-02	2.477345142330646989e-03
3.906462967091903771e+00	2.521956525743007660e-02	2.467590879916864172e-03
3.924536431081850907e+00	2.490795403718948364e-02	2.445472605619342186e-03
3.942609895071798043e+00	2.453540824353694916e-02	2.419494237494854410e-03
3.960683359061744735e+00	2.430567517876625061e-02	2.400903603104089477e-03
3.978756823051691871e+00	2.415427938103675842e-02	2.386861624694480710e-03
3.996830287041639007e+00	2.381314150989055634e-02	2.363096028460921413e-03
4.014903751031586587e+00	2.358497679233551025e-02	2.345112263109320246e-03
4.032977215021533723e+00	2.312874607741832733e-02	2.315521126764679121e-03
4.051050679011480860e+00	2.298750542104244232e-02	2.302379261347346773e-03
4.069124143001427996e+00	2.267662994563579559e-02	2.280739104454642795e-03
4.087197606991374244e+00	2.235472761094570160e-02	2.258659532252595397e-03
4.105271070981321380e+00	2.234625816345214844e-02	2.252310919272028714e-03
4.123344534971268516e+00	2.197445929050445557e-02	2.227498477282177820e-03
4.141417998961215652e+00	2.173379622399806976e-02	2.209465917183718164e-03
4.159491462951162788e+00	2.125224843621253967e-02	2.178949343835825166e-03
4.177564926941109924e+00	2.138919942080974579e-02	2.180523007395927370e-03
4.195638390931057060e+00	2.087402530014514923e-02	2.148228807190860016e-03
4.213711854921004196e+00	2.066767215728759766e-02	2.132174421085537234e-03
4.231785318910951332e+00	2.034446969628334045e-02	2.109925148315336483e-03
4.249858782900898468e+00	2.012887969613075256e-02	2.093250735615892911e-03
4.267932246890845605e+00	1.983007229864597321e-02	2.072438967139103843e-03
4.286005710880792741e+00	1.972359977662563324e-02	2.062135082030851392e-03
4.304079174870739877e+00	1.944271102547645569e-02	2.041747850101722529e-03
4.322152638860687013e+00	1.917240954935550690e-02	2.022372823996925958e-03
4.340226102850634149e+00	1.892844960093498230e-02	2.004354226201791964e-03
4.358299566840581285e+00	1.891183666884899139e-02	1.998722177354692649e-03
4.376373030830528421e+00	1.858849450945854187e-02	1.976511922113542014e-03
4.394446494820475557e+00	1.831914484500885010e-02	1.957252997756311202e-03
4.412519958810421805e+00	1.802851818501949310e-02	1.936834584263973699e-03
4.430593422800368941e+00	1.773368753492832184e-02	1.916079582626776905e-03
4.448666886790316077e+00	1.749505102634429932e-02	1.917230929207208376e-03
4.466740350780263213e+00	1.749317534267902374e-02	1.929399803418149545e-03
4.484813814770210350e+00	1.732501015067100525e-02	1.925022009908399813e-03
4.502887278760157486e+00	1.701040193438529968e-02	1.907401738116346664e-03
4.520960742750104622e+00	1.671537011861801147e-02	1.892572247248041403e-03
4.539034206740051758e+00	1.656878367066383362e-02	1.886411370988999017e-03
4.557107670729998894e+00	1.658106967806816101e-02	1.888916605511467605e-03
4.575181134719946030e+00	1.645638607442378998e-02	1.883004956942448647e-03
4.593254598709893166e+00	1.618902571499347687e-02	1.868181260582629268e-03
4.611328062699840302e+00	1.609965227544307709e-02	1.863603065199086715e-03
4.629401526689787438e+00	1.592284999787807465e-02	1.852489068466745426e-03
4.647474990679734574e+00	1.565269380807876587e-02	1.834070390791317420e-03
4.665548454669680822e+00	1.556738745421171188e-02	1.826688272949403237e-03
4.683621918659627958e+00	1.535233855247497559e-02	1.813027615217831581e-03
4.701695382649575095e+00	1.530152838677167892e-02	1.809485319174001031e-03
4.719768846639522231e+00	1.526092085987329483e-02	1.807818880459137337e-03
4.737842310629469367e+00	1.495622284710407257e-02	1.809602823973271339e-03
4.755915774619416503e+00	1.474614441394805908e-02	1.810060468758489544e-03
4.773989238609363639e+00	1.484796777367591858e-02	1.826707344393114184e-03
4.792062702599310775e+00	1.451427489519119263e-02	1.813914416785607784e-03
4.810136166589257911e+00	1.466831099241971970e-02	1.830852047806114102e-03
4.828209630579205047e+00	1.444992143660783768e-02	1.823355302464842046e-03
4.846283094569152183e+00	1.442466862499713898e-02	1.827572836435717527e-03
4.864356558559099319e+00	1.427406445145606995e-02	1.823704353484305405e-03
4.882430022549046456e+00	1.419341750442981720e-02	1.836828071487180310e-03
4.900503486538993592e+00	1.405646279454231262e-02	1.844943671278111803e-03
4.918576950528940728e+00	1.397190801799297333e-02	1.853899401038754721e-03
4.936650414518886976e+00	1.386245060712099075e-02	1.866007629294111868e-03
4.954723878508834112e+00	1.373373623937368393e-02	1.880921756860749012e-03
4.972797342498781248e+00	1.368375960737466812e-02	1.896023355714787422e-03
4.990870806488728384e+00	1.375603489577770233e-02	1.913802459413218660e-03
5.008944270478675520e+00	1.378160808235406876e-02	1.925511129192598869e-03
5.027017734468622656e+00	1.373310480266809464e-02	1.931749739902977828e-03
5.045091198458569792e+00	1.346364151686429977e-02	1.920912651391137958e-03
5.063164662448516928e+00	1.339093502610921860e-02	1.923377231886386598e-03
5.081238126438464064e+00	1.338105462491512299e-02	1.929854145875306353e-03
5.099311590428411201e+00	1.339893229305744171e-02	1.968323013764111066e-03
5.117385054418358337e+00	1.342308707535266876e-02	2.005111046715606603e-03
5.135458518408305473e+00	1.324533578008413315e-02	2.010754426666783515e-03
5.153531982398252609e+00	1.337127480655908585e-02	2.034186188484966244e-03
5.171605446388199745e+00	1.319217961281538010e-02	2.034370246656075961e-03
5.189678910378145993e+00	1.323424465954303741e-02	2.049545049559774526e-03
5.207752374368093129e+00	1.318584568798542023e-02	2.056719381600641532e-03
5.225825838358040265e+00	1.308351010084152222e-02	2.058919088713050127e-03
5.243899302347987401e+00	1.325437705963850021e-02	2.082296795643688928e-03
5.261972766337934537e+00	1.295857038348913193e-02	2.064617018101156352e-03
5.280046230327881673e+00	1.307060010731220245e-02	2.077884518528146096e-03
5.298119694317828809e+00	1.316356193274259567e-02	2.090971069018717019e-03
5.316193158307775946e+00	1.303579472005367279e-02	2.088797565882164354e-03
5.334266622297723082e+00	1.311038527637720108e-02	2.102807853692741872e-03
5.352340086287670218e+00	1.315386500209569931e-02	2.114236742808917914e-03
5.370413550277617354e+00	1.305532082915306091e-02	2.113868962189850882e-03
5.388487014267564490e+00	1.311364024877548218e-02	2.125834083419652753e-03
5.406560478257511626e+00	1.309285033494234085e-02	2.160202882282216859e-03
5.424633942247458762e+00	1.292246859520673752e-02	2.193463357225371342e-03
5.442707406237405010e+00	1.307893730700016022e-02	2.242004970607651675e-03
5.460780870227352146e+00	1.332123391330242157e-02	2.294002299312423217e-03
5.478854334217299282e+00	1.305434666574001312e-02	2.298948932443820817e-03
5.496927798207246418e+00	1.293540466576814651e-02	2.315218049537961370e-03
5.515001262197193554e+00	1.302160508930683136e-02	2.349123883505559347e-03
5.533074726187140691e+00	1.317629683762788773e-02	2.388820248966701254e-03
5.551148190177087827e+00	1.331876590847969055e-02	2.426506287746013363e-03
5.569221654167034963e+00	1.319407299160957336e-02	2.436434083100953111e-03
5.587295118156982099e+00	1.300155185163021088e-02	2.438773269666647068e-03
5.605368582146929235e+00	1.313828863203525543e-02	2.471919659042753903e-03
5.623442046136876371e+00	1.311799604445695877e-02	2.489882587179305298e-03
5.641515510126823507e+00	1.296125259250402451e-02	2.494408942672027719e-03
5.659588974116770643e+00	1.316709071397781372e-02	2.536196142559880677e-03
5.677662438106717779e+00	1.317179389297962189e-02	2.560712243024755412e-03
5.695735902096664027e+00	1.319498941302299500e-02	2.587377571583404385e-03
5.713809366086611163e+00	1.340075954794883728e-02	2.633008041758911049e-03
5.731882830076558299e+00	1.323314756155014038e-02	2.640101808256178299e-03
5.749956294066505436e+00	1.334071345627307892e-02	2.672265984113741076e-03
5.768029758056452572e+00	1.339478977024555206e-02	2.696651188816387001e-03
5.786103222046399708e+00	1.335148327052593231e-02	2.711172553168819752e-03
5.804176686036346844e+00	1.335119921714067459e-02	2.730377830984032431e-03
5.822250150026293980e+00	1.336334273219108582e-02	2.752984291182564158e-03
5.840323614016241116e+00	1.334301289170980453e-02	2.776448538348673303e-03
5.858397078006188252e+00	1.329641882330179214e-02	2.797786129896297300e-03
5.876470541996135388e+00	1.340183056890964508e-02	2.835487326777553184e-03
5.894544005986082524e+00	1.350680366158485413e-02	2.873835707690518965e-03
5.912617469976029660e+00	1.340032182633876801e-02	2.889788563374351416e-03
5.930690933965976797e+00	1.352136954665184021e-02	2.931132411743385836e-03
5.948764397955923933e+00	1.343431696295738220e-02	2.950040147115851746e-03
5.966837861945870181e+00	1.349695120006799698e-02	2.985954171428288964e-03
5.984911325935817317e+00	1.356199197471141815e-02	3.023087927367894539e-03
6.002984789925764453e+00	1.340674050152301788e-02	3.035536911994433668e-03
6.021058253915711589e+00	1.340826787054538727e-02	3.066585505405441600e-03
6.039131717905658725e+00	1.336921844631433487e-02	3.093261048841089086e-03
6.057205181895605861e+00	1.356081105768680573e-02	3.149062785536235667e-03
6.075278645885552997e+00	1.336009148508310318e-02	3.156983590483675335e-03
6.093352109875500133e+00	1.333162654191255569e-02	3.180039216723616006e-03
6.111425573865447269e+00	1.336734928190708160e-02	3.209017269189204987e-03
6.129499037855394405e+00	1.376179140061140060e-02	3.281908212807927577e-03
6.147572501845341542e+00	1.355319749563932419e-02	3.281936205860762519e-03
6.165645965835288678e+00	1.362905744463205338e-02	3.318751600761033361e-03
6.183719429825235814e+00	1.385787967592477798e-02	3.379762733386208664e-03
6.201792893815182950e+00	1.365649793297052383e-02	3.392443694066757387e-03
6.219866357805129198e+00	1.364191621541976929e-02	3.429200433145202301e-03
6.237939821795076334e+00	1.355650275945663452e-02	3.458134645177394877e-03
6.256013285785023470e+00	1.359238289296627045e-02	3.503819118510931134e-03
6.274086749774970606e+00	1.363831199705600739e-02	3.551904418306443129e-03
6.292160213764917742e+00	1.366497669368982315e-02	3.600562442316722171e-03
6.310233677754864878e+00	1.362407393753528595e-02	3.638657732700630639e-03
6.328307141744812014e+00	1.388911902904510498e-02	3.720705015727126998e-03
6.346380605734759150e+00	1.376188267022371292e-02	3.751867873382322069e-03
6.364454069724706287e+00	1.377351954579353333e-02	3.803129635816078751e-03
6.382527533714653423e+00	1.364946179091930389e-02	3.837193527772987233e-03
6.400600997704600559e+00	1.379634719341993332e-02	3.911669559804297099e-03
6.418674461694547695e+00	1.387541461735963821e-02	3.978478764020153269e-03
6.436747925684494831e+00	1.375431939959526062e-02	4.018592253256478807e-03
6.454821389674441967e+00	1.361062191426753998e-02	4.056957102301069450e-03
6.472894853664388215e+00	1.397037785500288010e-02	4.173691510791674789e-03
6.490968317654335351e+00	1.386932376772165298e-02	4.227654080685859864e-03
6.509041781644282487e+00	1.395765226334333420e-02	4.307777185314391917e-03
6.527115245634229623e+00	1.358850765973329544e-02	4.318723747671819428e-03
6.545188709624176759e+00	1.379923708736896515e-02	4.427593818057894495e-03
6.563262173614123896e+00	1.385273598134517670e-02	4.520167719374990414e-03
6.581335637604071032e+00	1.376459840685129166e-02	4.582285739909175773e-03
6.599409101594018168e+00	1.378115359693765640e-02	4.671074409142803724e-03
6.617482565583965304e+00	1.374897733330726624e-02	4.757406611083163719e-03
6.635556029573912440e+00	1.344668865203857422e-02	4.799468451864334455e-03
6.653629493563859576e+00	1.396640948951244354e-02	4.995198456691764440e-03
6.671702957553806712e+00	1.416036114096641541e-02	5.140592382102039497e-03
6.689776421543753848e+00	1.375625841319561005e-02	5.181966791698294252e-03
6.707849885533700984e+00	1.417342852801084518e-02	5.385671685921350829e-03
6.725923349523647232e+00	1.352684758603572845e-02	5.392986697123270355e-03
6.743996813513594368e+00	1.370878610759973526e-02	5.571178858481694134e-03
6.762070277503541504e+00	1.405803393572568893e-02	5.797886705974608125e-03
6.780143741493488641e+00	1.408390421420335770e-02	5.973334860369627387e-03
6.798217205483435777e+00	1.399528142064809799e-02	6.138224025754364203e-03
6.816290669473382913e+00	1.340124290436506271e-02	6.235415707323556725e-03
6.834364133463330049e+00	1.325777731835842133e-02	6.498578111564672077e-03
6.852437597453277185e+00	1.329367887228727341e-02	6.841506800002573538e-03
6.870511061443224321e+00	1.374733261764049530e-02	7.444520401533732956e-03
6.888584525433171457e+00	1.410915143787860870e-02	7.922665329585843602e-03
6.906657989423118593e+00	1.416834909468889236e-02	8.227529958485317943e-03
6.924731453413065729e+00	1.362115330994129181e-02	8.306960742041753082e-03
6.942804917403012865e+00	1.399866584688425064e-02	8.597554915783412952e-03
6.960878381392960002e+00	1.431398093700408936e-02	8.881524507618029224e-03
6.978951845382906249e+00	1.408202573657035828e-02	9.008776130662627876e-03
6.997025309372853386e+00	1.362015865743160248e-02	9.067954563175504093e-03
7.015098773362800522e+00	1.409635320305824280e-02	9.452020264580730802e-03
7.033172237352747658e+00	1.464149542152881622e-02	9.881525156158810219e-03
7.051245701342694794e+00	1.396844815462827682e-02	9.928342427191556158e-03
7.069319165332641930e+00	1.509056147187948227e-02	1.062772916884496127e-02
7.087392629322589066e+00	1.370189152657985687e-02	1.040611736285643359e-02
7.105466093312536202e+00	1.335222553461790085e-02	1.060097469458045477e-02
7.123539557302483338e+00	1.378092169761657715e-02	1.114501278794691533e-02
7.141613021292430474e+00	1.357567310333251953e-02	1.146637641746426489e-02
7.159686485282377610e+00	1.380506902933120728e-02	1.201831734894216047e-02
7.177759949272324747e+00	1.362241990864276886e-02	1.245732720953883661e-02
7.195833413262271883e+00	1.420457009226083755e-02	1.332024286238709179e-02
7.213906877252219019e+00	1.466598268598318100e-02	1.422973569641233782e-02
7.231980341242166155e+00	1.420371793210506439e-02	1.481079897003721897e-02
7.250053805232112403e+00	1.384323555976152420e-02	1.557362640935924109e-02
7.268127269222059539e+00	1.485450193285942078e-02	1.732368567340669338e-02
7.286200733212006675e+00	1.443549059331417084e-02	1.857348586746412900e-02
7.304274197201953811e+00	1.255302317440509796e-02	1.917481206360982168e-02
7.322347661191900947e+00	1.440514717251062393e-02	2.326929646722346312e-02
7.340421125181848083e+00	1.413028407841920853e-02	2.730318860319685265e-02
7.358494589171795219e+00	1.214308850467205048e-02	3.264520726131431294e-02
7.376568053161742355e+00	1.366095431149005890e-02	5.918342303199513460e-02
