# Normalized	7000.0 eV	232
# q	I	Poisson error
# nm-1	cm-1	cm-1
1.289189696504384197e-01	4.436768054962158203e+00	5.265427181209140217e-01
1.430183876667701914e-01	4.116505622863769531e+00	2.800427174603855596e-01
1.571178056831019632e-01	3.834318637847900391e+00	2.099650302289184645e-01
1.712172236994337071e-01	3.597098827362060547e+00	1.730921932596605761e-01
1.853166417157655066e-01	3.371287107467651367e+00	1.457210789263601869e-01
1.994160597320972506e-01	3.204330444335937500e+00	1.256133887536825255e-01
2.135154777484290223e-01	3.084234714508056641e+00	1.111361364624071230e-01
2.276148957647607940e-01	2.958512306213378906e+00	1.085432908072954117e-01
2.417143137810925657e-01	2.878552436828613281e+00	1.057147671592172239e-01
2.558137317974243374e-01	2.800763607025146484e+00	1.029506735008671875e-01
2.699131498137561369e-01	2.746399641036987305e+00	1.012096047603811277e-01
2.840125678300878809e-01	2.708704471588134766e+00	9.761886180199677576e-02
2.981119858464196248e-01	2.673997640609741211e+00	9.169273625490961810e-02
3.122114038627513688e-01	2.663537979125976562e+00	8.825404012145378341e-02
3.263108218790831683e-01	2.653764247894287109e+00	8.548517943964017984e-02
3.404102398954149677e-01	2.661370038986206055e+00	8.311550416601379276e-02
3.545096579117467117e-01	2.681798458099365234e+00	8.131874715373869911e-02
3.686090759280784557e-01	2.716838598251342773e+00	8.019628788401531039e-02
3.827084939444102551e-01	2.752446651458740234e+00	7.917132686176361900e-02
3.968079119607419991e-01	2.807600498199462891e+00	7.857660061686923270e-02
4.109073299770737986e-01	2.863212585449218750e+00	7.806512731396995919e-02
4.250067479934055426e-01	2.934041261672973633e+00	7.759584352594034451e-02
4.391061660097373420e-01	3.017495155334472656e+00	7.735264671287570004e-02
4.532055840260690860e-01	3.110192060470581055e+00	7.747146155355408292e-02
4.673050020424008300e-01	3.205914020538330078e+00	7.763857852926538128e-02
4.814044200587326294e-01	3.313501358032226562e+00	7.978540701448545713e-02
4.955038380750643734e-01	3.446990966796875000e+00	8.222428609160242763e-02
5.096032560913961174e-01	3.565337657928466797e+00	8.382466197976358446e-02
5.237026741077279723e-01	3.705599069595336914e+00	8.544577612393555732e-02
5.378020921240597163e-01	3.850931882858276367e+00	8.669772977482791132e-02
5.519015101403914603e-01	3.988200187683105469e+00	8.765546004484933706e-02
5.660009281567233153e-01	4.125039577484130859e+00	8.886942900450665872e-02
5.801003461730549482e-01	4.265487670898437500e+00	9.013528459818873073e-02
5.941997641893868032e-01	4.382470607757568359e+00	9.108817435517795047e-02
6.082991822057185471e-01	4.474447250366210938e+00	9.016725389031540749e-02
6.223986002220502911e-01	4.555148124694824219e+00	8.850133126492450153e-02
6.364980182383821461e-01	4.595807552337646484e+00	8.736293273052479769e-02
6.505974362547137790e-01	4.593303680419921875e+00	8.612881522542173429e-02
6.646968542710456340e-01	4.551325321197509766e+00	8.485476105729122809e-02
6.787962722873774890e-01	4.462889671325683594e+00	8.295055199915171706e-02
6.928956903037091219e-01	4.328709602355957031e+00	8.054889169362360046e-02
7.069951083200409769e-01	4.163977146148681641e+00	7.788576527670200422e-02
7.210945263363726099e-01	3.953866720199584961e+00	7.479957723444502493e-02
7.351939443527044649e-01	3.718634128570556641e+00	7.147013971291203693e-02
7.492933623690363198e-01	3.464943647384643555e+00	6.794412764857228615e-02
7.633927803853679528e-01	3.200452327728271484e+00	6.430654835834641314e-02
7.774921984016998078e-01	2.940794944763183594e+00	6.069322478926336001e-02
7.915916164180314407e-01	2.670611381530761719e+00	5.693899507223364881e-02
8.056910344343632957e-01	2.423059463500976562e+00	5.341566928518255708e-02
8.197904524506951507e-01	2.184365034103393555e+00	4.993952847466346517e-02
8.338898704670267836e-01	1.960500955581665039e+00	4.659805692172856728e-02
8.479892884833586386e-01	1.760925769805908203e+00	4.351029886743317671e-02
8.620887064996902716e-01	1.575730085372924805e+00	4.054698764672291095e-02
8.761881245160221265e-01	1.407150149345397949e+00	3.778561955105535358e-02
8.902875425323539815e-01	1.259155154228210449e+00	3.525265252476784961e-02
9.043869605486856145e-01	1.123052716255187988e+00	3.283657479490923597e-02
9.184863785650174695e-01	1.003042817115783691e+00	3.063249301900566532e-02
9.325857965813491024e-01	8.963217139244079590e-01	2.858731496372570596e-02
9.466852145976809574e-01	8.015787005424499512e-01	2.669785177537649032e-02
9.607846326140128124e-01	7.166519165039062500e-01	2.493853035655873088e-02
9.748840506303444453e-01	6.422638297080993652e-01	2.333481875045085099e-02
9.889834686466763003e-01	5.761053562164306641e-01	2.186282089718729477e-02
1.003082886663008155e+00	5.165960788726806641e-01	2.049725668041456339e-02
1.017182304679339788e+00	4.645468592643737793e-01	1.959835446667706343e-02
1.031281722695671643e+00	4.190376996994018555e-01	1.866975716243990738e-02
1.045381140712003276e+00	3.785251677036285400e-01	1.767099257310499744e-02
1.059480558728335131e+00	3.411958217620849609e-01	1.671516472801818504e-02
1.073579976744666986e+00	3.076587915420532227e-01	1.582032071066880735e-02
1.087679394760998619e+00	2.796235382556915283e-01	1.502987577141329245e-02
1.101778812777330474e+00	2.537222802639007568e-01	1.426362234874194862e-02
1.115878230793662107e+00	2.311191856861114502e-01	1.356318139775248080e-02
1.129977648809993962e+00	2.110247611999511719e-01	1.291222055459899723e-02
1.144077066826325817e+00	1.930821686983108521e-01	1.208636327115978487e-02
1.158176484842657450e+00	1.776389628648757935e-01	1.135743606932428096e-02
1.172275902858989305e+00	1.640456020832061768e-01	1.080043462483804527e-02
1.186375320875321160e+00	1.522195637226104736e-01	1.032194838895996412e-02
1.200474738891652793e+00	1.419868320226669312e-01	9.900951365303400226e-03
1.214574156907984648e+00	1.332601457834243774e-01	9.530916690670280036e-03
1.228673574924316503e+00	1.254236698150634766e-01	9.193267803751903333e-03
1.242772992940648136e+00	1.189129054546356201e-01	8.900369221251822408e-03
1.256872410956979991e+00	1.136434748768806458e-01	8.653365482594736410e-03
1.270971828973311624e+00	1.089236363768577576e-01	8.427851335698996471e-03
1.285071246989643479e+00	1.053764671087265015e-01	8.250246220699933297e-03
1.299170665005975334e+00	1.023273691534996033e-01	8.091059950644657883e-03
1.313270083022306967e+00	9.964755177497863770e-02	7.946374770588253769e-03
1.327369501038638822e+00	9.704670310020446777e-02	7.807430876969079572e-03
1.341468919054970454e+00	9.562081843614578247e-02	7.715362750799667144e-03
1.355568337071302309e+00	9.375568479299545288e-02	7.595937617865955969e-03
1.369667755087634164e+00	9.219238162040710449e-02	7.480554558756552681e-03
1.383767173103965797e+00	9.047946333885192871e-02	7.342171886533053332e-03
1.397866591120297652e+00	8.880328387022018433e-02	7.198281653090225080e-03
1.411966009136629285e+00	8.697663247585296631e-02	7.053015042751660871e-03
1.426065427152961140e+00	8.505882322788238525e-02	6.913098258383770442e-03
1.440164845169292995e+00	8.315082639455795288e-02	6.775931544388619047e-03
1.454264263185624628e+00	8.072965592145919800e-02	6.620925401048170962e-03
1.468363681201956483e+00	7.860308140516281128e-02	6.474264903820508427e-03
1.482463099218288116e+00	7.605846226215362549e-02	6.312929135911596323e-03
1.496562517234619971e+00	7.354289293289184570e-02	6.156259709923716031e-03
1.510661935250951826e+00	7.118498533964157104e-02	6.010427750830806860e-03
1.524761353267283459e+00	6.882791221141815186e-02	5.872154073053650891e-03
1.538860771283615314e+00	6.645064800977706909e-02	5.736806754778474640e-03
1.552960189299947169e+00	6.446044147014617920e-02	5.619057101870818423e-03
1.567059607316278802e+00	6.205372512340545654e-02	5.483739986565795699e-03
1.581159025332610657e+00	6.007897853851318359e-02	5.364940100750086559e-03
1.595258443348942290e+00	5.784077942371368408e-02	5.234891572902691630e-03
1.609357861365274145e+00	5.594035238027572632e-02	5.120691636957950925e-03
1.623457279381606000e+00	5.412309616804122925e-02	5.011044896024932291e-03
1.637556697397937633e+00	5.229974165558815002e-02	4.899799762033442245e-03
1.651656115414269488e+00	5.041620507836341858e-02	4.785147092537201004e-03
1.665755533430601121e+00	4.885848984122276306e-02	4.686419077828837820e-03
1.679854951446932976e+00	4.710669070482254028e-02	4.578465013964612765e-03
1.693954369463264831e+00	4.573897272348403931e-02	4.489042586772224071e-03
1.708053787479596464e+00	4.428095743060112000e-02	4.395580013107674294e-03
1.722153205495928319e+00	4.286089912056922913e-02	4.303145197925900035e-03
1.736252623512259952e+00	4.176431894302368164e-02	4.228273224229149412e-03
1.750352041528591807e+00	4.039289429783821106e-02	4.137711652960754556e-03
1.764451459544923662e+00	3.937105461955070496e-02	4.066768329677550135e-03
1.778550877561255295e+00	3.834679722785949707e-02	3.994389048587933255e-03
1.792650295577587150e+00	3.705287352204322815e-02	3.908367017430336952e-03
1.806749713593919004e+00	3.618770837783813477e-02	3.844674420682673340e-03
1.820849131610250637e+00	3.535777702927589417e-02	3.783804901316660616e-03
1.834948549626582492e+00	3.431715071201324463e-02	3.711118593270688014e-03
1.849047967642914125e+00	3.353554755449295044e-02	3.652652325804914019e-03
1.863147385659245980e+00	3.277561813592910767e-02	3.595050998852372583e-03
1.877246803675577835e+00	3.185961395502090454e-02	3.528224754521003780e-03
1.891346221691909468e+00	3.107411600649356842e-02	3.469975698236526900e-03
1.905445639708241323e+00	3.033731132745742798e-02	3.413708775236383875e-03
1.919545057724572956e+00	2.979418449103832245e-02	3.369286805127660704e-03
1.933644475740904811e+00	2.902598865330219269e-02	3.311304423193372863e-03
1.947743893757236666e+00	2.835803106427192688e-02	3.259663237944437908e-03
1.961843311773568299e+00	2.758387848734855652e-02	3.201520246105297833e-03
1.975942729789900154e+00	2.712269686162471771e-02	3.161698377992666793e-03
1.990042147806231787e+00	2.667342312633991241e-02	3.123022811349979860e-03
2.004141565822563642e+00	2.624949440360069275e-02	3.085990857561200697e-03
2.018240983838895275e+00	2.571228332817554474e-02	3.038386344104075654e-03
2.032340401855226908e+00	2.503989823162555695e-02	2.983829305533450011e-03
2.046439819871558985e+00	2.470054663717746735e-02	2.952006975050496147e-03
2.060539237887890618e+00	2.434987388551235199e-02	2.919807820316359936e-03
2.074638655904222251e+00	2.386942692101001740e-02	2.879814840033266109e-03
2.088738073920554328e+00	2.362549863755702972e-02	2.875952943576710451e-03
2.102837491936885961e+00	2.326754294335842133e-02	2.878700943913558088e-03
2.116936909953217594e+00	2.297936007380485535e-02	2.869907538704581911e-03
2.131036327969549227e+00	2.258988469839096069e-02	2.851792661956174899e-03
2.145135745985881304e+00	2.250668220221996307e-02	2.851373140428574947e-03
2.159235164002212937e+00	2.196319587528705597e-02	2.819632104938474444e-03
2.173334582018544570e+00	2.179937250912189484e-02	2.810514525585979320e-03
2.187434000034876203e+00	2.159868367016315460e-02	2.798930442203536630e-03
2.201533418051208280e+00	2.135418914258480072e-02	2.783109853353194722e-03
2.215632836067539913e+00	2.114900015294551849e-02	2.752697288789744418e-03
2.229732254083871545e+00	2.093280106782913208e-02	2.699970967642695025e-03
2.243831672100203622e+00	2.073012106120586395e-02	2.666213608423373058e-03
2.257931090116535255e+00	2.054202370345592499e-02	2.635692382801719819e-03
2.272030508132866888e+00	2.032757177948951721e-02	2.606400072115601721e-03
2.286129926149198965e+00	2.031550183892250061e-02	2.591954951015863762e-03
2.300229344165530598e+00	2.014504745602607727e-02	2.567998414377194605e-03
2.314328762181862231e+00	1.993348076939582825e-02	2.541915898176775202e-03
2.328428180198194308e+00	1.973763667047023773e-02	2.518062664641859075e-03
2.342527598214525941e+00	1.957699656486511230e-02	2.496584351159594501e-03
2.356627016230857574e+00	1.956651546061038971e-02	2.485709670315363988e-03
2.370726434247189207e+00	1.932973600924015045e-02	2.460686900319024317e-03
2.384825852263521284e+00	1.926944591104984283e-02	2.447007158783650032e-03
2.398925270279852917e+00	1.920045912265777588e-02	2.433232450393224468e-03
2.413024688296184550e+00	1.916668377816677094e-02	2.421220877650487845e-03
2.427124106312516627e+00	1.892907917499542236e-02	2.396970705908825321e-03
2.441223524328848260e+00	1.885527931153774261e-02	2.383604445731577186e-03
2.455322942345179893e+00	1.873048208653926849e-02	2.367020913561667349e-03
2.469422360361511970e+00	1.854147389531135559e-02	2.346424193785156924e-03
2.483521778377843603e+00	1.852517016232013702e-02	2.337309718209422578e-03
2.497621196394175236e+00	1.854902505874633789e-02	2.330598054781817235e-03
2.511720614410506869e+00	1.844315417110919952e-02	2.315958360204479864e-03
2.525820032426838946e+00	1.836676150560379028e-02	2.303318298003398379e-03
2.539919450443170579e+00	1.824163831770420074e-02	2.287724419303097112e-03
2.554018868459502212e+00	1.808807626366615295e-02	2.270135079646763959e-03
2.568118286475834289e+00	1.809009537100791931e-02	2.263245750627391941e-03
2.582217704492165922e+00	1.794224977493286133e-02	2.246191682023401109e-03
2.596317122508497555e+00	1.772110722959041595e-02	2.225252039929349803e-03
2.610416540524829632e+00	1.761465147137641907e-02	2.211300746632845638e-03
2.624515958541161265e+00	1.787832006812095642e-02	2.247902324311358557e-03
2.638615376557492898e+00	1.755913160741329193e-02	2.238419574106702455e-03
2.652714794573824975e+00	1.741889305412769318e-02	2.236503061599368330e-03
2.666814212590156608e+00	1.750416308641433716e-02	2.247039856635186118e-03
2.680913630606488240e+00	1.738407462835311890e-02	2.242838687655130791e-03
2.695013048622819873e+00	1.720329746603965759e-02	2.233305072111891644e-03
2.709112466639151950e+00	1.701507158577442169e-02	2.222270258282058215e-03
2.723211884655483583e+00	1.705480553209781647e-02	2.225863571308943530e-03
2.737311302671815216e+00	1.703899540007114410e-02	2.225461397295831409e-03
2.751410720688147293e+00	1.697350293397903442e-02	2.198165124610974071e-03
2.765510138704478926e+00	1.674809306859970093e-02	2.162308836582283855e-03
2.779609556720810559e+00	1.678094826638698578e-02	2.149573594717982001e-03
2.793708974737142636e+00	1.668837293982505798e-02	2.131539099939670692e-03
2.807808392753474269e+00	1.642027683556079865e-02	2.103659858687425329e-03
2.821907810769805902e+00	1.642673835158348083e-02	2.094644192574065308e-03
2.836007228786137535e+00	1.641896367073059082e-02	2.085346325480802974e-03
2.850106646802469612e+00	1.636913791298866272e-02	2.073889326821166251e-03
2.864206064818801245e+00	1.622858457267284393e-02	2.057106856576196210e-03
2.878305482835132878e+00	1.625669188797473907e-02	2.051426900276614399e-03
2.892404900851464955e+00	1.605538465082645416e-02	2.031109480519628120e-03
2.906504318867796588e+00	1.610388047993183136e-02	2.027499382050700419e-03
2.920603736884128221e+00	1.591089926660060883e-02	2.008333031320433826e-03
2.934703154900460298e+00	1.586528681218624115e-02	1.998805351231091720e-03
2.948802572916791931e+00	1.561987306922674179e-02	1.976824382518092144e-03
2.962901990933123564e+00	1.558212563395500183e-02	1.967926518673043801e-03
2.977001408949455641e+00	1.547559630125761032e-02	1.955186232875610539e-03
2.991100826965787274e+00	1.541508082300424576e-02	1.945369554121674071e-03
3.005200244982118907e+00	1.535435765981674194e-02	1.935436785016000352e-03
3.019299662998450540e+00	1.532565429806709290e-02	1.928126853133877621e-03
3.033399081014782617e+00	1.534586586058139801e-02	1.923797303617638720e-03
3.047498499031114250e+00	1.518659107387065887e-02	1.907849901702615442e-03
3.061597917047445883e+00	1.503014471381902695e-02	1.892781721713902680e-03
3.075697335063777960e+00	1.481990981847047806e-02	1.873646186706362906e-03
3.089796753080109593e+00	1.473092101514339447e-02	1.862479798143785656e-03
3.103896171096441226e+00	1.469360198825597763e-02	1.855104845746422329e-03
3.117995589112773303e+00	1.451456919312477112e-02	1.838506558389175561e-03
3.132095007129104935e+00	1.454135775566101074e-02	1.835255212235057049e-03
3.146194425145436568e+00	1.444841548800468445e-02	1.824331763619397315e-03
3.160293843161768645e+00	1.423496939241886139e-02	1.805879552736563585e-03
3.174393261178100278e+00	1.416697911918163300e-02	1.797019088757672179e-03
3.188492679194431911e+00	1.406804006546735764e-02	1.786288808037768665e-03
3.202592097210763544e+00	1.394543237984180450e-02	1.773647548613239413e-03
3.216691515227095621e+00	1.371598988771438599e-02	1.754308662200779884e-03
3.230790933243427254e+00	1.358130574226379395e-02	1.741140348797581708e-03
3.244890351259758887e+00	1.352212671190500259e-02	1.733035216105892687e-03
3.258989769276090964e+00	1.330510154366493225e-02	1.714345159377175017e-03
3.273089187292422597e+00	1.335289608687162399e-02	1.713307843350874013e-03
3.287188605308754230e+00	1.309637539088726044e-02	1.692314823436983414e-03
3.301288023325086307e+00	1.298741158097982407e-02	1.681028951543533196e-03
3.315387441341417940e+00	1.273132301867008209e-02	1.659886516248405960e-03
3.329486859357749573e+00	1.262931339442729950e-02	1.649217878424150390e-03
3.343586277374081206e+00	1.260285824537277222e-02	1.643776479559658048e-03
3.357685695390413283e+00	1.242996193468570709e-02	1.627986762792233127e-03
3.371785113406744916e+00	1.222098711878061295e-02	1.610126549401567344e-03
3.385884531423076549e+00	1.193804107606410980e-02	1.587169495853368167e-03
3.399983949439408626e+00	1.201649289578199387e-02	1.588715031858945696e-03
3.414083367455740259e+00	1.174778863787651062e-02	1.566786959022274054e-03
3.428182785472071892e+00	1.156234834343194962e-02	1.550500440312976630e-03
3.442282203488403969e+00	1.140001043677330017e-02	1.535800832502462725e-03
3.456381621504735602e+00	1.106153801083564758e-02	1.508820338474711059e-03
3.470481039521067235e+00	1.099531445652246475e-02	1.515610953251426063e-03
3.484580457537399312e+00	1.093927770853042603e-02	1.521371546967799923e-03
3.498679875553730945e+00	1.081272866576910019e-02	1.516422484858066366e-03
3.512779293570062578e+00	1.052010338753461838e-02	1.495618825104380210e-03
3.526878711586394211e+00	1.029195915907621384e-02	1.480686430059172023e-03
3.540978129602726288e+00	1.000858377665281296e-02	1.461584944832106363e-03
3.555077547619057921e+00	9.934246540069580078e-03	1.457429483250784761e-03
3.569176965635389553e+00	9.704833850264549255e-03	1.441228697427233496e-03
3.583276383651721630e+00	9.546087123453617096e-03	1.429840948548295179e-03
3.597375801668053263e+00	2.574108168482780457e-02	2.376979018692118150e-03
3.611475219684384896e+00	1.322952471673488617e-02	1.688900305144045788e-03
3.625574637700716973e+00	8.963622152805328369e-03	1.383041625297058708e-03
3.639674055717048606e+00	8.822490461170673370e-03	1.370204912015060995e-03
3.653773473733380239e+00	8.623305708169937134e-03	1.353825945568465665e-03
3.667872891749711872e+00	8.386769331991672516e-03	1.334448699355091647e-03
3.681972309766043949e+00	8.137340657413005829e-03	1.314683463895464010e-03
3.696071727782375582e+00	7.948593236505985260e-03	1.313887746043163789e-03
3.710171145798707215e+00	7.645927835255861282e-03	1.297914441613045667e-03
3.724270563815039292e+00	7.467741612344980240e-03	1.289743216810446645e-03
3.738369981831370925e+00	7.354484405368566513e-03	1.285655207942384146e-03
3.752469399847702558e+00	7.046388462185859680e-03	1.262961070180746792e-03
3.766568817864034635e+00	6.918563041836023331e-03	1.255744404960965196e-03
3.780668235880366268e+00	6.584984250366687775e-03	1.228585045876484389e-03
3.794767653896697901e+00	6.398714147508144379e-03	1.214766013520372041e-03
3.808867071913029978e+00	6.250137928873300552e-03	1.212573559464317748e-03
3.822966489929361611e+00	5.982606671750545502e-03	1.197170680140936631e-03
3.837065907945693244e+00	5.729836877435445786e-03	1.180619258782888287e-03
3.851165325962024877e+00	5.508122500032186508e-03	1.169551468049857129e-03
3.865264743978356954e+00	5.318460986018180847e-03	1.163760828521242293e-03
3.879364161994688587e+00	5.053750704973936081e-03	1.145362936272456078e-03
3.893463580011020220e+00	4.782370291650295258e-03	1.121292598720571463e-03
3.907562998027352297e+00	4.502595402300357819e-03	1.093271141549506100e-03
3.921662416043683930e+00	4.378615878522396088e-03	1.083414060504374506e-03
3.935761834060015563e+00	4.155631177127361298e-03	1.059906822117674717e-03
3.949861252076347640e+00	4.065707791596651077e-03	1.052523860035049124e-03
3.963960670092679273e+00	3.762198146432638168e-03	1.015875042644585630e-03
3.978060088109010906e+00	3.385806921869516373e-03	9.818861137200615360e-04
3.992159506125342538e+00	3.523433115333318710e-03	1.019760634420166338e-03
4.006258924141675060e+00	3.260173369199037552e-03	9.900829959313124477e-04
4.020358342158006693e+00	2.959757577627897263e-03	9.494164150557937894e-04
4.034457760174338325e+00	2.928071888163685799e-03	9.509079107086137409e-04
4.048557178190669958e+00	2.960618818178772926e-03	9.618450000370266061e-04
4.062656596207001591e+00	2.632836112752556801e-03	9.115018049736457913e-04
4.076756014223333224e+00	2.221667207777500153e-03	8.410133489398542717e-04
4.090855432239665745e+00	2.000626176595687866e-03	8.015678250625395476e-04
4.104954850255997378e+00	2.046321053057909012e-03	8.131427250044373327e-04
4.119054268272329011e+00	1.850685919634997845e-03	7.746188965604269491e-04
4.133153686288660644e+00	1.530739362351596355e-03	7.059660547489476001e-04
4.147253104304992277e+00	1.258957432582974434e-03	6.424113613607908583e-04
4.161352522321324798e+00	9.253178723156452179e-04	5.524273185257395045e-04
4.175451940337656431e+00	5.569347995333373547e-04	4.297538566089868718e-04
4.189551358353988064e+00	2.625686756800860167e-04	2.958391142999541564e-04
4.203650776370319697e+00	-1.413620921084657311e-04	nan
4.217750194386651330e+00	-3.512872499413788319e-04	nan
4.231849612402982963e+00	-5.660291644744575024e-04	nan
4.245949030419314596e+00	-9.356795344501733780e-04	nan
4.260048448435647117e+00	-1.195231568999588490e-03	nan
4.274147866451978750e+00	-1.602823846042156219e-03	nan
4.288247284468310383e+00	-1.797043718397617340e-03	nan
4.302346702484642016e+00	-2.221632516011595726e-03	nan
4.316446120500973649e+00	-2.579978900030255318e-03	nan
4.330545538517305282e+00	-2.813328523188829422e-03	nan
4.344644956533637803e+00	-2.889240393415093422e-03	nan
4.358744374549969436e+00	-3.114738967269659042e-03	nan
4.372843792566301069e+00	-3.375692525878548622e-03	nan
4.386943210582632702e+00	-3.677922533825039864e-03	nan
4.401042628598964335e+00	-3.866472514346241951e-03	nan
4.415142046615295968e+00	-4.009441472589969635e-03	nan
4.429241464631627601e+00	-4.067733883857727051e-03	nan
4.443340882647960122e+00	-4.469853825867176056e-03	nan
4.457440300664291755e+00	-4.717997740954160690e-03	nan
4.471539718680623388e+00	-4.795853979885578156e-03	nan
4.485639136696955021e+00	-4.971328191459178925e-03	nan
4.499738554713286653e+00	-5.238664802163839340e-03	nan
4.513837972729618286e+00	-5.396141670644283295e-03	nan
4.527937390745950808e+00	-5.463670473545789719e-03	nan
4.542036808762282440e+00	-5.641282536089420319e-03	nan
4.556136226778614073e+00	-5.706423427909612656e-03	nan
4.570235644794945706e+00	-5.796652752906084061e-03	nan
4.584335062811277339e+00	-5.832538474351167679e-03	nan
4.598434480827608972e+00	-6.131438072770833969e-03	nan
4.612533898843940605e+00	-6.167503539472818375e-03	nan
4.626633316860273126e+00	-6.272322963923215866e-03	nan
4.640732734876604759e+00	-6.488822866231203079e-03	nan
4.654832152892936392e+00	-6.151604466140270233e-03	nan
4.668931570909268025e+00	-6.432813126593828201e-03	nan
4.683030988925599658e+00	-6.492612417787313461e-03	nan
4.697130406941931291e+00	-6.628732196986675262e-03	nan
4.711229824958263812e+00	-6.544750649482011795e-03	nan
4.725329242974595445e+00	-6.735099479556083679e-03	nan
4.739428660990927078e+00	-6.975041236728429794e-03	nan
4.753528079007258711e+00	-6.918436381965875626e-03	nan
4.767627497023590344e+00	-6.825938820838928223e-03	nan
4.781726915039921977e+00	-6.965509150177240372e-03	nan
4.795826333056253610e+00	-6.970006041228771210e-03	nan
4.809925751072586131e+00	-6.933374796062707901e-03	nan
4.824025169088917764e+00	-7.138919085264205933e-03	nan
4.838124587105249397e+00	-7.219755556434392929e-03	nan
4.852224005121581030e+00	-7.250764872878789902e-03	nan
4.866323423137912663e+00	-7.000969722867012024e-03	nan
4.880422841154244296e+00	-7.122986484318971634e-03	nan
4.894522259170575929e+00	-7.090215571224689484e-03	nan
4.908621677186908450e+00	-6.918936502188444138e-03	nan
4.922721095203240083e+00	-7.025572936981916428e-03	nan
4.936820513219571716e+00	-7.240452338010072708e-03	nan
4.950919931235903348e+00	-7.165584713220596313e-03	nan
4.965019349252234981e+00	-6.948895286768674850e-03	nan
4.979118767268566614e+00	-6.780397146940231323e-03	nan
4.993218185284899135e+00	-7.068229373544454575e-03	nan
5.007317603301230768e+00	-7.049510255455970764e-03	nan
5.021417021317562401e+00	-7.012676447629928589e-03	nan
5.035516439333894034e+00	-7.011889014393091202e-03	nan
5.049615857350225667e+00	-7.052580360323190689e-03	nan
5.063715275366557300e+00	-7.136004976928234100e-03	nan
5.077814693382888933e+00	-6.863817106932401657e-03	nan
5.091914111399221454e+00	-7.132301107048988342e-03	nan
5.106013529415553087e+00	-6.717611569911241531e-03	nan
5.120112947431884720e+00	-6.650800351053476334e-03	nan
5.134212365448216353e+00	-6.449234206229448318e-03	nan
5.148311783464547986e+00	-6.505088880658149719e-03	nan
5.162411201480879619e+00	-6.375831551849842072e-03	nan
5.176510619497212140e+00	-6.564551033079624176e-03	nan
5.190610037513543773e+00	-6.484353449195623398e-03	nan
5.204709455529875406e+00	-6.517193280160427094e-03	nan
5.218808873546207039e+00	-6.637773942202329636e-03	nan
5.232908291562538672e+00	-6.539561320096254349e-03	nan
5.247007709578870305e+00	-6.208358332514762878e-03	nan
5.261107127595201938e+00	-6.230466533452272415e-03	nan
5.275206545611534459e+00	-5.979379173368215561e-03	nan
5.289305963627866092e+00	-6.307686679065227509e-03	nan
5.303405381644197725e+00	-6.124862935394048691e-03	nan
5.317504799660529358e+00	-6.062968634068965912e-03	nan
5.331604217676860991e+00	-5.660481750965118408e-03	nan
5.345703635693192624e+00	-5.568168126046657562e-03	nan
5.359803053709525145e+00	-5.873118992894887924e-03	nan
5.373902471725856778e+00	-5.743708927184343338e-03	nan
5.388001889742188411e+00	-5.794904660433530807e-03	nan
5.402101307758520043e+00	-6.034966558218002319e-03	nan
5.416200725774851676e+00	-5.739076063036918640e-03	nan
5.430300143791183309e+00	-5.786215886473655701e-03	nan
5.444399561807514942e+00	-5.789697635918855667e-03	nan
5.458498979823847463e+00	-5.509996786713600159e-03	nan
5.472598397840179096e+00	-5.841523874551057816e-03	nan
5.486697815856510729e+00	-5.552513990551233292e-03	nan
5.500797233872842362e+00	-5.567980930209159851e-03	nan
5.514896651889173995e+00	-5.529217422008514404e-03	nan
5.528996069905505628e+00	-5.710023455321788788e-03	nan
5.543095487921837261e+00	-5.430058576166629791e-03	nan
5.557194905938169782e+00	-5.187371745705604553e-03	nan
5.571294323954501415e+00	-4.823999479413032532e-03	nan
5.585393741970833048e+00	-4.501369316130876541e-03	nan
5.599493159987164681e+00	-4.664634820073843002e-03	nan
5.613592578003496314e+00	-4.524937365204095840e-03	nan
5.627691996019827947e+00	-5.540607497096061707e-03	nan
5.641791414036160468e+00	-4.884283989667892456e-03	nan
5.655890832052492101e+00	-5.461894907057285309e-03	nan
5.669990250068823734e+00	-4.643858876079320908e-03	nan
5.684089668085155367e+00	-3.759410930797457695e-03	nan
5.698189086101487000e+00	-4.023202229291200638e-03	nan
5.712288504117818633e+00	-4.976423922926187515e-03	nan
5.726387922134150266e+00	-3.148061921820044518e-03	nan
5.740487340150482787e+00	-4.632639233022928238e-03	nan
5.754586758166814420e+00	-2.897097263485193253e-03	nan
