# Normalized	8330.0 eV	232
# q	I	Poisson error
# nm-1	cm-1	cm-1
1.534133333808537225e-01	2.431898593902587891e+00	3.870387830875648971e-01
1.701916152350436418e-01	2.314564228057861328e+00	2.074440507264496691e-01
1.869698970892335610e-01	2.218850851058959961e+00	1.574023573041296586e-01
2.037481789434235080e-01	2.123651266098022461e+00	1.308542251798787415e-01
2.205264607976133995e-01	2.007735967636108398e+00	1.104603875503075983e-01
2.373047426518033465e-01	1.940218329429626465e+00	9.587537764109581306e-02
2.540830245059932935e-01	1.890559792518615723e+00	8.523178182849371065e-02
2.708613063601831850e-01	1.832073211669921875e+00	8.372431124867577013e-02
2.876395882143730764e-01	1.804158210754394531e+00	8.206528804279032696e-02
3.044178700685630234e-01	1.782668113708496094e+00	8.057528856050417965e-02
3.211961519227529704e-01	1.776981472969055176e+00	7.990725288627441303e-02
3.379744337769428619e-01	1.778583884239196777e+00	7.764309986450480816e-02
3.547527156311328089e-01	1.778054833412170410e+00	7.334955319787683781e-02
3.715309974853227004e-01	1.801490902900695801e+00	7.119398646447619439e-02
3.883092793395126474e-01	1.831634640693664551e+00	6.967268130626322331e-02
4.050875611937025389e-01	1.876724839210510254e+00	6.848312175887658060e-02
4.218658430478924859e-01	1.933299779891967773e+00	6.776255123117004564e-02
4.386441249020824329e-01	1.997784972190856934e+00	6.751021122393993656e-02
4.554224067562723244e-01	2.062810897827148438e+00	6.730234504369987658e-02
4.722006886104622714e-01	2.149507522583007812e+00	6.753856264083993310e-02
4.889789704646521629e-01	2.230143547058105469e+00	6.769700949217956343e-02
5.057572523188420544e-01	2.327590227127075195e+00	6.792834698282977646e-02
5.225355341730320013e-01	2.434713840484619141e+00	6.830814868146939389e-02
5.393138160272219483e-01	2.543687343597412109e+00	6.888804526297613584e-02
5.560920978814118953e-01	2.642743825912475586e+00	6.930322600686375512e-02
5.728703797356018423e-01	2.739041328430175781e+00	7.132171360038849772e-02
5.896486615897917893e-01	2.843526124954223633e+00	7.340668785308129829e-02
6.064269434439816253e-01	2.903602600097656250e+00	7.428805801643041662e-02
6.232052252981715723e-01	2.953805208206176758e+00	7.480640798655983914e-02
6.399835071523614083e-01	2.981249570846557617e+00	7.465010311037546809e-02
6.567617890065513553e-01	2.963114500045776367e+00	7.373712214169553247e-02
6.735400708607413023e-01	2.908210515975952148e+00	7.258397090518003969e-02
6.903183527149312493e-01	2.821710109710693359e+00	7.103148716497617587e-02
7.070966345691211963e-01	2.684629917144775391e+00	6.876231193507358064e-02
7.238749164233111433e-01	2.507172346115112305e+00	6.472312191764215128e-02
7.406531982775009793e-01	2.328369140625000000e+00	6.029050572296500848e-02
7.574314801316909262e-01	2.126729726791381836e+00	5.627997035725155334e-02
7.742097619858808732e-01	1.920299410820007324e+00	5.243365922969547149e-02
7.909880438400708202e-01	1.717482566833496094e+00	4.882350931506272695e-02
8.077663256942606562e-01	1.524080038070678711e+00	4.518870027094754743e-02
8.245446075484506032e-01	1.342113018035888672e+00	4.163944228227472316e-02
8.413228894026405502e-01	1.183907389640808105e+00	3.843340839645563445e-02
8.581011712568304972e-01	1.036885738372802734e+00	3.536825425563433489e-02
8.748794531110204442e-01	9.064214825630187988e-01	3.253402846016004157e-02
8.916577349652102802e-01	7.929306030273437500e-01	2.995164690493128112e-02
9.084360168194002272e-01	6.930243372917175293e-01	2.758090710006276536e-02
9.252142986735901742e-01	6.086498498916625977e-01	2.546982523229242290e-02
9.419925805277801212e-01	5.297248363494873047e-01	2.342478696290724999e-02
9.587708623819700682e-01	4.664285480976104736e-01	2.168853236813358606e-02
9.755491442361599042e-01	4.093205332756042480e-01	2.004923410128790426e-02
9.923274260903498512e-01	3.595532178878784180e-01	1.855256493034837181e-02
1.009105707944539798e+00	3.163187503814697266e-01	1.718504676969370010e-02
1.025883989798729745e+00	2.796192169189453125e-01	1.595900324361512745e-02
1.042662271652919692e+00	2.470738738775253296e-01	1.483353930941921396e-02
1.059440553507109417e+00	2.191834002733230591e-01	1.381488245484073854e-02
1.076218835361299586e+00	1.950444281101226807e-01	1.288803264548804908e-02
1.092997117215489311e+00	1.740013360977172852e-01	1.204739178514743075e-02
1.109775399069679480e+00	1.561555713415145874e-01	1.129627722179418758e-02
1.126553680923869205e+00	1.398685723543167114e-01	1.058341852379839944e-02
1.143331962778059152e+00	1.265012770891189575e-01	9.968047794841750422e-03
1.160110244632249099e+00	1.152114495635032654e-01	9.425182005693782950e-03
1.176888526486438824e+00	1.058780699968338013e-01	8.960114800014018499e-03
1.193666808340628993e+00	9.757406264543533325e-02	8.536703267542434040e-03
1.210445090194818718e+00	9.062159061431884766e-02	8.320435560138863401e-03
1.227223372049008887e+00	8.554062247276306152e-02	8.130608827075736997e-03
1.244001653903198612e+00	8.133355528116226196e-02	7.914299029386088688e-03
1.260779935757388781e+00	7.782404124736785889e-02	7.731846783448296373e-03
1.277558217611578506e+00	7.475670427083969116e-02	7.570797776743935434e-03
1.294336499465768675e+00	7.257307320833206177e-02	7.449357424426347567e-03
1.311114781319958400e+00	7.104405760765075684e-02	7.359007543985723529e-03
1.327893063174148125e+00	6.970830261707305908e-02	7.277102419927315713e-03
1.344671345028338294e+00	6.859394162893295288e-02	7.205578718556237758e-03
1.361449626882528019e+00	6.758946925401687622e-02	7.009207375162104445e-03
1.378227908736718188e+00	6.681022793054580688e-02	6.836212493593383545e-03
1.395006190590907913e+00	6.562222540378570557e-02	6.713417526031963817e-03
1.411784472445098082e+00	6.421552598476409912e-02	6.596581424115659925e-03
1.428562754299287807e+00	6.282713264226913452e-02	6.487172560310337441e-03
1.445341036153477976e+00	6.095820292830467224e-02	6.354423112103490222e-03
1.462119318007667701e+00	5.889496207237243652e-02	6.214234332582965412e-03
1.478897599861857426e+00	5.682493373751640320e-02	6.072233417147215005e-03
1.495675881716047595e+00	5.484409630298614502e-02	5.934895509099234051e-03
1.512454163570237320e+00	5.258826911449432373e-02	5.782647964159761712e-03
1.529232445424427489e+00	5.041214078664779663e-02	5.635168049487898449e-03
1.546010727278617214e+00	4.843945428729057312e-02	5.497357771503856919e-03
1.562789009132807383e+00	4.645247757434844971e-02	5.357412221760245348e-03
1.579567290986997108e+00	4.451708123087882996e-02	5.221142623453752830e-03
1.596345572841187277e+00	4.275154322385787964e-02	5.092519760901699499e-03
1.613123854695377002e+00	4.082931950688362122e-02	4.947019198704588790e-03
1.629902136549566727e+00	3.938611224293708801e-02	4.824490753501916966e-03
1.646680418403756896e+00	3.786511346697807312e-02	4.685624619904065792e-03
1.663458700257946621e+00	3.618489578366279602e-02	4.531553503147205987e-03
1.680236982112136790e+00	3.468868508934974670e-02	4.391790621105211116e-03
1.697015263966326515e+00	3.356569632887840271e-02	4.281551923821830426e-03
1.713793545820516684e+00	3.245753794908523560e-02	4.173512851403163998e-03
1.730571827674706409e+00	3.137641772627830505e-02	4.069422425316543759e-03
1.747350109528896578e+00	3.050616011023521423e-02	3.976616631826392946e-03
1.764128391383086303e+00	2.929392457008361816e-02	3.862863474724811778e-03
1.780906673237276028e+00	2.840464562177658081e-02	3.772846229841901860e-03
1.797684955091466197e+00	2.753552608191967010e-02	3.686757954387580392e-03
1.814463236945655922e+00	2.668314427137374878e-02	3.606554115440349650e-03
1.831241518799846091e+00	2.596206404268741608e-02	3.537950918768543226e-03
1.848019800654035816e+00	2.545112930238246918e-02	3.484434881632506812e-03
1.864798082508225985e+00	2.479521185159683228e-02	3.421895042310883414e-03
1.881576364362415710e+00	2.396103926002979279e-02	3.345008431972799120e-03
1.898354646216605879e+00	2.348589710891246796e-02	3.294445582023994550e-03
1.915132928070795604e+00	2.304161526262760162e-02	3.246609136373041458e-03
1.931911209924985329e+00	2.254438586533069611e-02	3.195722464265072799e-03
1.948689491779175498e+00	2.216816321015357971e-02	3.153097413283235863e-03
1.965467773633365223e+00	2.172045782208442688e-02	3.105411798418286542e-03
1.982246055487555392e+00	2.127169817686080933e-02	3.058020099943938377e-03
1.999024337341745117e+00	2.093736268579959869e-02	3.019625166949443159e-03
2.015802619195935286e+00	2.067887410521507263e-02	2.986759471256021908e-03
2.032580901050125011e+00	2.043198794126510620e-02	2.955434857419661585e-03
2.049359182904315180e+00	2.007909491658210754e-02	2.916054989360327560e-03
2.066137464758504905e+00	1.983316987752914429e-02	2.885454518438248465e-03
2.082915746612694630e+00	1.949490047991275787e-02	2.847337307257771007e-03
2.099694028466884799e+00	1.934384740889072418e-02	2.824275003573292059e-03
2.116472310321074524e+00	1.922556012868881226e-02	2.802933458587990572e-03
2.133250592175264693e+00	1.898377947509288788e-02	2.773298518623687828e-03
2.150028874029454418e+00	1.874888129532337189e-02	2.743837211863908634e-03
2.166807155883644143e+00	1.861680485308170319e-02	2.722827551307936949e-03
2.183585437737834312e+00	1.844046823680400848e-02	2.698569227672309445e-03
2.200363719592024037e+00	1.828936487436294556e-02	2.676308009278545019e-03
2.217142001446214206e+00	1.814881898462772369e-02	2.654716418848932641e-03
2.233920283300403931e+00	1.822151057422161102e-02	2.648809138658176753e-03
2.250698565154594100e+00	1.833742670714855194e-02	2.647087743120898808e-03
2.267476847008783825e+00	1.801129430532455444e-02	2.612338274607016019e-03
2.284255128862973994e+00	1.792518049478530884e-02	2.595912455210348715e-03
2.301033410717163719e+00	1.782191917300224304e-02	2.577950086909057067e-03
2.317811692571353444e+00	1.771417632699012756e-02	2.560211689773769523e-03
2.334589974425543613e+00	1.770649664103984833e-02	2.549818984729196325e-03
2.351368256279733338e+00	1.764853484928607941e-02	2.535641944690429552e-03
2.368146538133923507e+00	1.762394607067108154e-02	2.524288286310335215e-03
2.384924819988113232e+00	1.744344830513000488e-02	2.501697591525724879e-03
2.401703101842303401e+00	1.747409813106060028e-02	2.491473690244201764e-03
2.418481383696493126e+00	1.746188104152679443e-02	2.479203264391087718e-03
2.435259665550683295e+00	1.734773628413677216e-02	2.461667298768311155e-03
2.452037947404873020e+00	1.745330169796943665e-02	2.460242509895032518e-03
2.468816229259062744e+00	1.731695607304573059e-02	2.441598248398457738e-03
2.485594511113252914e+00	1.711125671863555908e-02	2.436341487105263531e-03
2.502372792967442638e+00	1.719702221453189850e-02	2.464146433981354717e-03
2.519151074821632807e+00	1.731219142675399780e-02	2.480773818764269844e-03
2.535929356675822532e+00	1.731835119426250458e-02	2.487224008226834697e-03
2.552707638530012701e+00	1.702198386192321777e-02	2.469769262038227619e-03
2.569485920384202426e+00	1.708970963954925537e-02	2.477988613606383131e-03
2.586264202238392595e+00	1.705301553010940552e-02	2.476735053778033983e-03
2.603042484092582320e+00	1.711528562009334564e-02	2.482815725767780705e-03
2.619820765946772045e+00	1.697125472128391266e-02	2.472520570877251040e-03
2.636599047800962214e+00	1.700602658092975616e-02	2.460102722741981315e-03
2.653377329655151939e+00	1.694105938076972961e-02	2.420841864722486723e-03
2.670155611509342108e+00	1.680178381502628326e-02	2.392347128842681712e-03
2.686933893363531833e+00	1.683490723371505737e-02	2.378330455585763240e-03
2.703712175217722002e+00	1.683966815471649170e-02	2.364839407609722974e-03
2.720490457071911727e+00	1.680610515177249908e-02	2.350018449862517188e-03
2.737268738926101896e+00	1.679110713303089142e-02	2.337243705128582393e-03
2.754047020780291621e+00	1.666216738522052765e-02	2.316867864762097232e-03
2.770825302634481346e+00	1.655661687254905701e-02	2.299247560811428902e-03
2.787603584488671515e+00	1.672530360519886017e-02	2.300999277488629483e-03
2.804381866342861240e+00	1.655387505888938904e-02	2.279577074440477732e-03
2.821160148197051409e+00	1.644942536950111389e-02	2.263374864954869736e-03
2.837938430051241134e+00	1.637365855276584625e-02	2.249064331428239725e-03
2.854716711905431303e+00	1.650173589587211609e-02	2.249396329990134037e-03
2.871494993759621028e+00	1.617048308253288269e-02	2.217248218118748546e-03
2.888273275613811197e+00	1.620772667229175568e-02	2.211646862989995709e-03
2.905051557468000922e+00	1.602715440094470978e-02	2.191139284478237342e-03
2.921829839322190647e+00	1.602829433977603912e-02	2.183348107486784116e-03
2.938608121176380816e+00	1.612953096628189087e-02	2.182568681852247588e-03
2.955386403030570541e+00	1.602969691157341003e-02	2.168175718112066389e-03
2.972164684884760710e+00	1.597370766103267670e-02	2.156656121197508044e-03
2.988942966738950435e+00	1.601200364530086517e-02	2.151993697435094100e-03
3.005721248593140604e+00	1.586602255702018738e-02	2.134783501500480372e-03
3.022499530447330329e+00	1.565656810998916626e-02	2.113367015533765790e-03
3.039277812301520498e+00	1.571370474994182587e-02	2.110094131914346492e-03
3.056056094155710223e+00	1.551560126245021820e-02	2.089991052804957266e-03
3.072834376009899948e+00	1.552039012312889099e-02	2.083269215400136969e-03
3.089612657864090117e+00	1.543757412582635880e-02	2.071298825172102585e-03
3.106390939718279842e+00	1.539517007768154144e-02	2.061751298020575787e-03
3.123169221572470011e+00	1.537679508328437805e-02	2.078805140454081934e-03
3.139947503426659736e+00	1.534088980406522751e-02	2.086722154374623384e-03
3.156725785280849905e+00	1.502780709415674210e-02	2.071630306470803248e-03
3.173504067135039630e+00	1.505035441368818283e-02	2.077802865707437715e-03
3.190282348989229799e+00	1.488007139414548874e-02	2.069203865377119717e-03
3.207060630843419524e+00	1.463399548083543777e-02	2.053923227601140225e-03
3.223838912697609249e+00	1.460134889930486679e-02	2.052958553283848984e-03
3.240617194551799418e+00	1.449469849467277527e-02	2.046177873264982613e-03
3.257395476405989143e+00	1.426598429679870605e-02	2.030266678217848390e-03
3.274173758260179312e+00	1.435976382344961166e-02	2.015967171859309789e-03
3.290952040114369037e+00	1.422199141234159470e-02	1.986835544620223649e-03
3.307730321968559206e+00	1.386691164225339890e-02	1.947866065931627916e-03
3.324508603822748931e+00	1.380635891109704971e-02	1.932643101022950153e-03
3.341286885676939100e+00	1.369277480989694595e-02	1.915108336094309719e-03
3.358065167531128825e+00	1.360674481838941574e-02	1.900379494836706550e-03
3.374843449385318994e+00	1.342561095952987671e-02	1.879500916504580656e-03
3.391621731239508719e+00	1.328175794333219528e-02	1.861810459774335992e-03
3.408400013093698444e+00	1.313280500471591949e-02	1.844251764896250164e-03
3.425178294947888613e+00	1.284302305430173874e-02	1.816745151459499708e-03
3.441956576802078338e+00	1.286121830344200134e-02	1.811526515830771261e-03
3.458734858656268507e+00	1.261270511895418167e-02	1.787645692814589802e-03
3.475513140510458232e+00	1.247308123856782913e-02	1.771597200563551199e-03
3.492291422364648401e+00	1.219112426042556763e-02	1.745318972432628605e-03
3.509069704218838126e+00	1.206858176738023758e-02	1.730985558164642316e-03
3.525847986073028295e+00	1.170126069337129593e-02	1.698365843182763702e-03
3.542626267927218020e+00	1.154442783445119858e-02	1.681685136294110150e-03
3.559404549781407745e+00	1.138288527727127075e-02	1.664590382461993362e-03
3.576182831635597914e+00	1.109678577631711960e-02	1.638053161397430351e-03
3.592961113489787639e+00	1.100294478237628937e-02	1.626362471424064402e-03
3.609739395343977808e+00	1.084459386765956879e-02	1.609677427103523234e-03
3.626517677198167533e+00	1.073410827666521072e-02	1.596506128925478506e-03
3.643295959052357702e+00	1.054959744215011597e-02	1.578296775467122239e-03
3.660074240906547427e+00	1.025636214762926102e-02	1.551199591331332926e-03
3.676852522760737596e+00	1.006542611867189407e-02	1.531972585775678549e-03
3.693630804614927321e+00	9.792562574148178101e-03	1.506657113593933310e-03
3.710409086469117046e+00	9.532652795314788818e-03	1.482126287016177595e-03
3.727187368323307215e+00	9.347490966320037842e-03	1.463421895525840238e-03
3.743965650177496940e+00	8.998867124319076538e-03	1.431536294903956686e-03
3.760743932031687109e+00	8.703860454261302948e-03	1.403870656988510891e-03
3.777522213885876834e+00	8.587774820625782013e-03	1.390862266514537090e-03
3.794300495740067003e+00	8.294850587844848633e-03	1.363246615265298811e-03
3.811078777594256728e+00	8.099176920950412750e-03	1.343257783104283938e-03
3.827857059448446897e+00	7.731465622782707214e-03	1.308652424660796754e-03
3.844635341302636622e+00	7.776441983878612518e-03	1.309223936897302562e-03
3.861413623156826347e+00	7.601497694849967957e-03	1.291017353836359073e-03
3.878191905011016516e+00	7.116080727428197861e-03	1.245252531225472326e-03
3.894970186865206241e+00	6.891725584864616394e-03	1.222168486188266118e-03
3.911748468719396410e+00	6.679951213300228119e-03	1.200039790504567371e-03
3.928526750573586135e+00	6.510484963655471802e-03	1.181610830038949071e-03
3.945305032427776304e+00	6.098845042288303375e-03	1.140253973054749983e-03
3.962083314281966029e+00	6.143826525658369064e-03	1.141815817944825387e-03
3.978861596136156198e+00	6.133526563644409180e-03	1.138280934220747180e-03
3.995639877990345923e+00	5.944161675870418549e-03	1.117395609772716455e-03
4.012418159844536092e+00	5.403325427323579788e-03	1.062111003326968606e-03
4.029196441698726261e+00	5.338493268936872482e-03	1.053083461625792293e-03
4.045974723552915542e+00	5.288122687488794327e-03	1.045534791687328414e-03
4.062753005407105711e+00	5.140662658959627151e-03	1.028220703210734697e-03
4.079531287261295880e+00	4.937300458550453186e-03	1.005052039784100045e-03
4.096309569115486049e+00	4.673652350902557373e-03	9.752332209520671270e-04
4.113087850969675330e+00	4.264171700924634933e-03	9.288078391387022360e-04
4.129866132823865499e+00	3.911453764885663986e-03	8.959138318494601089e-04
4.146644414678055668e+00	3.746108617633581161e-03	8.822378210244039703e-04
4.163422696532245837e+00	3.222187981009483337e-03	8.197703439405516507e-04
4.180200978386435118e+00	2.787427976727485657e-03	7.620467873486517184e-04
4.196979260240625287e+00	2.338202437385916710e-03	6.981841334126744850e-04
4.213757542094815456e+00	2.225969918072223663e-03	6.819346872937822506e-04
4.230535823949005625e+00	1.850202563218772411e-03	6.218424524120375746e-04
4.247314105803194906e+00	1.305335666984319687e-03	5.220435698878153532e-04
4.264092387657385075e+00	1.105326344259083271e-03	4.803616165057227245e-04
4.280870669511575244e+00	7.233531796373426914e-04	3.882944484693035968e-04
4.297648951365764525e+00	5.184285109862685204e-04	3.283631572680901253e-04
4.314427233219954694e+00	1.497808989370241761e-04	1.759364577262518842e-04
4.331205515074144863e+00	-2.383644023211672902e-04	nan
4.347983796928335032e+00	-6.199580966494977474e-04	nan
4.364762078782524313e+00	-8.028273587115108967e-04	nan
4.381540360636714482e+00	-1.204518834128975868e-03	nan
4.398318642490904651e+00	-1.384217292070388794e-03	nan
4.415096924345094820e+00	-1.617772504687309265e-03	nan
4.431875206199284101e+00	-1.853135996498167515e-03	nan
4.448653488053474270e+00	-2.073059091344475746e-03	nan
4.465431769907664439e+00	-2.125121420249342918e-03	nan
4.482210051761853720e+00	-2.510517602786421776e-03	nan
4.498988333616043889e+00	-2.649864880368113518e-03	nan
4.515766615470234058e+00	-2.853396348655223846e-03	nan
4.532544897324424227e+00	-2.980227349326014519e-03	nan
4.549323179178613508e+00	-3.072730731219053268e-03	nan
4.566101461032803677e+00	-3.257860895246267319e-03	nan
4.582879742886993846e+00	-3.435365622863173485e-03	nan
4.599658024741184015e+00	-3.526076907292008400e-03	nan
4.616436306595373296e+00	-3.700420726090669632e-03	nan
4.633214588449563465e+00	-3.726053284481167793e-03	nan
4.649992870303753634e+00	-3.702469170093536377e-03	nan
4.666771152157942915e+00	-3.988364711403846741e-03	nan
4.683549434012133084e+00	-4.186104051768779755e-03	nan
4.700327715866323253e+00	-4.254148341715335846e-03	nan
4.717105997720513422e+00	-4.028169438242912292e-03	nan
4.733884279574702703e+00	-4.285257775336503983e-03	nan
4.750662561428892872e+00	-4.441366996616125107e-03	nan
4.767440843283083041e+00	-4.610368981957435608e-03	nan
4.784219125137272322e+00	-4.567623604089021683e-03	nan
4.800997406991462491e+00	-4.474774003028869629e-03	nan
4.817775688845652660e+00	-4.699274431914091110e-03	nan
4.834553970699842829e+00	-4.668936133384704590e-03	nan
4.851332252554032110e+00	-4.577409010380506516e-03	nan
4.868110534408222279e+00	-4.773349966853857040e-03	nan
4.884888816262412448e+00	-4.825380165129899979e-03	nan
4.901667098116602617e+00	-4.869457334280014038e-03	nan
4.918445379970791898e+00	-4.811466671526432037e-03	nan
4.935223661824982067e+00	-4.858771339058876038e-03	nan
4.952001943679172236e+00	-4.888182505965232849e-03	nan
4.968780225533361516e+00	-4.891729913651943207e-03	nan
4.985558507387551685e+00	-4.897194448858499527e-03	nan
5.002336789241741855e+00	-5.060693249106407166e-03	nan
5.019115071095932024e+00	-4.886473529040813446e-03	nan
5.035893352950121304e+00	-4.847896285355091095e-03	nan
5.052671634804311473e+00	-4.983702674508094788e-03	nan
5.069449916658501643e+00	-4.899513907730579376e-03	nan
5.086228198512690923e+00	-4.696514923125505447e-03	nan
5.103006480366881092e+00	-4.828429780900478363e-03	nan
5.119784762221071261e+00	-4.817117471247911453e-03	nan
5.136563044075261431e+00	-4.843492992222309113e-03	nan
5.153341325929450711e+00	-4.777554422616958618e-03	nan
5.170119607783640880e+00	-4.710304085165262222e-03	nan
5.186897889637831049e+00	-4.745995160192251205e-03	nan
5.203676171492021219e+00	-4.771105945110321045e-03	nan
5.220454453346210499e+00	-4.725692793726921082e-03	nan
5.237232735200400668e+00	-4.501291550695896149e-03	nan
5.254011017054590837e+00	-4.580568522214889526e-03	nan
5.270789298908780118e+00	-4.418444354087114334e-03	nan
5.287567580762970287e+00	-4.364636261016130447e-03	nan
5.304345862617160456e+00	-4.393756389617919922e-03	nan
5.321124144471350625e+00	-4.450561478734016418e-03	nan
5.337902426325539906e+00	-4.285638220608234406e-03	nan
5.354680708179730075e+00	-4.238715395331382751e-03	nan
5.371458990033920244e+00	-4.446084611117839813e-03	nan
5.388237271888109525e+00	-4.218417219817638397e-03	nan
5.405015553742299694e+00	-4.274696111679077148e-03	nan
5.421793835596489863e+00	-4.001296591013669968e-03	nan
5.438572117450680032e+00	-3.759736428037285805e-03	nan
5.455350399304869313e+00	-4.106797277927398682e-03	nan
5.472128681159059482e+00	-3.931859042495489120e-03	nan
5.488906963013249651e+00	-3.859440330415964127e-03	nan
5.505685244867439820e+00	-3.905889810994267464e-03	nan
5.522463526721629101e+00	-3.785844193771481514e-03	nan
5.539241808575819270e+00	-3.783055348321795464e-03	nan
5.556020090430009439e+00	-3.760204417631030083e-03	nan
5.572798372284198720e+00	-3.586173756048083305e-03	nan
5.589576654138388889e+00	-3.563646692782640457e-03	nan
5.606354935992579058e+00	-3.528074128553271294e-03	nan
5.623133217846769227e+00	-3.520980477333068848e-03	nan
5.639911499700958508e+00	-3.375923726707696915e-03	nan
5.656689781555148677e+00	-3.401783760637044907e-03	nan
5.673468063409338846e+00	-3.456838196143507957e-03	nan
5.690246345263528127e+00	-3.273425158113241196e-03	nan
5.707024627117718296e+00	-3.278149990364909172e-03	nan
5.723802908971908465e+00	-3.342599840834736824e-03	nan
5.740581190826098634e+00	-3.239924786612391472e-03	nan
5.757359472680287915e+00	-3.113992745056748390e-03	nan
5.774137754534478084e+00	-3.028589999303221703e-03	nan
5.790916036388668253e+00	-3.034848719835281372e-03	nan
5.807694318242858422e+00	-2.872846089303493500e-03	nan
5.824472600097047703e+00	-3.019356168806552887e-03	nan
5.841250881951237872e+00	-2.965441206470131874e-03	nan
5.858029163805428041e+00	-2.614189870655536652e-03	nan
5.874807445659617322e+00	-2.700957003980875015e-03	nan
5.891585727513807491e+00	-2.768589649349451065e-03	nan
5.908364009367997660e+00	-2.653839532285928726e-03	nan
5.925142291222187829e+00	-2.569329459220170975e-03	nan
5.941920573076377110e+00	-2.423251280561089516e-03	nan
5.958698854930567279e+00	-2.402284182608127594e-03	nan
5.975477136784757448e+00	-2.587706781923770905e-03	nan
5.992255418638946729e+00	-2.490303013473749161e-03	nan
6.009033700493136898e+00	-2.355594653636217117e-03	nan
6.025811982347327067e+00	-2.558560576289892197e-03	nan
6.042590264201517236e+00	-2.322038402780890465e-03	nan
6.059368546055706517e+00	-2.423017751425504684e-03	nan
6.076146827909896686e+00	-2.299305982887744904e-03	nan
6.092925109764086855e+00	-2.067853230983018875e-03	nan
6.109703391618277024e+00	-2.285046502947807312e-03	nan
6.126481673472466305e+00	-2.135162940248847008e-03	nan
6.143259955326656474e+00	-2.199707087129354477e-03	nan
6.160038237180846643e+00	-2.062116982415318489e-03	nan
6.176816519035035924e+00	-2.161031356081366539e-03	nan
6.193594800889226093e+00	-2.092270413413643837e-03	nan
6.210373082743416262e+00	-2.126513980329036713e-03	nan
6.227151364597606431e+00	-1.749473740346729755e-03	nan
6.243929646451795712e+00	-1.777929486706852913e-03	nan
6.260707928305985881e+00	-1.911967410705983639e-03	nan
6.277486210160176050e+00	-1.861292053945362568e-03	nan
6.294264492014365331e+00	-1.820410718210041523e-03	nan
6.311042773868555500e+00	-1.848125015385448933e-03	nan
6.327821055722745669e+00	-1.432240009307861328e-03	nan
6.344599337576935838e+00	-1.419826643541455269e-03	nan
6.361377619431125119e+00	-1.683526206761598587e-03	nan
6.378155901285315288e+00	-1.688869670033454895e-03	nan
6.394934183139505457e+00	-1.402904512360692024e-03	nan
6.411712464993695626e+00	-1.676599611528217793e-03	nan
6.428490746847884907e+00	-1.512054819613695145e-03	nan
6.445269028702075076e+00	-1.832825364544987679e-03	nan
6.462047310556265245e+00	-1.881254371255636215e-03	nan
6.478825592410454526e+00	-1.051958766765892506e-03	nan
6.495603874264644695e+00	-1.588056911714375019e-03	nan
6.512382156118834864e+00	-9.112151456065475941e-04	nan
6.529160437973025033e+00	-1.537198200821876526e-03	nan
6.545938719827214314e+00	-1.397371408529579639e-03	nan
6.562717001681404483e+00	-1.485482556745409966e-03	nan
6.579495283535594652e+00	-9.751878096722066402e-04	nan
6.596273565389784821e+00	-1.267640618607401848e-03	nan
6.613051847243974102e+00	-1.121067441999912262e-03	nan
6.629830129098164271e+00	-1.416229759342968464e-03	nan
6.646608410952354440e+00	-1.019918709062039852e-03	nan
6.663386692806543721e+00	-1.031571533530950546e-03	nan
6.680164974660733890e+00	-5.565976607613265514e-04	nan
6.696943256514924059e+00	-1.080983900465071201e-03	nan
6.713721538369114228e+00	-1.407095114700496197e-03	nan
6.730499820223303509e+00	-1.727047143504023552e-03	nan
6.747278102077493678e+00	-7.855733856558799744e-04	nan
6.764056383931683847e+00	-1.396067324094474316e-03	nan
6.780834665785873128e+00	-1.087594195269048214e-03	nan
6.797612947640063297e+00	-1.908774836920201778e-03	nan
6.814391229494253466e+00	-2.280951710417866707e-03	nan
6.831169511348443635e+00	4.601920663844794035e-04	6.349575980425030755e-03
6.847947793202633804e+00	7.829035748727619648e-04	1.416130719747583748e-02
