# q in nm-1	I	poisson_error
1.652559244913754666e-01	4.643811645507812500e+02	5.488093392297806794e+00
1.833293896666008949e-01	3.417753295898437500e+02	2.614709565508891664e+00
2.014028548418262954e-01	2.415195922851562500e+02	1.699936072896634398e+00
2.194763200170517237e-01	1.749826507568359375e+02	1.223040756799997020e+00
2.375497851922771519e-01	1.303867034912109375e+02	9.116405676916711220e-01
2.556232503675025525e-01	9.915019226074218750e+01	6.975818476333833784e-01
2.736967155427280085e-01	7.859349822998046875e+01	5.560678639512693922e-01
2.917701807179534090e-01	6.215631484985351562e+01	4.901132352580671592e-01
3.098436458931788096e-01	4.927943420410156250e+01	4.282878619417127553e-01
3.279171110684042656e-01	3.926390457153320312e+01	3.754144152436800219e-01
3.459905762436297216e-01	3.221937561035156250e+01	3.361626326192869718e-01
3.640640414188550666e-01	2.648669624328613281e+01	2.945683520285704571e-01
3.821375065940805227e-01	2.221321868896484375e+01	2.536236626920573278e-01
4.002109717693059787e-01	1.874856376647949219e+01	2.235829228589188700e-01
4.182844369445313237e-01	1.600715637207031250e+01	1.995753272678527646e-01
4.363579021197567798e-01	1.366098213195800781e+01	1.781461343311640522e-01
4.544313672949822358e-01	1.179818344116210938e+01	1.606177211878948574e-01
4.725048324702075808e-01	1.032962322235107422e+01	1.466232594098907938e-01
4.905782976454330369e-01	9.042293548583984375e+00	1.339792042642898584e-01
5.086517628206584929e-01	7.919057846069335938e+00	1.226603213025929395e-01
5.267252279958839489e-01	7.077367782592773438e+00	1.136129999324106687e-01
5.447986931711092939e-01	6.296277046203613281e+00	1.047346092482888402e-01
5.628721583463347500e-01	5.670355319976806641e+00	9.724588609383877369e-02
5.809456235215602060e-01	5.123287677764892578e+00	9.077616377644560919e-02
5.990190886967855510e-01	4.591482162475585938e+00	8.443119560905050502e-02
6.170925538720110071e-01	4.194274902343750000e+00	8.139209244711456681e-02
6.351660190472364631e-01	3.843167066574096680e+00	7.852230295220713474e-02
6.532394842224618081e-01	3.523663997650146484e+00	7.514422663206125896e-02
6.713129493976872642e-01	3.269375801086425781e+00	7.212344204011793269e-02
6.893864145729127202e-01	3.033113241195678711e+00	6.886766820172252057e-02
7.074598797481381762e-01	2.859484672546386719e+00	6.617537021118140295e-02
7.255333449233635212e-01	2.719126224517822266e+00	6.411496177064605895e-02
7.436068100985889773e-01	2.560651779174804688e+00	6.184503126350834185e-02
7.616802752738144333e-01	2.420853376388549805e+00	5.977253791409298939e-02
7.797537404490397783e-01	2.336417913436889648e+00	5.725423694408557362e-02
7.978272056242652344e-01	2.274887323379516602e+00	5.465075352033922640e-02
8.159006707994906904e-01	2.258728265762329102e+00	5.333799894180311918e-02
8.339741359747160354e-01	2.247756242752075195e+00	5.236138505663297249e-02
8.520476011499414914e-01	2.245865345001220703e+00	5.176219141011469821e-02
8.701210663251669475e-01	2.325079441070556641e+00	5.199918375280538491e-02
8.881945315003924035e-01	2.478569507598876953e+00	5.300092318803859004e-02
9.062679966756177485e-01	2.663532733917236328e+00	5.427958061064346029e-02
9.243414618508432046e-01	3.010559797286987305e+00	5.709238016912730057e-02
9.424149270260686606e-01	3.554209709167480469e+00	6.144322015853378310e-02
9.604883922012940056e-01	4.405788421630859375e+00	6.784453312627558574e-02
9.785618573765194617e-01	5.827078819274902344e+00	7.754752811578495553e-02
9.966353225517449177e-01	8.391842842102050781e+00	9.274631193892712844e-02
1.014708787726970263e+00	1.286921596527099609e+01	1.149076309398441853e-01
1.032782252902195719e+00	2.083403396606445312e+01	1.469823879319800131e-01
1.050855718077421175e+00	3.279530715942382812e+01	1.859320531031685986e-01
1.068929183252646409e+00	4.376520919799804688e+01	2.157498338722270981e-01
1.087002648427871865e+00	4.173015213012695312e+01	2.083276642263535705e-01
1.105076113603097321e+00	2.774279785156250000e+01	1.652646617432149689e-01
1.123149578778322777e+00	1.538954639434814453e+01	1.194985608301963043e-01
1.141223043953548233e+00	8.677292823791503906e+00	8.755622886989966602e-02
1.159296509128773689e+00	5.342182636260986328e+00	6.738705425151558792e-02
1.177369974303998923e+00	3.625622987747192383e+00	5.468333076465734660e-02
1.195443439479224379e+00	2.663229227066040039e+00	4.626161306612015106e-02
1.213516904654449835e+00	2.053598642349243164e+00	4.015096122494239000e-02
1.231590369829675291e+00	1.658687233924865723e+00	3.570370050505308063e-02
1.249663835004900747e+00	1.393185615539550781e+00	3.240490634839365142e-02
1.267737300180125981e+00	1.186533451080322266e+00	2.964484073023402125e-02
1.285810765355351437e+00	1.022641301155090332e+00	2.730730948523591925e-02
1.303884230530576893e+00	9.045939445495605469e-01	2.597853813977032272e-02
1.321957695705802349e+00	8.039886355400085449e-01	2.463103199576215097e-02
1.340031160881027805e+00	7.283635139465332031e-01	2.340079886659604536e-02
1.358104626056253261e+00	6.572789549827575684e-01	2.219731386908415857e-02
1.376178091231478717e+00	6.046403050422668457e-01	2.126830290621117142e-02
1.394251556406703951e+00	5.542128682136535645e-01	2.033009339426479836e-02
1.412325021581929407e+00	5.155271887779235840e-01	1.957290091992798520e-02
1.430398486757154863e+00	4.828649163246154785e-01	1.890680458947356993e-02
1.448471951932380319e+00	4.628459811210632324e-01	1.847556760593563330e-02
1.466545417107605775e+00	4.327237010002136230e-01	1.749742516795963279e-02
1.484618882282831231e+00	4.086590707302093506e-01	1.667300090906614560e-02
1.502692347458056465e+00	3.883669078350067139e-01	1.610243709333714426e-02
1.520765812633281922e+00	3.731511533260345459e-01	1.567733950270190635e-02
1.538839277808507378e+00	3.574871122837066650e-01	1.525534568009144498e-02
1.556912742983732834e+00	3.513565659523010254e-01	1.504302707542047243e-02
1.574986208158958290e+00	3.388816118240356445e-01	1.470088513913242120e-02
1.593059673334183746e+00	3.234452605247497559e-01	1.428895423268795525e-02
1.611133138509409202e+00	3.230440914630889893e-01	1.421208593004617306e-02
1.629206603684634436e+00	3.045266568660736084e-01	1.373176753786740575e-02
1.647280068859859892e+00	2.986362874507904053e-01	1.353909959722115856e-02
1.665353534035085348e+00	2.972572147846221924e-01	1.344830106405978283e-02
1.683426999210310804e+00	2.847068309783935547e-01	1.310029718896061138e-02
1.701500464385536260e+00	2.791123092174530029e-01	1.291710605856138082e-02
1.719573929560761716e+00	2.761606872081756592e-01	1.279265301169197309e-02
1.737647394735986950e+00	2.750769555568695068e-01	1.269667048550232602e-02
1.755720859911212406e+00	2.674070596694946289e-01	1.243204943081380881e-02
1.773794325086437862e+00	2.572563290596008301e-01	1.207974733736559038e-02
1.791867790261663318e+00	2.577010393142700195e-01	1.196554823896012892e-02
1.809941255436888774e+00	2.532746791839599609e-01	1.174469795557512089e-02
1.828014720612114230e+00	2.562389671802520752e-01	1.171145544874741679e-02
1.846088185787339464e+00	2.493488043546676636e-01	1.145334100147906917e-02
1.864161650962564920e+00	2.624266743659973145e-01	1.165887835601383399e-02
1.882235116137790376e+00	2.631756663322448730e-01	1.157336937596761643e-02
1.900308581313015832e+00	2.673646509647369385e-01	1.156838005132150224e-02
1.918382046488241288e+00	2.762709856033325195e-01	1.166884107184243922e-02
1.936455511663466744e+00	2.927994728088378906e-01	1.192960823599343093e-02
1.954528976838692200e+00	3.136491179466247559e-01	1.227827443666573530e-02
1.972602442013917434e+00	3.464625179767608643e-01	1.284490420946517338e-02
1.990675907189142890e+00	3.991158902645111084e-01	1.372911233916413246e-02
2.008749372364368568e+00	4.773163497447967529e-01	1.496172074625685272e-02
2.026822837539593802e+00	6.011977791786193848e-01	1.673471982459375992e-02
2.044896302714819480e+00	7.925503849983215332e-01	1.916803166577685930e-02
2.062969767890044714e+00	1.095497250556945801e+00	2.250614374154445707e-02
2.081043233065269948e+00	1.623826026916503906e+00	2.741607895382699306e-02
2.099116698240495626e+00	2.481201410293579102e+00	3.396013581724986047e-02
2.117190163415720860e+00	3.715603590011596680e+00	4.169430109819768221e-02
2.135263628590946539e+00	5.293281078338623047e+00	4.995740371335925800e-02
2.153337093766171773e+00	6.455972671508789062e+00	5.522906571336601983e-02
2.171410558941397451e+00	5.953390598297119141e+00	5.268019675973652227e-02
2.189484024116622685e+00	4.044235706329345703e+00	4.281085547280816250e-02
2.207557489291848363e+00	2.377413272857666016e+00	3.232363857431856669e-02
2.225630954467073597e+00	1.421842813491821289e+00	2.468779787088902153e-02
2.243704419642299275e+00	9.160890579223632812e-01	1.961688813926817931e-02
2.261777884817524509e+00	6.372589468955993652e-01	1.623122966047648927e-02
2.279851349992749743e+00	4.899493157863616943e-01	1.413497439437831106e-02
2.297924815167975421e+00	3.990586400032043457e-01	1.268213698779618696e-02
2.315998280343200655e+00	3.397352993488311768e-01	1.163674962869704586e-02
2.334071745518426333e+00	2.979713976383209229e-01	1.084349115074341799e-02
2.352145210693651567e+00	2.697000205516815186e-01	1.026703236777437751e-02
2.370218675868876801e+00	2.437641024589538574e-01	9.714574056975141744e-03
2.388292141044102479e+00	2.286227196455001831e-01	9.364957643144935021e-03
2.406365606219327713e+00	2.108607441186904907e-01	8.951048968546086726e-03
2.424439071394553391e+00	1.989836245775222778e-01	8.658539557230114300e-03
2.442512536569778625e+00	1.960301697254180908e-01	8.558096772124162629e-03
2.460586001745004303e+00	1.835351139307022095e-01	8.245646979750024738e-03
2.478659466920229537e+00	1.754975765943527222e-01	8.028676682820508684e-03
2.496732932095454771e+00	1.715036183595657349e-01	7.905348431106637777e-03
2.514806397270680449e+00	1.682021915912628174e-01	7.797792206221805696e-03
2.532879862445905683e+00	1.648956388235092163e-01	7.689623256711317599e-03
2.550953327621131361e+00	1.600318551063537598e-01	7.545391878919907591e-03
2.569026792796356595e+00	1.542792469263076782e-01	7.379195634726202005e-03
2.587100257971582273e+00	1.544985920190811157e-01	7.347440044308770415e-03
2.605173723146807507e+00	1.536541730165481567e-01	7.293360620781777146e-03
2.623247188322032741e+00	1.489266902208328247e-01	7.151972079734827611e-03
2.641320653497258419e+00	1.450328379869461060e-01	7.030839302235294616e-03
2.659394118672483653e+00	1.444048583507537842e-01	6.989927100508032398e-03
2.677467583847709331e+00	1.471114754676818848e-01	7.083825332198604753e-03
2.695541049022934565e+00	1.444573700428009033e-01	7.081568149191828920e-03
2.713614514198159799e+00	1.467276811599731445e-01	7.161541794772185131e-03
2.731687979373385478e+00	1.451642513275146484e-01	7.140275510034584626e-03
2.749761444548610712e+00	1.449302881956100464e-01	7.147030844073821651e-03
2.767834909723836390e+00	1.417309492826461792e-01	7.076200641688731169e-03
2.785908374899061624e+00	1.496572345495223999e-01	7.277667324053521680e-03
2.803981840074287302e+00	1.459521502256393433e-01	7.190434521130992414e-03
2.822055305249512536e+00	1.482115089893341064e-01	7.247504180618117783e-03
2.840128770424737770e+00	1.475252211093902588e-01	7.186370179635654526e-03
2.858202235599963448e+00	1.494093537330627441e-01	7.130207879892169059e-03
2.876275700775188682e+00	1.500936597585678101e-01	7.091870895204029079e-03
2.894349165950414360e+00	1.540648490190505981e-01	7.136394024759528526e-03
2.912422631125639594e+00	1.601214408874511719e-01	7.234160886650356330e-03
2.930496096300865272e+00	1.647598445415496826e-01	7.300455398796930340e-03
2.948569561476090506e+00	1.664039641618728638e-01	7.300344336619658640e-03
2.966643026651315740e+00	1.740899384021759033e-01	7.432693988310003913e-03
2.984716491826541418e+00	1.884969323873519897e-01	7.703558071574700267e-03
3.002789957001766652e+00	1.984447091817855835e-01	7.871720023482856737e-03
3.020863422176992330e+00	2.135918736457824707e-01	8.136733887938053106e-03
3.038936887352217564e+00	2.338435798883438110e-01	8.485417737573852995e-03
3.057010352527443242e+00	2.704657316207885742e-01	9.098486489638834065e-03
3.075083817702668476e+00	3.232837617397308350e-01	9.922720047224531034e-03
3.093157282877893710e+00	3.955932855606079102e-01	1.095051961601232332e-02
3.111230748053119388e+00	5.148038268089294434e-01	1.247696984306643705e-02
3.129304213228344622e+00	7.045082449913024902e-01	1.459370259875316343e-02
3.147377678403570300e+00	9.829606413841247559e-01	1.725062616152047215e-02
3.165451143578795534e+00	1.387991905212402344e+00	2.053466890289594449e-02
3.183524608754020768e+00	1.883693814277648926e+00	2.397194824941438832e-02
3.201598073929246446e+00	2.458244800567626953e+00	2.744050273515833208e-02
3.219671539104471680e+00	3.118784427642822266e+00	3.097824541771406273e-02
3.237745004279697358e+00	3.584737300872802734e+00	3.322233984213694702e-02
3.255818469454922592e+00	3.222908496856689453e+00	3.131408838254545746e-02
3.273891934630148270e+00	2.193337917327880859e+00	2.551881764199395719e-02
3.291965399805373504e+00	1.318968296051025391e+00	1.954140876222244458e-02
3.310038864980598738e+00	8.182544708251953125e-01	1.523192531734720093e-02
3.328112330155824417e+00	5.508736968040466309e-01	1.240103949536557580e-02
3.346185795331049651e+00	4.092478156089782715e-01	1.062221673850811433e-02
3.364259260506275329e+00	3.285185098648071289e-01	9.582911266215004414e-03
3.382332725681500563e+00	2.774330079555511475e-01	8.838531824998200129e-03
3.400406190856726241e+00	2.434021383523941040e-01	8.297681052007040495e-03
3.418479656031951475e+00	2.173552513122558594e-01	7.852367321400604769e-03
3.436553121207176709e+00	1.981622427701950073e-01	7.505507505567281419e-03
3.454626586382402387e+00	1.846541762351989746e-01	7.249815541750690047e-03
3.472700051557627621e+00	1.739318519830703735e-01	7.038313323405167264e-03
3.490773516732853299e+00	1.648323982954025269e-01	6.852461677846400333e-03
3.508846981908078533e+00	1.570753306150436401e-01	6.689375625617828384e-03
3.526920447083303767e+00	1.527134478092193604e-01	6.526014052121639590e-03
3.544993912258529445e+00	1.482170969247817993e-01	6.365960308430692813e-03
3.563067377433754679e+00	1.425773799419403076e-01	6.198867995717684785e-03
3.581140842608980357e+00	1.401503980159759521e-01	6.110603243812857965e-03
3.599214307784205591e+00	1.396362185478210449e-01	6.069180048099912482e-03
3.617287772959431269e+00	1.344038099050521851e-01	5.926111291832942760e-03
3.635361238134656503e+00	1.330402195453643799e-01	5.870613826138907504e-03
3.653434703309881737e+00	1.334134638309478760e-01	5.855464786028187311e-03
3.671508168485107415e+00	1.327425092458724976e-01	5.818640644874409004e-03
3.689581633660332649e+00	1.321947574615478516e-01	5.785099985650638509e-03
3.707655098835558327e+00	1.284150928258895874e-01	5.680246011160524668e-03
3.725728564010783561e+00	1.281629502773284912e-01	5.655578817141561528e-03
3.743802029186009239e+00	1.262482851743698120e-01	5.593798792261818302e-03
3.761875494361234473e+00	1.259036511182785034e-01	5.567530443252364722e-03
3.779948959536459707e+00	1.282166242599487305e-01	5.601473820094776852e-03
3.798022424711685385e+00	1.272440552711486816e-01	5.561507018538739376e-03
3.816095889886910619e+00	1.293721050024032593e-01	5.591422337698624678e-03
3.834169355062136297e+00	1.265718191862106323e-01	5.512969321842317930e-03
3.852242820237361531e+00	1.251992136240005493e-01	5.465492964794073372e-03
3.870316285412586765e+00	1.263941824436187744e-01	5.476125862821154891e-03
3.888389750587812443e+00	1.269343644380569458e-01	5.471760753232295105e-03
3.906463215763037677e+00	1.282023638486862183e-01	5.482727844173008146e-03
3.924536680938263356e+00	1.289366781711578369e-01	5.483950694293578815e-03
3.942610146113488589e+00	1.292458921670913696e-01	5.474184676469757808e-03
3.960683611288714268e+00	1.313539892435073853e-01	5.503021323624643010e-03
3.978757076463939502e+00	1.307584792375564575e-01	5.475581699075033303e-03
3.996830541639164736e+00	1.332795768976211548e-01	5.513548869021671524e-03
4.014904006814390414e+00	1.362879872322082520e-01	5.560913730865951754e-03
4.032977471989615204e+00	1.375712305307388306e-01	5.572168233827878674e-03
4.051050937164840882e+00	1.407587230205535889e-01	5.622583198637843595e-03
4.069124402340066560e+00	1.442127823829650879e-01	5.677813471391174663e-03
4.087197867515292238e+00	1.493981033563613892e-01	5.766242994456496733e-03
4.105271332690517028e+00	1.549600362777709961e-01	5.858412654557992351e-03
4.123344797865742706e+00	1.679990589618682861e-01	6.087891703939671099e-03
4.141418263040968384e+00	1.836003363132476807e-01	6.352234193511032724e-03
4.159491728216193174e+00	2.091034501791000366e-01	6.768929580603029982e-03
4.177565193391418852e+00	2.447897642850875854e-01	7.313932213875970305e-03
4.195638658566644530e+00	3.039987981319427490e-01	8.145999427613934835e-03
4.213712123741869320e+00	3.919259905815124512e-01	9.249891167870507094e-03
4.231785588917094998e+00	5.064126849174499512e-01	1.051892623066618022e-02
4.249859054092320676e+00	6.142142415046691895e-01	1.158363795999830213e-02
4.267932519267545466e+00	7.144328951835632324e-01	1.248948192270303570e-02
4.286005984442771144e+00	8.336338400840759277e-01	1.349175134149734924e-02
4.304079449617996822e+00	1.021060228347778320e+00	1.494161111801354386e-02
4.322152914793222500e+00	1.173918008804321289e+00	1.602243279262303977e-02
4.340226379968447290e+00	1.050856232643127441e+00	1.509420819369425119e-02
4.358299845143672968e+00	7.457370162010192871e-01	1.261717563863460137e-02
4.376373310318898646e+00	4.884875714778900146e-01	1.013128828994787518e-02
4.394446775494123436e+00	3.379576206207275391e-01	8.373788499462650123e-03
4.412520240669349114e+00	2.573558390140533447e-01	7.271982292464096963e-03
4.430593705844574792e+00	2.096039652824401855e-01	6.536201268574396393e-03
4.448667171019799582e+00	1.858326643705368042e-01	6.195637973636659510e-03
4.466740636195025260e+00	1.687854081392288208e-01	5.938661592075405657e-03
4.484814101370250938e+00	1.600923091173171997e-01	5.797195732317330687e-03
4.502887566545476616e+00	1.534397155046463013e-01	5.674851614763614001e-03
4.520961031720701406e+00	1.482661962509155273e-01	5.583521610806101154e-03
4.539034496895927084e+00	1.457810997962951660e-01	5.542867262582132186e-03
4.557107962071152762e+00	1.419937312602996826e-01	5.474708315249346598e-03
4.575181427246377552e+00	1.381385624408721924e-01	5.402875997713070706e-03
4.593254892421603230e+00	1.366373002529144287e-01	5.375605035263114791e-03
4.611328357596828909e+00	1.356606483459472656e-01	5.358144446212250757e-03
4.629401822772054587e+00	1.358315348625183105e-01	5.359722117432869776e-03
4.647475287947279377e+00	1.327284723520278931e-01	5.290700341990699392e-03
4.665548753122505055e+00	1.334960460662841797e-01	5.299519881583297613e-03
4.683622218297730733e+00	1.320629864931106567e-01	5.268509887242704866e-03
4.701695683472955523e+00	1.313018798828125000e-01	5.251726969997057466e-03
4.719769148648181201e+00	1.329812854528427124e-01	5.287945466905597143e-03
4.737842613823406879e+00	1.310809254646301270e-01	5.309676231678849868e-03
4.755916078998632557e+00	1.312109380960464478e-01	5.352537046343203674e-03
4.773989544173857347e+00	1.315436065196990967e-01	5.389998200772243460e-03
4.792063009349083025e+00	1.305969059467315674e-01	5.395142301932940795e-03
4.810136474524308703e+00	1.304127126932144165e-01	5.412588107277137989e-03
4.828209939699533493e+00	1.311364024877548218e-01	5.447218915238387013e-03
4.846283404874759171e+00	1.296667605638504028e-01	5.433770778569373128e-03
4.864356870049984849e+00	1.303142011165618896e-01	5.465266221670058919e-03
4.882430335225210527e+00	1.313627660274505615e-01	5.543398092164241245e-03
4.900503800400435317e+00	1.325434893369674683e-01	5.621278811234320556e-03
4.918577265575660995e+00	1.305702030658721924e-01	5.623486053779392854e-03
4.936650730750886673e+00	1.284524351358413696e-01	5.636604203934129920e-03
4.954724195926111463e+00	1.333765536546707153e-01	5.818888278948178283e-03
4.972797661101337141e+00	1.322812139987945557e-01	5.852480749129588405e-03
4.990871126276562819e+00	1.335624903440475464e-01	5.920602999910812639e-03
5.008944591451788497e+00	1.326785236597061157e-01	5.931472260803624490e-03
5.027018056627013287e+00	1.329021155834197998e-01	5.966669454373994125e-03
5.045091521802238965e+00	1.354473084211349487e-01	6.051276643297996867e-03
5.063164986977464643e+00	1.377541720867156982e-01	6.128012700169914624e-03
5.081238452152689433e+00	1.360426843166351318e-01	6.112362422066732782e-03
5.099311917327915111e+00	1.377118229866027832e-01	6.269284768612586739e-03
5.117385382503140789e+00	1.424149870872497559e-01	6.490551551526034697e-03
5.135458847678366467e+00	1.470857709646224976e-01	6.661225790470646189e-03
5.153532312853591257e+00	1.494824588298797607e-01	6.761798707606112013e-03
5.171605778028816935e+00	1.539186239242553711e-01	6.910580815907584051e-03
5.189679243204042614e+00	1.625529974699020386e-01	7.145560649598241970e-03
5.207752708379267403e+00	1.761946380138397217e-01	7.482926692186205042e-03
5.225826173554493081e+00	1.994062960147857666e-01	8.006769300160941627e-03
5.243899638729718760e+00	2.277700304985046387e-01	8.604948192646082530e-03
5.261973103904943549e+00	2.752307355403900146e-01	9.499207474291173139e-03
5.280046569080169228e+00	3.472644984722137451e-01	1.071059557701626794e-02
5.298120034255394906e+00	4.212490320205688477e-01	1.184719263854522656e-02
5.316193499430620584e+00	4.887768328189849854e-01	1.282867993202800073e-02
5.334266964605845374e+00	5.252080559730529785e-01	1.335761116234464828e-02
5.352340429781071052e+00	5.562921762466430664e-01	1.380626622018883178e-02
5.370413894956296730e+00	6.547411680221557617e-01	1.505782972462529207e-02
5.388487360131521520e+00	8.060637116432189941e-01	1.680290163507097354e-02
5.406560825306747198e+00	9.165940880775451660e-01	1.824790705758563836e-02
5.424634290481972876e+00	8.213418126106262207e-01	1.763030792462713658e-02
5.442707755657198554e+00	6.022136211395263672e-01	1.528494295239184349e-02
5.460781220832423344e+00	4.077219367027282715e-01	1.270525048702573698e-02
5.478854686007649022e+00	2.933981716632843018e-01	1.088652816936272645e-02
5.496928151182874700e+00	2.289471477270126343e-01	9.715123050463694843e-03
5.515001616358099490e+00	1.961131691932678223e-01	9.085052674456478225e-03
5.533075081533325168e+00	1.773777008056640625e-01	8.729582762853951503e-03
5.551148546708550846e+00	1.626073569059371948e-01	8.440715877424008126e-03
5.569222011883776524e+00	1.580944508314132690e-01	8.395983338842187907e-03
5.587295477059001314e+00	1.463724076747894287e-01	8.144424122349563575e-03
5.605368942234226992e+00	1.400165706872940063e-01	8.029980545025605307e-03
5.623442407409452670e+00	1.332734525203704834e-01	7.896015947519739037e-03
5.641515872584677460e+00	1.322430670261383057e-01	7.927925530640400273e-03
5.659589337759903138e+00	1.341240108013153076e-01	8.054141628966410976e-03
5.677662802935128816e+00	1.300987750291824341e-01	8.006992177399301081e-03
5.695736268110354494e+00	1.271454840898513794e-01	7.990549888023602138e-03
5.713809733285579284e+00	1.272208392620086670e-01	8.070809566911581884e-03
5.731883198460804962e+00	1.244219020009040833e-01	8.053894358850259214e-03
5.749956663636030640e+00	1.297438293695449829e-01	8.292145498941800100e-03
5.768030128811255430e+00	1.250437200069427490e-01	8.197186993980254410e-03
5.786103593986481108e+00	1.231247633695602417e-01	8.191089403772269448e-03
5.804177059161706786e+00	1.207494288682937622e-01	8.168950104509319077e-03
5.822250524336932465e+00	1.238989606499671936e-01	8.340594432067459721e-03
5.840323989512157254e+00	1.199410557746887207e-01	8.282038792006275046e-03
5.858397454687382933e+00	1.207755953073501587e-01	8.390101489162095014e-03
5.876470919862608611e+00	1.232858374714851379e-01	8.557851669666266883e-03
5.894544385037833401e+00	1.220108047127723694e-01	8.594718282666643019e-03
5.912617850213059079e+00	1.168168336153030396e-01	8.489536988727119926e-03
5.930691315388284757e+00	1.198624297976493835e-01	8.684112251166727081e-03
5.948764780563510435e+00	1.188843250274658203e-01	8.733049739412438936e-03
5.966838245738735225e+00	1.182811707258224487e-01	8.796477280017270250e-03
5.984911710913960903e+00	1.199712231755256653e-01	8.948337684651726590e-03
6.002985176089186581e+00	1.154126748442649841e-01	8.863593037947443271e-03
6.021058641264411371e+00	1.178759932518005371e-01	9.049829550400546874e-03
6.039132106439637049e+00	1.162368729710578918e-01	9.078269962953435662e-03
6.057205571614862727e+00	1.155517920851707458e-01	9.149016139926750141e-03
6.075279036790087517e+00	1.141346096992492676e-01	9.184649430457231950e-03
6.093352501965313195e+00	1.149167567491531372e-01	9.293937327743532345e-03
6.111425967140538873e+00	1.181865185499191284e-01	9.499415147313641089e-03
6.129499432315764551e+00	1.162621676921844482e-01	9.495083853041992594e-03
6.147572897490989341e+00	1.174658238887786865e-01	9.618750592555564208e-03
6.165646362666215019e+00	1.179978847503662109e-01	9.721707856658727900e-03
6.183719827841440697e+00	1.159293204545974731e-01	9.730993461411313952e-03
6.201793293016665487e+00	1.186495199799537659e-01	9.955934014801303897e-03
6.219866758191891165e+00	1.176500469446182251e-01	1.002699993189397516e-02
6.237940223367116843e+00	1.160921901464462280e-01	1.007644777885944448e-02
6.256013688542342521e+00	1.241621300578117371e-01	1.054692528686154533e-02
6.274087153717567311e+00	1.289890855550765991e-01	1.088068465419897608e-02
6.292160618892792989e+00	1.353746056556701660e-01	1.129046330513560313e-02
6.310234084068018667e+00	1.448896229267120361e-01	1.182487029383723180e-02
6.328307549243243457e+00	1.641742885112762451e-01	1.275195299083502036e-02
6.346381014418469135e+00	1.798240095376968384e-01	1.352479072814781816e-02
6.364454479593694813e+00	2.068747878074645996e-01	1.470579007824079215e-02
6.382527944768920491e+00	2.291626036167144775e-01	1.569388123934198354e-02
6.400601409944145281e+00	2.312167435884475708e-01	1.598441670874199694e-02
6.418674875119370959e+00	2.268564105033874512e-01	1.605638223390651320e-02
6.436748340294596638e+00	2.435804903507232666e-01	1.688452552273807944e-02
6.454821805469821427e+00	2.863243222236633301e-01	1.859040227703422088e-02
6.472895270645047106e+00	3.245131671428680420e-01	2.010472372525909379e-02
6.490968735820272784e+00	3.769397735595703125e-01	2.204217592993622590e-02
6.509042200995498462e+00	3.436448574066162109e-01	2.136857229553319748e-02
6.527115666170723252e+00	2.608410716056823730e-01	1.889926063389291838e-02
6.545189131345948930e+00	1.981423348188400269e-01	1.674272772166686060e-02
6.563262596521174608e+00	1.602524518966674805e-01	1.533369523117934612e-02
6.581336061696399398e+00	1.391167342662811279e-01	1.452535396336369911e-02
6.599409526871625076e+00	1.277974396944046021e-01	1.418113676284207293e-02
6.617482992046850754e+00	1.129220426082611084e-01	1.358986840281238041e-02
6.635556457222076432e+00	1.176550537347793579e-01	1.415401472805605937e-02
6.653629922397301222e+00	1.080687567591667175e-01	1.384993214689757106e-02
6.671703387572526900e+00	1.057086288928985596e-01	1.399939399335926871e-02
6.689776852747752578e+00	1.069234237074851990e-01	1.440266557292278066e-02
6.707850317922977368e+00	1.055924594402313232e-01	1.465409375448198034e-02
6.725923783098203046e+00	1.049317121505737305e-01	1.497678913095647907e-02
6.743997248273428724e+00	9.963274747133255005e-02	1.497475828757126835e-02
6.762070713448653514e+00	9.970645606517791748e-02	1.539508392034158457e-02
6.780144178623879192e+00	9.314155578613281250e-02	1.531545526053671932e-02
6.798217643799104870e+00	9.495548158884048462e-02	1.594309442826937276e-02
6.816291108974330548e+00	9.283258765935897827e-02	1.636773393283658812e-02
6.834364574149555338e+00	8.969242125749588013e-02	1.685973197315168357e-02
6.852438039324781016e+00	9.458843618631362915e-02	1.820620696219110365e-02
6.870511504500006694e+00	9.962641447782516479e-02	1.999617593089010603e-02
6.888584969675231484e+00	9.008912742137908936e-02	1.997376893526779662e-02
6.906658434850457162e+00	1.030242219567298889e-01	2.214000371569511960e-02
6.924731900025682840e+00	1.079461351037025452e-01	2.334118076999679159e-02
6.942805365200908518e+00	1.020872667431831360e-01	2.317212711866297251e-02
6.960878830376133308e+00	9.790755808353424072e-02	2.318167371515489697e-02
6.978952295551358986e+00	1.045820638537406921e-01	2.450491507885311018e-02
6.997025760726584664e+00	8.903393894433975220e-02	2.314008869399965251e-02
7.015099225901809454e+00	8.277039974927902222e-02	2.285816068387225633e-02
7.033172691077035132e+00	9.164173901081085205e-02	2.467409881274592459e-02
7.051246156252260811e+00	9.725028276443481445e-02	2.615129639772276540e-02
7.069319621427486489e+00	1.022113040089607239e-01	2.760999748001760276e-02
7.087393086602711278e+00	1.001491993665695190e-01	2.808898603968847454e-02
7.105466551777936957e+00	9.465289860963821411e-02	2.818165008705278071e-02
7.123540016953162635e+00	9.630383551120758057e-02	2.941730452562971512e-02
7.141613482128387425e+00	8.874257653951644897e-02	2.927239770181997228e-02
7.159686947303613103e+00	8.229903131723403931e-02	2.929924698564696089e-02
7.177760412478838781e+00	9.803347289562225342e-02	3.337413060424652272e-02
7.195833877654064459e+00	9.600871801376342773e-02	3.458397812813043121e-02
7.213907342829289249e+00	8.042409271001815796e-02	3.327497476362302475e-02
7.231980808004514927e+00	8.959138393402099609e-02	3.715112274444098278e-02
7.250054273179740605e+00	8.407142758369445801e-02	3.833414138100180169e-02
7.268127738354965395e+00	1.083915755152702332e-01	4.674790319874324446e-02
7.286201203530191073e+00	1.072970926761627197e-01	5.059049167595805474e-02
7.304274668705416751e+00	1.024365052580833435e-01	5.473498209268589515e-02
7.322348133880642429e+00	1.203877627849578857e-01	6.722319796273253101e-02
7.340421599055867219e+00	9.472302347421646118e-02	7.064553541273546622e-02
7.358495064231092897e+00	8.183129876852035522e-02	8.470670695685340867e-02
7.376568529406317687e+00	4.230965301394462585e-02	1.041175239839252503e-01
