# Normalized	8324.0 eV	AgBeh
# q	I	Poisson error
# nm-1	cm-1	cm-1
1.533027402487101842e-01	6.316088867187500000e+02	6.492255364894892189e+00
1.700689274230457460e-01	4.564756774902343750e+02	3.086388045138718894e+00
1.868351145973813354e-01	3.204805603027343750e+02	2.003120684297749587e+00
2.036013017717168971e-01	2.312568817138671875e+02	1.438232497964785805e+00
2.203674889460524589e-01	1.682972564697265625e+02	1.058317212103450755e+00
2.371336761203880483e-01	1.272504119873046875e+02	8.071974114243655185e-01
2.538998632947235823e-01	9.986516571044921875e+01	6.398820303268503151e-01
2.706660504690591718e-01	7.772960662841796875e+01	5.579808263525379841e-01
2.874322376433947612e-01	6.091693496704101562e+01	4.837816343347282055e-01
3.041984248177302952e-01	4.855549621582031250e+01	4.235405068836206044e-01
3.209646119920659402e-01	3.906455993652343750e+01	3.748601578696592052e-01
3.377307991664014741e-01	3.181200981140136719e+01	3.265906971759879873e-01
3.544969863407370081e-01	2.631806182861328125e+01	2.790990437834326987e-01
3.712631735150726531e-01	2.179864501953125000e+01	2.435046028438344334e-01
3.880293606894081870e-01	1.818087196350097656e+01	2.146158215860605456e-01
4.047955478637437210e-01	1.527945995330810547e+01	1.899637006723864097e-01
4.215617350380793660e-01	1.285253715515136719e+01	1.688739569156834930e-01
4.383279222124148999e-01	1.091376495361328125e+01	1.516797639402744091e-01
4.550941093867504339e-01	9.249901771545410156e+00	1.362566980973793085e-01
4.718602965610860789e-01	7.941168785095214844e+00	1.234351320230106103e-01
4.886264837354216128e-01	6.727186203002929688e+00	1.111884446439442842e-01
5.053926709097571468e-01	5.768824100494384766e+00	1.005595509904475549e-01
5.221588580840927918e-01	4.914698600769042969e+00	9.072576773350285451e-02
5.389250452584283257e-01	4.219240665435791016e+00	8.248509240629882389e-02
5.556912324327638597e-01	3.621042251586914062e+00	7.502805856449923372e-02
5.724574196070995047e-01	3.137575864791870117e+00	7.039195628392491688e-02
5.892236067814350386e-01	2.679229736328125000e+00	6.550369858665054668e-02
6.059897939557706836e-01	2.243957996368408203e+00	5.985596396585695506e-02
6.227559811301062176e-01	1.922808527946472168e+00	5.516864422443336358e-02
6.395221683044417516e-01	1.623646140098571777e+00	5.021640412401549153e-02
6.562883554787772855e-01	1.380967140197753906e+00	4.579403302834784278e-02
6.730545426531129305e-01	1.157878279685974121e+00	4.162270648771841663e-02
6.898207298274484645e-01	9.861750006675720215e-01	3.815807710049765739e-02
7.065869170017839984e-01	8.381297588348388672e-01	3.494501825687728463e-02
7.233531041761196434e-01	6.884569525718688965e-01	3.084613773055521965e-02
7.401192913504551774e-01	6.171951889991760254e-01	2.823350575197687562e-02
7.568854785247907113e-01	5.202932953834533691e-01	2.536143478078303065e-02
7.736516656991263563e-01	4.310753643512725830e-01	2.269100086835939070e-02
7.904178528734618903e-01	3.820208907127380371e-01	2.110961946914301224e-02
8.071840400477974242e-01	3.551700711250305176e-01	2.007803796936966784e-02
8.239502272221330692e-01	3.439367413520812988e-01	1.948454219925855810e-02
8.407164143964686032e-01	3.707895278930664062e-01	1.997386404505965482e-02
8.574826015708041371e-01	4.177728295326232910e-01	2.095347367295032764e-02
8.742487887451397821e-01	5.260470509529113770e-01	2.326430862054627846e-02
8.910149759194753161e-01	6.385064125061035156e-01	2.536522426849656051e-02
9.077811630938108500e-01	8.503080010414123535e-01	2.901099428422194981e-02
9.245473502681464950e-01	1.172882556915283203e+00	3.379608431054028500e-02
9.413135374424820290e-01	1.662539958953857422e+00	3.996967166073127353e-02
9.580797246168175629e-01	2.472925424575805664e+00	4.851256702874549159e-02
9.748459117911532079e-01	3.680523395538330078e+00	5.897392513627270488e-02
9.916120989654887419e-01	5.650897026062011719e+00	7.299882976080251940e-02
1.008378286139824498e+00	9.112349510192871094e+00	9.293059408049268721e-02
1.025144473314159921e+00	1.487507438659667969e+01	1.194604410013590107e-01
1.041910660488495566e+00	2.426180839538574219e+01	1.542965929969549455e-01
1.058676847662831211e+00	3.624096298217773438e+01	1.907619012487431764e-01
1.075443034837166634e+00	4.300719451904296875e+01	2.081288308973433809e-01
1.092209222011502279e+00	3.620274734497070312e+01	1.876871829052886853e-01
1.108975409185837924e+00	2.237589073181152344e+01	1.429830586317487051e-01
1.125741596360173347e+00	1.211370849609375000e+01	1.019315636282020349e-01
1.142507783534508992e+00	6.536671161651611328e+00	7.296464773107706747e-02
1.159273970708844415e+00	3.669024229049682617e+00	5.355598192158100845e-02
1.176040157883180060e+00	2.074059963226318359e+00	3.959868436106842721e-02
1.192806345057515705e+00	1.144384860992431641e+00	2.900406326535854770e-02
1.209572532231851127e+00	5.757042765617370605e-01	2.069632944770694732e-02
1.226338719406186772e+00	1.829060465097427368e-01	1.166344386362192995e-02
1.243104906580522417e+00	-9.305977821350097656e-02	nan
1.259871093754857840e+00	-2.811222076416015625e-01	nan
1.276637280929193485e+00	-4.137294888496398926e-01	nan
1.293403468103529130e+00	-5.363959670066833496e-01	nan
1.310169655277864553e+00	-6.145911216735839844e-01	nan
1.326935842452200198e+00	-7.032344341278076172e-01	nan
1.343702029626535843e+00	-7.648037672042846680e-01	nan
1.360468216800871266e+00	-8.150188922882080078e-01	nan
1.377234403975206911e+00	-8.546535372734069824e-01	nan
1.394000591149542556e+00	-8.804141283035278320e-01	nan
1.410766778323877979e+00	-9.035725593566894531e-01	nan
1.427532965498213624e+00	-9.279257655143737793e-01	nan
1.444299152672549269e+00	-9.464429616928100586e-01	nan
1.461065339846884692e+00	-9.597551822662353516e-01	nan
1.477831527021220337e+00	-9.687586426734924316e-01	nan
1.494597714195555982e+00	-9.731063246726989746e-01	nan
1.511363901369891405e+00	-9.722122550010681152e-01	nan
1.528130088544227050e+00	-9.814276099205017090e-01	nan
1.544896275718562695e+00	-9.850458502769470215e-01	nan
1.561662462892898118e+00	-9.883661270141601562e-01	nan
1.578428650067233763e+00	-9.833442568778991699e-01	nan
1.595194837241569408e+00	-9.826756119728088379e-01	nan
1.611961024415904831e+00	-9.831555485725402832e-01	nan
1.628727211590240476e+00	-9.772568345069885254e-01	nan
1.645493398764576121e+00	-9.683308601379394531e-01	nan
1.662259585938911544e+00	-9.684577584266662598e-01	nan
1.679025773113247189e+00	-9.689468741416931152e-01	nan
1.695791960287582834e+00	-9.628003239631652832e-01	nan
1.712558147461918256e+00	-9.584490656852722168e-01	nan
1.729324334636253901e+00	-9.506813883781433105e-01	nan
1.746090521810589546e+00	-9.503919482231140137e-01	nan
1.762856708984924969e+00	-9.383918642997741699e-01	nan
1.779622896159260614e+00	-9.320728778839111328e-01	nan
1.796389083333596259e+00	-9.236590862274169922e-01	nan
1.813155270507931904e+00	-9.069892764091491699e-01	nan
1.829921457682267327e+00	-8.992385268211364746e-01	nan
1.846687644856602972e+00	-8.888660669326782227e-01	nan
1.863453832030938617e+00	-8.725693225860595703e-01	nan
1.880220019205274040e+00	-8.636207580566406250e-01	nan
1.896986206379609685e+00	-8.446509838104248047e-01	nan
1.913752393553945330e+00	-8.215209245681762695e-01	nan
1.930518580728280753e+00	-8.019667267799377441e-01	nan
1.947284767902616398e+00	-7.769694328308105469e-01	nan
1.964050955076952043e+00	-7.381042838096618652e-01	nan
1.980817142251287466e+00	-6.853255033493041992e-01	nan
1.997583329425623111e+00	-6.185742020606994629e-01	nan
2.014349516599958978e+00	-5.245198011398315430e-01	nan
2.031115703774294179e+00	-3.848401904106140137e-01	nan
2.047881890948629824e+00	-1.779138296842575073e-01	nan
2.064648078122965469e+00	1.305238008499145508e-01	7.342148871187679886e-03
2.081414265297301114e+00	6.259343624114990234e-01	1.619785614132913942e-02
2.098180452471636759e+00	1.419920921325683594e+00	2.456570390241511956e-02
2.114946639645972404e+00	2.547240257263183594e+00	3.312432096161924827e-02
2.131712826820307605e+00	3.955387115478515625e+00	4.155174216533806530e-02
2.148479013994643250e+00	5.246584415435791016e+00	4.804768752975079743e-02
2.165245201168978895e+00	5.384805202484130859e+00	4.852625251438327791e-02
2.182011388343314540e+00	3.904587507247924805e+00	4.077442774948106946e-02
2.198777575517650185e+00	2.136834144592285156e+00	2.961897499371590747e-02
2.215543762691985830e+00	9.325935244560241699e-01	1.921614602133011815e-02
2.232309949866321475e+00	2.782922685146331787e-01	1.032190868509919902e-02
2.249076137040656675e+00	-8.253578841686248779e-02	nan
2.265842324214992320e+00	-2.804519832134246826e-01	nan
2.282608511389327965e+00	-3.990547358989715576e-01	nan
2.299374698563663610e+00	-4.665049016475677490e-01	nan
2.316140885737999255e+00	-5.147557854652404785e-01	nan
2.332907072912334900e+00	-5.443891286849975586e-01	nan
2.349673260086670545e+00	-5.585508942604064941e-01	nan
2.366439447261005746e+00	-5.711692571640014648e-01	nan
2.383205634435341391e+00	-5.791717767715454102e-01	nan
2.399971821609677036e+00	-5.807124376296997070e-01	nan
2.416738008784012681e+00	-5.827242136001586914e-01	nan
2.433504195958348326e+00	-5.785217881202697754e-01	nan
2.450270383132683971e+00	-5.850259065628051758e-01	nan
2.467036570307019172e+00	-5.812066793441772461e-01	nan
2.483802757481354817e+00	-5.744107365608215332e-01	nan
2.500568944655690462e+00	-5.703822374343872070e-01	nan
2.517335131830026107e+00	-5.637277960777282715e-01	nan
2.534101319004361752e+00	-5.625478625297546387e-01	nan
2.550867506178697397e+00	-5.550805330276489258e-01	nan
2.567633693353032598e+00	-5.479150414466857910e-01	nan
2.584399880527368243e+00	-5.434916615486145020e-01	nan
2.601166067701703888e+00	-5.353703498840332031e-01	nan
2.617932254876039533e+00	-5.273652672767639160e-01	nan
2.634698442050375178e+00	-5.203503370285034180e-01	nan
2.651464629224710823e+00	-5.150941610336303711e-01	nan
2.668230816399046024e+00	-5.138981938362121582e-01	nan
2.684997003573381669e+00	-5.048415660858154297e-01	nan
2.701763190747717314e+00	-4.935850799083709717e-01	nan
2.718529377922052959e+00	-4.870616793632507324e-01	nan
2.735295565096388604e+00	-4.801489412784576416e-01	nan
2.752061752270724249e+00	-4.703265130519866943e-01	nan
2.768827939445059449e+00	-4.652081429958343506e-01	nan
2.785594126619395094e+00	-4.573913514614105225e-01	nan
2.802360313793730739e+00	-4.501565694808959961e-01	nan
2.819126500968066384e+00	-4.433725774288177490e-01	nan
2.835892688142402029e+00	-4.350872337818145752e-01	nan
2.852658875316737674e+00	-4.247605204582214355e-01	nan
2.869425062491072875e+00	-4.147937893867492676e-01	nan
2.886191249665408520e+00	-4.070804119110107422e-01	nan
2.902957436839744165e+00	-3.959256112575531006e-01	nan
2.919723624014079810e+00	-3.878122568130493164e-01	nan
2.936489811188415455e+00	-3.767252564430236816e-01	nan
2.953255998362751100e+00	-3.631641268730163574e-01	nan
2.970022185537086301e+00	-3.512843251228332520e-01	nan
2.986788372711421946e+00	-3.387495279312133789e-01	nan
3.003554559885757591e+00	-3.172311484813690186e-01	nan
3.020320747060093236e+00	-2.940894365310668945e-01	nan
3.037086934234428881e+00	-2.730303704738616943e-01	nan
3.053853121408764526e+00	-2.343361228704452515e-01	nan
3.070619308583099727e+00	-1.877118051052093506e-01	nan
3.087385495757435372e+00	-1.184204667806625366e-01	nan
3.104151682931771017e+00	-1.835417374968528748e-02	nan
3.120917870106106662e+00	1.281744092702865601e-01	5.957491376267605269e-03
3.137684057280442307e+00	3.412057757377624512e-01	9.844018971703101181e-03
3.154450244454777952e+00	6.509742736816406250e-01	1.374320260148619542e-02
3.171216431629113153e+00	1.067820191383361816e+00	1.777308455302630333e-02
3.187982618803448798e+00	1.549717545509338379e+00	2.159525343846139395e-02
3.204748805977784443e+00	2.070775508880615234e+00	2.514792608734470886e-02
3.221514993152120088e+00	2.671860456466674805e+00	2.876529934299879368e-02
3.238281180326455733e+00	3.074794292449951172e+00	3.098908889981696543e-02
3.255047367500791378e+00	2.761425256729125977e+00	2.928944214022131953e-02
3.271813554675126579e+00	1.844756364822387695e+00	2.346678290243868828e-02
3.288579741849462224e+00	1.005956768989562988e+00	1.696509088059429404e-02
3.305345929023797868e+00	4.940264523029327393e-01	1.168848380686237677e-02
3.322112116198133513e+00	2.091419994831085205e-01	7.499062635759818837e-03
3.338878303372469158e+00	5.220225080847740173e-02	3.698541666036013302e-03
3.355644490546804803e+00	-4.312379658222198486e-02	nan
3.372410677721140004e+00	-9.615569561719894409e-02	nan
3.389176864895475649e+00	-1.306044757366180420e-01	nan
3.405943052069811294e+00	-1.540798842906951904e-01	nan
3.422709239244146939e+00	-1.693007498979568481e-01	nan
3.439475426418482584e+00	-1.777022033929824829e-01	nan
3.456241613592818229e+00	-1.887260675430297852e-01	nan
3.473007800767153874e+00	-1.929678022861480713e-01	nan
3.489773987941489075e+00	-1.993961036205291748e-01	nan
3.506540175115824720e+00	-2.017552256584167480e-01	nan
3.523306362290160365e+00	-2.035797387361526489e-01	nan
3.540072549464496010e+00	-2.042976766824722290e-01	nan
3.556838736638831655e+00	-2.036843597888946533e-01	nan
3.573604923813167300e+00	-2.009305655956268311e-01	nan
3.590371110987502501e+00	-1.999491751194000244e-01	nan
3.607137298161838146e+00	-1.986322700977325439e-01	nan
3.623903485336173791e+00	-1.989534795284271240e-01	nan
3.640669672510509436e+00	-1.959762871265411377e-01	nan
3.657435859684845081e+00	-1.943422108888626099e-01	nan
3.674202046859180726e+00	-1.912197768688201904e-01	nan
3.690968234033515927e+00	-1.874045878648757935e-01	nan
3.707734421207851572e+00	-1.860127449035644531e-01	nan
3.724500608382187217e+00	-1.839284151792526245e-01	nan
3.741266795556522862e+00	-1.795898228883743286e-01	nan
3.758032982730858507e+00	-1.786594539880752563e-01	nan
3.774799169905194152e+00	-1.762903332710266113e-01	nan
3.791565357079529353e+00	-1.712638586759567261e-01	nan
3.808331544253864998e+00	-1.667655855417251587e-01	nan
3.825097731428200643e+00	-1.637905091047286987e-01	nan
3.841863918602536287e+00	-1.618532836437225342e-01	nan
3.858630105776871932e+00	-1.587303727865219116e-01	nan
3.875396292951207577e+00	-1.561708003282546997e-01	nan
3.892162480125542778e+00	-1.542417407035827637e-01	nan
3.908928667299878423e+00	-1.488695144653320312e-01	nan
3.925694854474214068e+00	-1.459501087665557861e-01	nan
3.942461041648549713e+00	-1.414570063352584839e-01	nan
3.959227228822885358e+00	-1.385330706834793091e-01	nan
3.975993415997221003e+00	-1.347253620624542236e-01	nan
3.992759603171556204e+00	-1.311683505773544312e-01	nan
4.009525790345891849e+00	-1.291062533855438232e-01	nan
4.026291977520227050e+00	-1.218192279338836670e-01	nan
4.043058164694563139e+00	-1.181820183992385864e-01	nan
4.059824351868898340e+00	-1.122412830591201782e-01	nan
4.076590539043234429e+00	-1.047120988368988037e-01	nan
4.093356726217569630e+00	-9.581299871206283569e-02	nan
4.110122913391904831e+00	-8.665162324905395508e-02	nan
4.126889100566240920e+00	-7.359767705202102661e-02	nan
4.143655287740576121e+00	-5.389139056205749512e-02	nan
4.160421474914912210e+00	-2.807830274105072021e-02	nan
4.177187662089247411e+00	8.463798090815544128e-03	1.319836570395244288e-03
4.193953849263583500e+00	6.670902669429779053e-02	3.734142396588152266e-03
4.210720036437918701e+00	1.438016593456268311e-01	5.515429608836509498e-03
4.227486223612254790e+00	2.406388819217681885e-01	7.172566798099920364e-03
4.244252410786589991e+00	3.524835109710693359e-01	8.721851323335602299e-03
4.261018597960925192e+00	4.493756890296936035e-01	9.881638311551544859e-03
4.277784785135261281e+00	5.499778985977172852e-01	1.096596435901542495e-02
4.294550972309596482e+00	6.903891563415527344e-01	1.232420817045242790e-02
4.311317159483932571e+00	8.756857514381408691e-01	1.391836567184750670e-02
4.328083346658267772e+00	9.550937414169311523e-01	1.454097912292453415e-02
4.344849533832602972e+00	7.735674977302551270e-01	1.303250358272171026e-02
4.361615721006939062e+00	4.820537865161895752e-01	1.021234197418839119e-02
4.378381908181274262e+00	2.585977613925933838e-01	7.429490463465010693e-03
4.395148095355610351e+00	1.262498646974563599e-01	5.219278024406043097e-03
4.411914282529945552e+00	5.485438928008079529e-02	3.450249161605499233e-03
4.428680469704281641e+00	1.264753285795450211e-02	1.658464608477413756e-03
4.445446656878616842e+00	-1.318053714931011200e-02	nan
4.462212844052952043e+00	-2.828061394393444061e-02	nan
4.478979031227288132e+00	-3.628300130367279053e-02	nan
4.495745218401623333e+00	-4.116823151707649231e-02	nan
4.512511405575959422e+00	-4.403791949152946472e-02	nan
4.529277592750294623e+00	-4.566657915711402893e-02	nan
4.546043779924630712e+00	-4.686345160007476807e-02	nan
4.562809967098965913e+00	-4.654271900653839111e-02	nan
4.579576154273301114e+00	-5.015557259321212769e-02	nan
4.596342341447637203e+00	-4.904310777783393860e-02	nan
4.613108528621972404e+00	-5.013464763760566711e-02	nan
4.629874715796308493e+00	-4.557957500219345093e-02	nan
4.646640902970643694e+00	-4.613306000828742981e-02	nan
4.663407090144978895e+00	-4.927884787321090698e-02	nan
4.680173277319314984e+00	-4.573214426636695862e-02	nan
4.696939464493650185e+00	-4.416735097765922546e-02	nan
4.713705651667986274e+00	-4.370337352156639099e-02	nan
4.730471838842321475e+00	-4.271497949957847595e-02	nan
4.747238026016657564e+00	-4.024650529026985168e-02	nan
4.764004213190992765e+00	-3.839854151010513306e-02	nan
4.780770400365327966e+00	-3.846686705946922302e-02	nan
4.797536587539664055e+00	-3.887657076120376587e-02	nan
4.814302774713999256e+00	-3.680130094289779663e-02	nan
4.831068961888335345e+00	-3.491516783833503723e-02	nan
4.847835149062670546e+00	-3.197497874498367310e-02	nan
4.864601336237005746e+00	-3.115991503000259399e-02	nan
4.881367523411341836e+00	-2.978710271418094635e-02	nan
4.898133710585677036e+00	-2.816155552864074707e-02	nan
4.914899897760013125e+00	-2.921306714415550232e-02	nan
4.931666084934348326e+00	-2.738065645098686218e-02	nan
4.948432272108684415e+00	-2.397232130169868469e-02	nan
4.965198459283019616e+00	-2.472487464547157288e-02	nan
4.981964646457354817e+00	-1.995840854942798615e-02	nan
4.998730833631690906e+00	-1.965380273759365082e-02	nan
5.015497020806026107e+00	-1.809133030474185944e-02	nan
5.032263207980362196e+00	-1.533911190927028656e-02	nan
5.049029395154697397e+00	-1.300813723355531693e-02	nan
5.065795582329032598e+00	-9.964345954358577728e-03	nan
5.082561769503368687e+00	-1.081458013504743576e-02	nan
5.099327956677703888e+00	-1.000276301056146622e-02	nan
5.116094143852039977e+00	-3.297210671007633209e-03	nan
5.132860331026375178e+00	1.586512895300984383e-03	8.182372028326338059e-04
5.149626518200711267e+00	3.514722920954227448e-03	1.231170198760252145e-03
5.166392705375046468e+00	1.516333501785993576e-02	2.584736836344395886e-03
5.183158892549381669e+00	2.164709568023681641e-02	3.116656177394367625e-03
5.199925079723717758e+00	3.210494294762611389e-02	3.830346262028994087e-03
5.216691266898052959e+00	4.979923367500305176e-02	4.814838186741824365e-03
5.233457454072389048e+00	7.245617359876632690e-02	5.861217031643110170e-03
5.250223641246724249e+00	1.058997511863708496e-01	7.158129010719571118e-03
5.266989828421059450e+00	1.600507944822311401e-01	8.900763818581377065e-03
5.283756015595395539e+00	2.206387668848037720e-01	1.056880863451528478e-02
5.300522202769730740e+00	2.921057641506195068e-01	1.230027973173952391e-02
5.317288389944066829e+00	3.555995523929595947e-01	1.371381214202134144e-02
5.334054577118402030e+00	3.901626169681549072e-01	1.449015751015846586e-02
5.350820764292738119e+00	4.130621552467346191e-01	1.502089857519774835e-02
5.367586951467073320e+00	4.793709814548492432e-01	1.631464454556231722e-02
5.384353138641408520e+00	6.143683195114135742e-01	1.864065206574061148e-02
5.401119325815744610e+00	7.458513975143432617e-01	2.073729234882074057e-02
5.417885512990079810e+00	7.295938134193420410e-01	2.069470269998158196e-02
5.434651700164415900e+00	5.499189496040344238e-01	1.808819058794853760e-02
5.451417887338751100e+00	3.530278503894805908e-01	1.457910942335263922e-02
5.468184074513086301e+00	2.172285020351409912e-01	1.151125666807660888e-02
5.484950261687422390e+00	1.417471766471862793e-01	9.368797005256692539e-03
5.501716448861757591e+00	9.354341030120849609e-02	7.672682892535431960e-03
5.518482636036093680e+00	7.072658091783523560e-02	6.730936075504356970e-03
5.535248823210428881e+00	5.259475857019424438e-02	5.856779483312528345e-03
5.552015010384764970e+00	4.158007353544235229e-02	5.256878070848048333e-03
5.568781197559100171e+00	3.498309850692749023e-02	4.868513402036781998e-03
5.585547384733435372e+00	2.819514088332653046e-02	4.413694986375125799e-03
5.602313571907771461e+00	2.475008741021156311e-02	4.176763619346547142e-03
5.619079759082106662e+00	2.438832446932792664e-02	4.190896753085043488e-03
5.635845946256442751e+00	2.292156405746936798e-02	4.103875986595247223e-03
5.652612133430777952e+00	2.096641063690185547e-02	3.957553567600841267e-03
5.669378320605114041e+00	1.869548298418521881e-02	3.765688401445740907e-03
5.686144507779449242e+00	1.249902788549661636e-02	3.101627357701646544e-03
5.702910694953784443e+00	1.508064195513725281e-02	3.434315926125877660e-03
5.719676882128120532e+00	1.323571335524320602e-02	3.244056423057994389e-03
5.736443069302455733e+00	1.442540716379880905e-02	3.420673999432571367e-03
5.753209256476791822e+00	1.214965991675853729e-02	3.174125334407031443e-03
5.769975443651127023e+00	1.652307063341140747e-02	3.745367764119595603e-03
5.786741630825462224e+00	1.413496211171150208e-02	3.504134742330820406e-03
5.803507817999798313e+00	1.373901125043630600e-02	3.495906308111174175e-03
5.820274005174133514e+00	1.056389324367046356e-02	3.101646233883753080e-03
5.837040192348469603e+00	1.322228647768497467e-02	3.515246554911120608e-03
5.853806379522804804e+00	8.664075285196304321e-03	2.879121720509451691e-03
5.870572566697140893e+00	1.506298501044511795e-02	3.846688588541613465e-03
5.887338753871476094e+00	1.594336144626140594e-02	4.009847075392675153e-03
5.904104941045811294e+00	1.394249871373176575e-02	3.799263652608098410e-03
5.920871128220147384e+00	1.215661875903606415e-02	3.595580227732852237e-03
5.937637315394482584e+00	1.584891229867935181e-02	4.164123193775704293e-03
5.954403502568818674e+00	1.610004343092441559e-02	4.256891808370481291e-03
5.971169689743153874e+00	9.284080937504768372e-03	3.278258319927989089e-03
5.987935876917489075e+00	1.542826090008020401e-02	4.291449562837209263e-03
6.004702064091825164e+00	1.556133199483156204e-02	4.376460674607761565e-03
6.021468251266160365e+00	1.690301299095153809e-02	4.638033984975327602e-03
6.038234438440496454e+00	1.814477890729904175e-02	4.881612095578360781e-03
6.055000625614831655e+00	1.831957697868347168e-02	4.984961470110638344e-03
6.071766812789167744e+00	1.644328050315380096e-02	4.804398576348529321e-03
6.088532999963502945e+00	1.817128062248229980e-02	5.147180754738823853e-03
6.105299187137838146e+00	1.753738895058631897e-02	5.142964954550689229e-03
6.122065374312174235e+00	1.846223138272762299e-02	5.376601244554673337e-03
6.138831561486509436e+00	1.584990881383419037e-02	5.079588192377183092e-03
6.155597748660845525e+00	1.865156181156635284e-02	5.623072980343821539e-03
6.172363935835180726e+00	1.715101674199104309e-02	5.506043583129479994e-03
6.189130123009515927e+00	2.219370193779468536e-02	6.403340637990708427e-03
6.205896310183852016e+00	2.036628685891628265e-02	6.274461694744583318e-03
6.222662497358187217e+00	2.347664348781108856e-02	6.898506433532651180e-03
6.239428684532523306e+00	2.661022171378135681e-02	7.531163931488576817e-03
6.256194871706858507e+00	3.167697787284851074e-02	8.434013168041326267e-03
6.272961058881194596e+00	3.125797584652900696e-02	8.610145926545019132e-03
6.289727246055529797e+00	4.380523785948753357e-02	1.049658483723040110e-02
6.306493433229864998e+00	4.690907523036003113e-02	1.119951899782671047e-02
6.323259620404201087e+00	6.685884296894073486e-02	1.388961065645831494e-02
6.340025807578536288e+00	8.233407139778137207e-02	1.615781366237051958e-02
6.356791994752872377e+00	1.012582406401634216e-01	1.884632269185279943e-02
6.373558181927207578e+00	1.349016129970550537e-01	2.328793634903603832e-02
6.390324369101542779e+00	1.501182466745376587e-01	2.581137915419122464e-02
6.407090556275878868e+00	1.323125809431076050e-01	2.510811995641799160e-02
6.423856743450214069e+00	1.417231559753417969e-01	2.676428385532935231e-02
6.440622930624550158e+00	1.677619963884353638e-01	2.973560742459462405e-02
6.457389117798885358e+00	1.980408281087875366e-01	3.301335166368853796e-02
6.474155304973221448e+00	2.619895637035369873e-01	3.885222106980999734e-02
6.490921492147556648e+00	3.041114211082458496e-01	4.285794766066556433e-02
6.507687679321891849e+00	2.511142790317535400e-01	3.988601655427156251e-02
6.524453866496227938e+00	1.866259425878524780e-01	3.525272967813840308e-02
6.541220053670563139e+00	1.207339987158775330e-01	2.915370484422441164e-02
6.557986240844899228e+00	8.609351515769958496e-02	2.534243854958859524e-02
6.574752428019234429e+00	6.483568251132965088e-02	2.259767577950687334e-02
6.591518615193569630e+00	5.007789656519889832e-02	2.049324409870073235e-02
6.608284802367905719e+00	3.020830638706684113e-02	1.646640718980324491e-02
6.625050989542240920e+00	3.225268051028251648e-02	1.763897882419325838e-02
6.641817176716577009e+00	2.741893380880355835e-02	1.690399077371805212e-02
6.658583363890912210e+00	2.410869300365447998e-02	1.654018671479866309e-02
6.675349551065248299e+00	2.734200470149517059e-02	1.844607853994375060e-02
6.692115738239583500e+00	2.919196151196956635e-02	2.004018648074618741e-02
6.708881925413918701e+00	1.345129124820232391e-02	1.438576761209215196e-02
6.725648112588254790e+00	3.708034753799438477e-02	2.545209923904067500e-02
6.742414299762589991e+00	1.701547950506210327e-02	1.851104994792866082e-02
6.759180486936926080e+00	1.026832871139049530e-02	1.563981576942708590e-02
6.775946674111261281e+00	2.503548562526702881e-02	2.704809872551269465e-02
6.792712861285597370e+00	2.433717995882034302e-02	3.021199789182762302e-02
6.809479048459932571e+00	1.314440928399562836e-02	2.630772938989189499e-02
6.826245235634267772e+00	2.780723385512828827e-02	4.936756184177058804e-02
6.843011422808603861e+00	8.184017986059188843e-02	1.448244800465536830e-01
