# Normalized	10000.0 eV	AgBeh
# q	I	Poisson error
# nm-1	cm-1	cm-1
1.841697148967067765e-01	2.914354858398437500e+02	4.380507752592449400e+00
2.043117153216008064e-01	2.175976257324218750e+02	2.111809468743060858e+00
2.244537157464948640e-01	1.552991790771484375e+02	1.381808808618865347e+00
2.445957161713888939e-01	1.145299682617187500e+02	1.003857671055382372e+00
2.647377165962829237e-01	8.566697692871093750e+01	7.498080155630930665e-01
2.848797170211769814e-01	6.572396087646484375e+01	5.764585200388766539e-01
3.050217174460709835e-01	5.242264556884765625e+01	4.610290857268646292e-01
3.251637178709650411e-01	4.150871658325195312e+01	4.059856674826635703e-01
3.453057182958590987e-01	3.279070281982421875e+01	3.536467131413506548e-01
3.654477187207531008e-01	2.644422721862792969e+01	3.116412402040109608e-01
3.855897191456471029e-01	2.149633407592773438e+01	2.774074820596648672e-01
4.057317195705412161e-01	1.776985549926757812e+01	2.436407723721230878e-01
4.258737199954352182e-01	1.500929355621337891e+01	2.105092907154506587e-01
4.460157204203292203e-01	1.276272392272949219e+01	1.862241836766258540e-01
4.661577208452233334e-01	1.086713123321533203e+01	1.659245780926668357e-01
4.862997212701173355e-01	9.307088851928710938e+00	1.483236509207932763e-01
5.064417216950113376e-01	8.167303085327148438e+00	1.347996018429616083e-01
5.265837221199054508e-01	7.089305400848388672e+00	1.224596247667312371e-01
5.467257225447994529e-01	6.299096107482910156e+00	1.127332896593734174e-01
5.668677229696934550e-01	5.535614013671875000e+00	1.033576233871562056e-01
5.870097233945874571e-01	4.939463615417480469e+00	9.562967804883079626e-02
6.071517238194815702e-01	4.441511631011962891e+00	8.862286892288505358e-02
6.272937242443755723e-01	4.031189441680908203e+00	8.259966254747390380e-02
6.474357246692695744e-01	3.669188261032104492e+00	7.738047389224561590e-02
6.675777250941636876e-01	3.368018150329589844e+00	7.284897914711821465e-02
6.877197255190576897e-01	3.110696315765380859e+00	7.059951664970623431e-02
7.078617259439516918e-01	2.890462160110473633e+00	6.857860683410176017e-02
7.280037263688456939e-01	2.675363063812255859e+00	6.592948192056664880e-02
7.481457267937398070e-01	2.562860727310180664e+00	6.431292503559223050e-02
7.682877272186338091e-01	2.413800954818725586e+00	6.187559983400593017e-02
7.884297276435278112e-01	2.340377330780029297e+00	6.031244226582020002e-02
8.085717280684219244e-01	2.238534212112426758e+00	5.860224163967749783e-02
8.287137284933159265e-01	2.214351177215576172e+00	5.796431417684959342e-02
8.488557289182099286e-01	2.254461526870727539e+00	5.818641846567587650e-02
8.689977293431040417e-01	2.336148500442504883e+00	5.781538803586237091e-02
8.891397297679980438e-01	2.462022066116333008e+00	5.749598413173987593e-02
9.092817301928920459e-01	2.723283767700195312e+00	5.934432899585318638e-02
9.294237306177861591e-01	3.151245832443237305e+00	6.300022897531652732e-02
9.495657310426801612e-01	3.893662214279174805e+00	6.955655441065689004e-02
9.697077314675741633e-01	5.124453544616699219e+00	7.925763165038270108e-02
9.898497318924681654e-01	7.391720771789550781e+00	9.484387307451377924e-02
1.009991732317362390e+00	1.176718616485595703e+01	1.199646077510524433e-01
1.030133732742256392e+00	1.990419006347656250e+01	1.575885863846486490e-01
1.050275733167150394e+00	3.337833023071289062e+01	2.074118002673683847e-01
1.070417733592044396e+00	4.528869247436523438e+01	2.437810460362588028e-01
1.090559734016938398e+00	4.077939605712890625e+01	2.274678115211936913e-01
1.110701734441832400e+00	2.455273818969726562e+01	1.695881863548528434e-01
1.130843734866726624e+00	1.257302093505859375e+01	1.165436265846424291e-01
1.150985735291620626e+00	6.932653903961181641e+00	8.396252046157073878e-02
1.171127735716514628e+00	4.241754055023193359e+00	6.418107997039325385e-02
1.191269736141408631e+00	2.931511163711547852e+00	5.242004246067646228e-02
1.211411736566302633e+00	2.171623706817626953e+00	4.443711527853213411e-02
1.231553736991196635e+00	1.723321795463562012e+00	3.905442367763845707e-02
1.251695737416090637e+00	1.391489267349243164e+00	3.467825687043914890e-02
1.271837737840984639e+00	1.170501708984375000e+00	3.144906194404992195e-02
1.291979738265878863e+00	1.009143471717834473e+00	2.888685308546599592e-02
1.312121738690772865e+00	8.843251466751098633e-01	2.677479867539845834e-02
1.332263739115666867e+00	7.712337970733642578e-01	2.475584694927310606e-02
1.352405739540560869e+00	6.817802190780639648e-01	2.305276045216947053e-02
1.372547739965454872e+00	6.133538484573364258e-01	2.166524420582883678e-02
1.392689740390348874e+00	5.734390020370483398e-01	2.077087111655835303e-02
1.412831740815243098e+00	5.239958167076110840e-01	1.969691272070652616e-02
1.432973741240137100e+00	4.808942675590515137e-01	1.873375299901927291e-02
1.453115741665031102e+00	4.499274194240570068e-01	1.833770866380438069e-02
1.473257742089925104e+00	4.367177188396453857e-01	1.818233662246846599e-02
1.493399742514819106e+00	3.973512649536132812e-01	1.731087935242634976e-02
1.513541742939713108e+00	3.775383532047271729e-01	1.685505011331152325e-02
1.533683743364607110e+00	3.572613894939422607e-01	1.638196202792382983e-02
1.553825743789501335e+00	3.449869453907012939e-01	1.607793434119976494e-02
1.573967744214395337e+00	3.263523578643798828e-01	1.561067715788086105e-02
1.594109744639289339e+00	3.152304887771606445e-01	1.531569083134665457e-02
1.614251745064183341e+00	3.136328756809234619e-01	1.525131209845807974e-02
1.634393745489077343e+00	3.051649332046508789e-01	1.473899066381062321e-02
1.654535745913971345e+00	2.979499399662017822e-01	1.428348957817641984e-02
1.674677746338865569e+00	2.861477434635162354e-01	1.386777057551187402e-02
1.694819746763759571e+00	2.804259955883026123e-01	1.363721600164258599e-02
1.714961747188653574e+00	2.702925205230712891e-01	1.331042882864848231e-02
1.735103747613547576e+00	2.663495838642120361e-01	1.314237849157718317e-02
1.755245748038441578e+00	2.539588809013366699e-01	1.276827155012059088e-02
1.775387748463335580e+00	2.471141517162322998e-01	1.253182528591598698e-02
1.795529748888229582e+00	2.486005872488021851e-01	1.251043372027042626e-02
1.815671749313123806e+00	2.484659701585769653e-01	1.245054573919424611e-02
1.835813749738017808e+00	2.520159184932708740e-01	1.248740894089120715e-02
1.855955750162911810e+00	2.498439401388168335e-01	1.237844687649480510e-02
1.876097750587805812e+00	2.526333928108215332e-01	1.239375077326881902e-02
1.896239751012699815e+00	2.593699693679809570e-01	1.250981028563376285e-02
1.916381751437593817e+00	2.716992497444152832e-01	1.275345974854328289e-02
1.936523751862488041e+00	2.950258255004882812e-01	1.322527832067661724e-02
1.956665752287382043e+00	3.204375803470611572e-01	1.370010511418057707e-02
1.976807752712276045e+00	3.620213270187377930e-01	1.444527847746253195e-02
1.996949753137170047e+00	4.157114923000335693e-01	1.534134397070991557e-02
2.017091753562064049e+00	5.403261780738830566e-01	1.736864654239158451e-02
2.037233753986958273e+00	7.141685485839843750e-01	1.986521508988054602e-02
2.057375754411852498e+00	1.022030353546142578e+00	2.368902020786301660e-02
2.077517754836746278e+00	1.554746985435485840e+00	2.920396375303634107e-02
2.097659755261640502e+00	2.473202943801879883e+00	3.689533312946548932e-02
2.117801755686534282e+00	3.899932146072387695e+00	4.653975786514973068e-02
2.137943756111428506e+00	5.707343101501464844e+00	5.660403682756931509e-02
2.158085756536322286e+00	6.735176563262939453e+00	6.146359746162150667e-02
2.178227756961216510e+00	5.480483055114746094e+00	5.469832835935561910e-02
2.198369757386110734e+00	3.265341281890869141e+00	4.130501901920406727e-02
2.218511757811004514e+00	1.794223427772521973e+00	3.000887396586251338e-02
2.238653758235898739e+00	1.050011634826660156e+00	2.261284369589668802e-02
2.258795758660792963e+00	6.916752457618713379e-01	1.814004605046953128e-02
2.278937759085686743e+00	4.997337162494659424e-01	1.527773690928105159e-02
2.299079759510580967e+00	3.908355236053466797e-01	1.340783176977462625e-02
2.319221759935474747e+00	3.341586589813232422e-01	1.231983942131763266e-02
2.339363760360368971e+00	2.862142324447631836e-01	1.132975477133949492e-02
2.359505760785262751e+00	2.570716440677642822e-01	1.067513605290931755e-02
2.379647761210156975e+00	2.348596751689910889e-01	1.014720585642234739e-02
2.399789761635051200e+00	2.099465429782867432e-01	9.541261747610878252e-03
2.419931762059944980e+00	1.992908120155334473e-01	9.249192679594788261e-03
2.440073762484839204e+00	1.869954466819763184e-01	8.915213741155747842e-03
2.460215762909732984e+00	1.821733862161636353e-01	8.757747079510391081e-03
2.480357763334627208e+00	1.691527664661407471e-01	8.398175538203491233e-03
2.500499763759520988e+00	1.651162058115005493e-01	8.258174758394463619e-03
2.520641764184415212e+00	1.630544513463973999e-01	8.171407990269614896e-03
2.540783764609309436e+00	1.606840640306472778e-01	8.074683589356177610e-03
2.560925765034203216e+00	1.548211276531219482e-01	7.890641243029912488e-03
2.581067765459097441e+00	1.552912592887878418e-01	7.868417860027820607e-03
2.601209765883991221e+00	1.510396748781204224e-01	7.726638974711221540e-03
2.621351766308885445e+00	1.478310376405715942e-01	7.611526323968998732e-03
2.641493766733779669e+00	1.425473392009735107e-01	7.441682244458219971e-03
2.661635767158673449e+00	1.406894177198410034e-01	7.361431316419382760e-03
2.681777767583567673e+00	1.453823000192642212e-01	7.452977919297726871e-03
2.701919768008461453e+00	1.423976868391036987e-01	7.346323573371047778e-03
2.722061768433355677e+00	1.399229764938354492e-01	7.251546586353978599e-03
2.742203768858249457e+00	1.382392644882202148e-01	7.179232155425902852e-03
2.762345769283143682e+00	1.392385661602020264e-01	7.176601341758283466e-03
2.782487769708037906e+00	1.424220800399780273e-01	7.231588556515659676e-03
2.802629770132931686e+00	1.420533061027526855e-01	7.194249947056096522e-03
2.822771770557825910e+00	1.442795991897583008e-01	7.222850289935755369e-03
2.842913770982719690e+00	1.484381407499313354e-01	7.300006007160186015e-03
2.863055771407613914e+00	1.479369997978210449e-01	7.260132822146844397e-03
2.883197771832507694e+00	1.544250845909118652e-01	7.382990380453386542e-03
2.903339772257401918e+00	1.545805484056472778e-01	7.352894315609532876e-03
2.923481772682296143e+00	1.610120534896850586e-01	7.478437699095527233e-03
2.943623773107189923e+00	1.640623956918716431e-01	7.522346586786727782e-03
2.963765773532084147e+00	1.737496852874755859e-01	7.716851940422733876e-03
2.983907773956977927e+00	1.882067769765853882e-01	8.068590985852427955e-03
3.004049774381872151e+00	1.973659545183181763e-01	8.339139359340911814e-03
3.024191774806766375e+00	2.153351157903671265e-01	8.746272477298621881e-03
3.044333775231660155e+00	2.491572946310043335e-01	9.443719059115443168e-03
3.064475775656554379e+00	2.917497754096984863e-01	1.025313730741416081e-02
3.084617776081448159e+00	3.575461506843566895e-01	1.139064266520940262e-02
3.104759776506342384e+00	4.730279743671417236e-01	1.315460060595675766e-02
3.124901776931236164e+00	6.620087623596191406e-01	1.564631476902850551e-02
3.145043777356130388e+00	9.646027088165283203e-01	1.901069853245187027e-02
3.165185777781024612e+00	1.418554544448852539e+00	2.309949100727069771e-02
3.185327778205918392e+00	1.992927074432373047e+00	2.723400814245835813e-02
3.205469778630812616e+00	2.662003755569458008e+00	3.150747378088904205e-02
3.225611779055706396e+00	3.420144319534301758e+00	3.577475215016970300e-02
3.245753779480600620e+00	3.632779359817504883e+00	3.674606025220475414e-02
3.265895779905494400e+00	2.762808799743652344e+00	3.158915198291552956e-02
3.286037780330388625e+00	1.634723067283630371e+00	2.382370220378688536e-02
3.306179780755282849e+00	9.354822635650634766e-01	1.771724366589058283e-02
3.326321781180176629e+00	5.974763631820678711e-01	1.398825544871839903e-02
3.346463781605070853e+00	4.195668101310729980e-01	1.161171714815592386e-02
3.366605782029964633e+00	3.258845806121826172e-01	1.015981141355874924e-02
3.386747782454858857e+00	2.698557674884796143e-01	9.189803523029687130e-03
3.406889782879752637e+00	2.310571074485778809e-01	8.456091061210558105e-03
3.427031783304646861e+00	2.082132697105407715e-01	7.988438718696049337e-03
3.447173783729541086e+00	1.969380974769592285e-01	7.733567754189061248e-03
3.467315784154434866e+00	1.776964068412780762e-01	7.312028821535464587e-03
3.487457784579329090e+00	1.674263179302215576e-01	7.068287594101759462e-03
3.507599785004222870e+00	1.633740067481994629e-01	6.955620264272470259e-03
3.527741785429117094e+00	1.539227068424224854e-01	6.723931091313297033e-03
3.547883785854011318e+00	1.459509879350662231e-01	6.521989509541971722e-03
3.568025786278905098e+00	1.455991715192794800e-01	6.490884859311671883e-03
3.588167786703799322e+00	1.419606357812881470e-01	6.386214849196254414e-03
3.608309787128693102e+00	1.379387676715850830e-01	6.272448945031024702e-03
3.628451787553587327e+00	1.370829939842224121e-01	6.231924067120261403e-03
3.648593787978481107e+00	1.358349472284317017e-01	6.181862331343394336e-03
3.668735788403375331e+00	1.340166777372360229e-01	6.120581939847532203e-03
3.688877788828269555e+00	1.289999932050704956e-01	5.982782050514224605e-03
3.709019789253163335e+00	1.286045163869857788e-01	5.955288506802537858e-03
3.729161789678057559e+00	1.282903403043746948e-01	5.928712667242447970e-03
3.749303790102951339e+00	1.267927139997482300e-01	5.946033176387912830e-03
3.769445790527845563e+00	1.244449764490127563e-01	5.919468490047015766e-03
3.789587790952739343e+00	1.268436014652252197e-01	5.996655005299510004e-03
3.809729791377633568e+00	1.267186850309371948e-01	6.006972605471030263e-03
3.829871791802527792e+00	1.278722435235977173e-01	6.044680779135724880e-03
3.850013792227421572e+00	1.210779175162315369e-01	5.885841298648717031e-03
3.870155792652315796e+00	1.252973973751068115e-01	5.993089605337295969e-03
3.890297793077209576e+00	1.284534186124801636e-01	6.071856697783649913e-03
3.910439793502103800e+00	1.285414844751358032e-01	6.075760693949158915e-03
3.930581793926998024e+00	1.298851370811462402e-01	6.044515550537776262e-03
3.950723794351891804e+00	1.309498846530914307e-01	6.011193397270343103e-03
3.970865794776786029e+00	1.306141316890716553e-01	5.961792446575725664e-03
3.991007795201679809e+00	1.344592869281768799e-01	6.016358004362302482e-03
4.011149795626574033e+00	1.325700283050537109e-01	5.943943139627075670e-03
4.031291796051467813e+00	1.363566368818283081e-01	6.002437255376789384e-03
4.051433796476361593e+00	1.380270272493362427e-01	6.014215993582530326e-03
4.071575796901256261e+00	1.469155550003051758e-01	6.183523020671623932e-03
4.091717797326150041e+00	1.535077393054962158e-01	6.299605333761838268e-03
4.111859797751043821e+00	1.558360010385513306e-01	6.324832239096469903e-03
4.132001798175937601e+00	1.755086779594421387e-01	6.695498030111503816e-03
4.152143798600832270e+00	1.984116584062576294e-01	7.103953517323651455e-03
4.172285799025726050e+00	2.383606582880020142e-01	7.775679292599123500e-03
4.192427799450620718e+00	3.020463585853576660e-01	8.749020564219807741e-03
4.212569799875514498e+00	3.896277844905853271e-01	9.940404010159564069e-03
4.232711800300408278e+00	5.192300081253051758e-01	1.148882535911140840e-02
4.252853800725302058e+00	6.469965577125549316e-01	1.283625941191523373e-02
4.272995801150196726e+00	7.581354975700378418e-01	1.389601416347598963e-02
4.293137801575090506e+00	9.354318380355834961e-01	1.545705467032654559e-02
4.313279801999984286e+00	1.163636088371276855e+00	1.728033195382433496e-02
4.333421802424878955e+00	1.168004155158996582e+00	1.726526323629983678e-02
4.353563802849772735e+00	8.568299412727355957e-01	1.463945633269443831e-02
4.373705803274666515e+00	5.372442007064819336e-01	1.145871402922904805e-02
4.393847803699560295e+00	3.543213009834289551e-01	9.218406104845838778e-03
4.413989804124454963e+00	2.551794350147247314e-01	7.767236636266562286e-03
4.434131804549348743e+00	2.047960907220840454e-01	6.922337743613692952e-03
4.454273804974242523e+00	1.808687895536422729e-01	6.479200621697988292e-03
4.474415805399137192e+00	1.683295965194702148e-01	6.229098105520167010e-03
4.494557805824030972e+00	1.566448360681533813e-01	5.988608297359043070e-03
4.514699806248924752e+00	1.522627323865890503e-01	5.887511678378257868e-03
4.534841806673818532e+00	1.445307284593582153e-01	5.719074790105757068e-03
4.554983807098713200e+00	1.443970352411270142e-01	5.702584562814616218e-03
4.575125807523606980e+00	1.390061825513839722e-01	5.578425111322717241e-03
4.595267807948500760e+00	1.403404772281646729e-01	5.591654542887735356e-03
4.615409808373395428e+00	1.369092762470245361e-01	5.507827171801451399e-03
4.635551808798289208e+00	1.373949795961380005e-01	5.504298283193106468e-03
4.655693809223182988e+00	1.358792632818222046e-01	5.459161876391130375e-03
4.675835809648076768e+00	1.324085444211959839e-01	5.374562876058371942e-03
4.695977810072971437e+00	1.303788572549819946e-01	5.319533077680171744e-03
4.716119810497865217e+00	1.295595914125442505e-01	5.289613772256438785e-03
4.736261810922758997e+00	1.332462280988693237e-01	5.352341807771718481e-03
4.756403811347653665e+00	1.322205215692520142e-01	5.318828550715544619e-03
4.776545811772547445e+00	1.337523311376571655e-01	5.338135840085672830e-03
4.796687812197441225e+00	1.324942260980606079e-01	5.298688461625145410e-03
4.816829812622335005e+00	1.269289106130599976e-01	5.171861156471626274e-03
4.836971813047229674e+00	1.302414238452911377e-01	5.227533641947806897e-03
4.857113813472123454e+00	1.304483711719512939e-01	5.219337210997116588e-03
4.877255813897017234e+00	1.295577734708786011e-01	5.188906324755288707e-03
4.897397814321911902e+00	1.284907907247543335e-01	5.155060106143427752e-03
4.917539814746805682e+00	1.343391239643096924e-01	5.261054082013887252e-03
4.937681815171699462e+00	1.346624046564102173e-01	5.255150286771942229e-03
4.957823815596594130e+00	1.345804184675216675e-01	5.293427214853156822e-03
4.977965816021487910e+00	1.341018080711364746e-01	5.317812445509467745e-03
4.998107816446381690e+00	1.340993344783782959e-01	5.332039313290926411e-03
5.018249816871275470e+00	1.374776810407638550e-01	5.400979477893963314e-03
5.038391817296170139e+00	1.321506649255752563e-01	5.299435716579356526e-03
5.058533817721063919e+00	1.358420401811599731e-01	5.381005371619743127e-03
5.078675818145957699e+00	1.378569453954696655e-01	5.426669875263319572e-03
5.098817818570852367e+00	1.445374041795730591e-01	5.563109947322548640e-03
5.118959818995746147e+00	1.431478708982467651e-01	5.538394454702323839e-03
5.139101819420639927e+00	1.461967825889587402e-01	5.600289461621947747e-03
5.159243819845533707e+00	1.532366722822189331e-01	5.734197542304255227e-03
5.179385820270428376e+00	1.595347374677658081e-01	5.845849865348929850e-03
5.199527820695322156e+00	1.730163693428039551e-01	6.085321341070046644e-03
5.219669821120215936e+00	1.958196163177490234e-01	6.479943564283464734e-03
5.239811821545110604e+00	2.249393761157989502e-01	6.954277528576861128e-03
5.259953821970004384e+00	2.800537049770355225e-01	7.784291846726483673e-03
5.280095822394898164e+00	3.499031662940979004e-01	8.826311283516951114e-03
5.300237822819791944e+00	4.372885823249816895e-01	9.974299860585622568e-03
5.320379823244686612e+00	5.151339173316955566e-01	1.091602708336330413e-02
5.340521823669580392e+00	5.432909727096557617e-01	1.127144855933343362e-02
5.360663824094474172e+00	6.053481698036193848e-01	1.196702408408730454e-02
5.380805824519368841e+00	7.529540061950683594e-01	1.345018467468304772e-02
5.400947824944262621e+00	9.244918823242187500e-01	1.501665432788054297e-02
5.421089825369156401e+00	9.017769694328308105e-01	1.486958201640073592e-02
5.441231825794050181e+00	6.481655836105346680e-01	1.264537456828716475e-02
5.461373826218944849e+00	4.232911765575408936e-01	1.023954599048073136e-02
5.481515826643838629e+00	2.971530854701995850e-01	8.604538577721225143e-03
5.501657827068732409e+00	2.296224981546401978e-01	7.620169829729886782e-03
5.521799827493627078e+00	1.919091641902923584e-01	7.041956690096409961e-03
5.541941827918520858e+00	1.711072921752929688e-01	6.707687202560088865e-03
5.562083828343414638e+00	1.573986262083053589e-01	6.471370853560164116e-03
5.582225828768308418e+00	1.519186645746231079e-01	6.388588968019213998e-03
5.602367829193203086e+00	1.425792574882507324e-01	6.216958476845337381e-03
5.622509829618096866e+00	1.395730525255203247e-01	6.177496123925116898e-03
5.642651830042990646e+00	1.356622874736785889e-01	6.113578632782609018e-03
5.662793830467885314e+00	1.339977085590362549e-01	6.098126171756702331e-03
5.682935830892779094e+00	1.312242895364761353e-01	6.149967311640050678e-03
5.703077831317672874e+00	1.264606416225433350e-01	6.142950674021854275e-03
5.723219831742566654e+00	1.266551017761230469e-01	6.207079003696641846e-03
5.743361832167461323e+00	1.297780126333236694e-01	6.327082786105757244e-03
5.763503832592355103e+00	1.249964982271194458e-01	6.251031547324326261e-03
5.783645833017248883e+00	1.220141276717185974e-01	6.210994439253647408e-03
5.803787833442143551e+00	1.243137493729591370e-01	6.303825256205862829e-03
5.823929833867037331e+00	1.228051558136940002e-01	6.296550432412365179e-03
5.844071834291931111e+00	1.245843842625617981e-01	6.372572275716647389e-03
5.864213834716825779e+00	1.193680018186569214e-01	6.254236511966065719e-03
5.884355835141719560e+00	1.220643669366836548e-01	6.338367383678347906e-03
5.904497835566613340e+00	1.193976104259490967e-01	6.284623038689766267e-03
5.924639835991507120e+00	1.210243105888366699e-01	6.352749256008794441e-03
5.944781836416401788e+00	1.170827895402908325e-01	6.270765455698934510e-03
5.964923836841295568e+00	1.218631938099861145e-01	6.423283333889031992e-03
5.985065837266189348e+00	1.221788451075553894e-01	6.455241337076521660e-03
6.005207837691084016e+00	1.173707470297813416e-01	6.346670139519902144e-03
6.025349838115977796e+00	1.238140612840652466e-01	6.631896372147247018e-03
6.045491838540871576e+00	1.228860169649124146e-01	6.753370691708861055e-03
6.065633838965765356e+00	1.193559020757675171e-01	6.760428440760970006e-03
6.085775839390660025e+00	1.226566582918167114e-01	6.948603039727226961e-03
6.105917839815553805e+00	1.175382882356643677e-01	6.885373606222190690e-03
6.126059840240447585e+00	1.189902499318122864e-01	7.009940585677503118e-03
6.146201840665342253e+00	1.160962209105491638e-01	7.001041657121485212e-03
6.166343841090236033e+00	1.174800246953964233e-01	7.119546293001699326e-03
6.186485841515129813e+00	1.194899156689643860e-01	7.254693708330982836e-03
6.206627841940023593e+00	1.174286901950836182e-01	7.255149753688661628e-03
6.226769842364918262e+00	1.186289638280868530e-01	7.354260380187232875e-03
6.246911842789812042e+00	1.243867501616477966e-01	7.594855385754469349e-03
6.267053843214705822e+00	1.271835416555404663e-01	7.742756146011384351e-03
6.287195843639600490e+00	1.354873031377792358e-01	8.058119979687113424e-03
6.307337844064494270e+00	1.466691642999649048e-01	8.460973524583272759e-03
6.327479844489388050e+00	1.628649830818176270e-01	9.006575439240572037e-03
6.347621844914281830e+00	1.940643489360809326e-01	9.936928176004975605e-03
6.367763845339176498e+00	2.240169793367385864e-01	1.079097335583564798e-02
6.387905845764070278e+00	2.431903034448623657e-01	1.135259222161793223e-02
6.408047846188964058e+00	2.400980144739151001e-01	1.136951743832568043e-02
6.428189846613858727e+00	2.414822131395339966e-01	1.148301257914413273e-02
6.448331847038752507e+00	2.725694477558135986e-01	1.229707252514347822e-02
6.468473847463646287e+00	3.299593925476074219e-01	1.364752111231656677e-02
6.488615847888540067e+00	3.830546438694000244e-01	1.483913676528530838e-02
6.508757848313434735e+00	3.710377514362335205e-01	1.473511003994256059e-02
6.528899848738328515e+00	2.727123796939849854e-01	1.271832820241951788e-02
6.549041849163222295e+00	1.918961107730865479e-01	1.074191970715712707e-02
6.569183849588116964e+00	1.577086150646209717e-01	9.818939790938435025e-03
6.589325850013010744e+00	1.320140510797500610e-01	9.060638277408140928e-03
6.609467850437904524e+00	1.217114105820655823e-01	8.780702642420257220e-03
6.629609850862798304e+00	1.185340806841850281e-01	8.748737812250070509e-03
6.649751851287692972e+00	1.140187457203865051e-01	8.663043337295898288e-03
6.669893851712586752e+00	1.064773648977279663e-01	8.452610246097542676e-03
6.690035852137480532e+00	1.064969450235366821e-01	8.537923598042019765e-03
6.710177852562375200e+00	1.103441119194030762e-01	8.780782342301982762e-03
6.730319852987268980e+00	1.043106839060783386e-01	8.622297542947172586e-03
6.750461853412162760e+00	1.042609289288520813e-01	8.713035549347840705e-03
6.770603853837057429e+00	9.867098182439804077e-02	8.560001825219825874e-03
6.790745854261951209e+00	9.778319299221038818e-02	8.592734553119721341e-03
6.810887854686844989e+00	9.815176576375961304e-02	8.675913863034153198e-03
6.831029855111738769e+00	9.834703058004379272e-02	8.752473014395927356e-03
6.851171855536633437e+00	9.567347168922424316e-02	8.698827717054552142e-03
6.871313855961527217e+00	9.690520912408828735e-02	8.828547552600396822e-03
6.891455856386420997e+00	9.835865348577499390e-02	8.982895249910428578e-03
6.911597856811315665e+00	1.025417447090148926e-01	9.276464074208854230e-03
6.931739857236209446e+00	9.523953497409820557e-02	9.039385998457218421e-03
6.951881857661103226e+00	9.845017641782760620e-02	9.298918114893721040e-03
6.972023858085997006e+00	9.895677864551544189e-02	9.433797485947654354e-03
6.992165858510891674e+00	9.573028981685638428e-02	9.389129033672036911e-03
7.012307858935785454e+00	9.540391713380813599e-02	9.492296404928390191e-03
7.032449859360679234e+00	9.695643931627273560e-02	9.685946472136601482e-03
7.052591859785573902e+00	9.651041775941848755e-02	9.786030224375366626e-03
7.072733860210467682e+00	9.704292565584182739e-02	9.941703657214985210e-03
7.092875860635361462e+00	9.546145796775817871e-02	9.990544794509694654e-03
7.113017861060255242e+00	9.107756614685058594e-02	9.889587472627081599e-03
7.133159861485149911e+00	9.421678632497787476e-02	1.020006732256712595e-02
7.153301861910043691e+00	9.769697487354278564e-02	1.053535834252925137e-02
7.173443862334937471e+00	9.534881263971328735e-02	1.055892955692855004e-02
7.193585862759832139e+00	9.770590066909790039e-02	1.084918776098207048e-02
7.213727863184725919e+00	1.010057628154754639e-01	1.120153500234579054e-02
7.233869863609619699e+00	1.001021042466163635e-01	1.133690311829492481e-02
7.254011864034513479e+00	1.013579219579696655e-01	1.158765898411201305e-02
7.274153864459408148e+00	9.968952834606170654e-02	1.167751885124323694e-02
7.294295864884301928e+00	9.899778664112091064e-02	1.183822047711847666e-02
7.314437865309195708e+00	9.747139364480972290e-02	1.196868236249666942e-02
7.334579865734090376e+00	1.074672713875770569e-01	1.278526193841503927e-02
7.354721866158984156e+00	1.114254146814346313e-01	1.326467251184353970e-02
7.374863866583877936e+00	1.259813308715820312e-01	1.438789970370876053e-02
7.395005867008771716e+00	1.390760391950607300e-01	1.542772714471688997e-02
7.415147867433666384e+00	1.641565412282943726e-01	1.712454850871097597e-02
7.435289867858560164e+00	1.907514482736587524e-01	1.887565783594498739e-02
7.455431868283453944e+00	2.056425511837005615e-01	2.005175472365919309e-02
7.475573868708348613e+00	1.943274587392807007e-01	1.995178726854608675e-02
7.495715869133242393e+00	1.759387701749801636e-01	1.945524225989015907e-02
7.515857869558136173e+00	1.907830238342285156e-01	2.079391904321086296e-02
7.535999869983030841e+00	2.266805619001388550e-01	2.330502638242031715e-02
7.556141870407924621e+00	2.838347852230072021e-01	2.686373097453300524e-02
7.576283870832818401e+00	3.325063288211822510e-01	2.999058678455277308e-02
7.596425871257712181e+00	2.940411567687988281e-01	2.926452825746645239e-02
7.616567871682606850e+00	2.212127298116683960e-01	2.657060276979517077e-02
7.636709872107500630e+00	1.671545207500457764e-01	2.426325558735235519e-02
7.656851872532394410e+00	1.420911699533462524e-01	2.392620856887710951e-02
7.676993872957289078e+00	1.247140243649482727e-01	2.354015258506196931e-02
7.697135873382182858e+00	1.098495423793792725e-01	2.288989720094082927e-02
7.717277873807076638e+00	1.035434678196907043e-01	2.288406698476314061e-02
7.737419874231970418e+00	1.043361276388168335e-01	2.345178637609439398e-02
7.757561874656865086e+00	1.062254086136817932e-01	2.417400220687489568e-02
7.777703875081758866e+00	9.174620360136032104e-02	2.297107601193485588e-02
7.797845875506652646e+00	8.012452721595764160e-02	2.196896008588921853e-02
7.817987875931547315e+00	1.139211282134056091e-01	2.685250225847033920e-02
7.838129876356441095e+00	9.490640461444854736e-02	2.513342752792896775e-02
7.858271876781334875e+00	8.617943525314331055e-02	2.463620109252648988e-02
7.878413877206228655e+00	9.020050615072250366e-02	2.595585440594735255e-02
7.898555877631123323e+00	9.404139965772628784e-02	2.724016979887979722e-02
7.918697878056017103e+00	7.397805154323577881e-02	2.492772658917436976e-02
7.938839878480910883e+00	8.188627660274505615e-02	2.714227418224993485e-02
7.958981878905805551e+00	8.884721994400024414e-02	2.931112601141160762e-02
7.979123879330699332e+00	9.038472175598144531e-02	3.072865907082925063e-02
7.999265879755593112e+00	9.939001500606536865e-02	3.362868140623190977e-02
8.019407880180486003e+00	9.542140364646911621e-02	3.450089226766599876e-02
8.039549880605381560e+00	9.670338034629821777e-02	3.651526531491149086e-02
8.059691881030275340e+00	5.904985219240188599e-02	3.016861814681768422e-02
8.079833881455169120e+00	7.777842134237289429e-02	3.688891611143943483e-02
8.099975881880062900e+00	9.783473610877990723e-02	4.443394718004165661e-02
8.120117882304956680e+00	1.070452630519866943e-01	5.055677347321357873e-02
8.140259882729850460e+00	1.117698475718498230e-01	5.720347378074185085e-02
8.160401883154744240e+00	9.501180797815322876e-02	5.973691953973814944e-02
8.180543883579639797e+00	9.179557859897613525e-02	6.956658778768314011e-02
8.200685884004533577e+00	8.386557549238204956e-02	8.577260462810440411e-02
8.220827884429427357e+00	1.355484426021575928e-01	1.864179952573872812e-01
