# Normalized	8324.0 eV	empty Kapton Hexane
# q	I	Poisson error
# nm-1	cm-1	cm-1
1.533027402487101842e-01	-1.210177540779113770e+00	nan
1.700689274230457460e-01	-9.560012817382812500e-01	nan
1.868351145973813354e-01	-7.553490400314331055e-01	nan
2.036013017717168971e-01	-6.171554923057556152e-01	nan
2.203674889460524589e-01	-5.178374052047729492e-01	nan
2.371336761203880483e-01	-4.529748857021331787e-01	nan
2.538998632947235823e-01	-4.120670855045318604e-01	nan
2.706660504690591718e-01	-3.741030991077423096e-01	nan
2.874322376433947612e-01	-3.476387858390808105e-01	nan
3.041984248177302952e-01	-3.269254565238952637e-01	nan
3.209646119920659402e-01	-3.082715570926666260e-01	nan
3.377307991664014741e-01	-2.933104336261749268e-01	nan
3.544969863407370081e-01	-2.794937789440155029e-01	nan
3.712631735150726531e-01	-2.699122428894042969e-01	nan
3.880293606894081870e-01	-2.586992979049682617e-01	nan
4.047955478637437210e-01	-2.518721222877502441e-01	nan
4.215617350380793660e-01	-2.442803084850311279e-01	nan
4.383279222124148999e-01	-2.387185394763946533e-01	nan
4.550941093867504339e-01	-2.338471412658691406e-01	nan
4.718602965610860789e-01	-2.299243658781051636e-01	nan
4.886264837354216128e-01	-2.251373976469039917e-01	nan
5.053926709097571468e-01	-2.227924317121505737e-01	nan
5.221588580840927918e-01	-2.210483253002166748e-01	nan
5.389250452584283257e-01	-2.190249115228652954e-01	nan
5.556912324327638597e-01	-2.180972695350646973e-01	nan
5.724574196070995047e-01	-2.160300314426422119e-01	nan
5.892236067814350386e-01	-2.165816873311996460e-01	nan
6.059897939557706836e-01	-2.156343013048171997e-01	nan
6.227559811301062176e-01	-2.144305855035781860e-01	nan
6.395221683044417516e-01	-2.156136929988861084e-01	nan
6.562883554787772855e-01	-2.150881439447402954e-01	nan
6.730545426531129305e-01	-2.157007753849029541e-01	nan
6.898207298274484645e-01	-2.166348248720169067e-01	nan
7.065869170017839984e-01	-2.166920751333236694e-01	nan
7.233531041761196434e-01	-2.168757468461990356e-01	nan
7.401192913504551774e-01	-2.194410562515258789e-01	nan
7.568854785247907113e-01	-2.203290164470672607e-01	nan
7.736516656991263563e-01	-2.202910929918289185e-01	nan
7.904178528734618903e-01	-2.207638919353485107e-01	nan
8.071840400477974242e-01	-2.209723442792892456e-01	nan
8.239502272221330692e-01	-2.214019745588302612e-01	nan
8.407164143964686032e-01	-2.218173593282699585e-01	nan
8.574826015708041371e-01	-2.206248193979263306e-01	nan
8.742487887451397821e-01	-2.203956693410873413e-01	nan
8.910149759194753161e-01	-2.206448167562484741e-01	nan
9.077811630938108500e-01	-2.203574776649475098e-01	nan
9.245473502681464950e-01	-2.204694896936416626e-01	nan
9.413135374424820290e-01	-2.191409766674041748e-01	nan
9.580797246168175629e-01	-2.195875942707061768e-01	nan
9.748459117911532079e-01	-2.191649526357650757e-01	nan
9.916120989654887419e-01	-2.173821479082107544e-01	nan
1.008378286139824498e+00	-2.173980176448822021e-01	nan
1.025144473314159921e+00	-2.165730446577072144e-01	nan
1.041910660488495566e+00	-2.158956527709960938e-01	nan
1.058676847662831211e+00	-2.152495533227920532e-01	nan
1.075443034837166634e+00	-2.139673680067062378e-01	nan
1.092209222011502279e+00	-2.137426584959030151e-01	nan
1.108975409185837924e+00	-2.120622843503952026e-01	nan
1.125741596360173347e+00	-2.115275412797927856e-01	nan
1.142507783534508992e+00	-2.102223187685012817e-01	nan
1.159273970708844415e+00	-2.087742835283279419e-01	nan
1.176040157883180060e+00	-2.080384194850921631e-01	nan
1.192806345057515705e+00	-2.069420516490936279e-01	nan
1.209572532231851127e+00	-2.049131393432617188e-01	nan
1.226338719406186772e+00	-2.044956684112548828e-01	nan
1.243104906580522417e+00	-2.032028883695602417e-01	nan
1.259871093754857840e+00	-2.013947814702987671e-01	nan
1.276637280929193485e+00	-1.995687335729598999e-01	nan
1.293403468103529130e+00	-1.986531317234039307e-01	nan
1.310169655277864553e+00	-1.972824037075042725e-01	nan
1.326935842452200198e+00	-1.962038278579711914e-01	nan
1.343702029626535843e+00	-1.947491914033889771e-01	nan
1.360468216800871266e+00	-1.938865035772323608e-01	nan
1.377234403975206911e+00	-1.934477537870407104e-01	nan
1.394000591149542556e+00	-1.920823454856872559e-01	nan
1.410766778323877979e+00	-1.902182549238204956e-01	nan
1.427532965498213624e+00	-1.893998235464096069e-01	nan
1.444299152672549269e+00	-1.882010549306869507e-01	nan
1.461065339846884692e+00	-1.863334327936172485e-01	nan
1.477831527021220337e+00	-1.846871674060821533e-01	nan
1.494597714195555982e+00	-1.834392994642257690e-01	nan
1.511363901369891405e+00	-1.815276592969894409e-01	nan
1.528130088544227050e+00	-1.804049015045166016e-01	nan
1.544896275718562695e+00	-1.789263635873794556e-01	nan
1.561662462892898118e+00	-1.774183511734008789e-01	nan
1.578428650067233763e+00	-1.753003895282745361e-01	nan
1.595194837241569408e+00	-1.737177073955535889e-01	nan
1.611961024415904831e+00	-1.716137826442718506e-01	nan
1.628727211590240476e+00	-1.701464354991912842e-01	nan
1.645493398764576121e+00	-1.684613227844238281e-01	nan
1.662259585938911544e+00	-1.666595488786697388e-01	nan
1.679025773113247189e+00	-1.655639559030532837e-01	nan
1.695791960287582834e+00	-1.634009778499603271e-01	nan
1.712558147461918256e+00	-1.619683206081390381e-01	nan
1.729324334636253901e+00	-1.596003621816635132e-01	nan
1.746090521810589546e+00	-1.586448848247528076e-01	nan
1.762856708984924969e+00	-1.563160121440887451e-01	nan
1.779622896159260614e+00	-1.545098721981048584e-01	nan
1.796389083333596259e+00	-1.529017239809036255e-01	nan
1.813155270507931904e+00	-1.505114138126373291e-01	nan
1.829921457682267327e+00	-1.486925482749938965e-01	nan
1.846687644856602972e+00	-1.472582370042800903e-01	nan
1.863453832030938617e+00	-1.449071615934371948e-01	nan
1.880220019205274040e+00	-1.430412083864212036e-01	nan
1.896986206379609685e+00	-1.409778445959091187e-01	nan
1.913752393553945330e+00	-1.389441043138504028e-01	nan
1.930518580728280753e+00	-1.375600844621658325e-01	nan
1.947284767902616398e+00	-1.360798180103302002e-01	nan
1.964050955076952043e+00	-1.332013458013534546e-01	nan
1.980817142251287466e+00	-1.312241107225418091e-01	nan
1.997583329425623111e+00	-1.290839761495590210e-01	nan
2.014349516599958978e+00	-1.271920949220657349e-01	nan
2.031115703774294179e+00	-1.257140636444091797e-01	nan
2.047881890948629824e+00	-1.236253008246421814e-01	nan
2.064648078122965469e+00	-1.213421598076820374e-01	nan
2.081414265297301114e+00	-1.194790527224540710e-01	nan
2.098180452471636759e+00	-1.174638792872428894e-01	nan
2.114946639645972404e+00	-1.159407570958137512e-01	nan
2.131712826820307605e+00	-1.138300299644470215e-01	nan
2.148479013994643250e+00	-1.111784651875495911e-01	nan
2.165245201168978895e+00	-1.095970496535301208e-01	nan
2.182011388343314540e+00	-1.074139922857284546e-01	nan
2.198777575517650185e+00	-1.055087819695472717e-01	nan
2.215543762691985830e+00	-1.034019365906715393e-01	nan
2.232309949866321475e+00	-1.017545685172080994e-01	nan
2.249076137040656675e+00	-9.990828484296798706e-02	nan
2.265842324214992320e+00	-9.780176728963851929e-02	nan
2.282608511389327965e+00	-9.609302133321762085e-02	nan
2.299374698563663610e+00	-9.393566846847534180e-02	nan
2.316140885737999255e+00	-9.162654727697372437e-02	nan
2.332907072912334900e+00	-9.010494500398635864e-02	nan
2.349673260086670545e+00	-8.796437084674835205e-02	nan
2.366439447261005746e+00	-8.618500083684921265e-02	nan
2.383205634435341391e+00	-8.418901264667510986e-02	nan
2.399971821609677036e+00	-8.258061110973358154e-02	nan
2.416738008784012681e+00	-8.064079284667968750e-02	nan
2.433504195958348326e+00	-7.851043343544006348e-02	nan
2.450270383132683971e+00	-7.692579180002212524e-02	nan
2.467036570307019172e+00	-7.505985349416732788e-02	nan
2.483802757481354817e+00	-7.300943881273269653e-02	nan
2.500568944655690462e+00	-7.101909071207046509e-02	nan
2.517335131830026107e+00	-6.938045471906661987e-02	nan
2.534101319004361752e+00	-6.748356670141220093e-02	nan
2.550867506178697397e+00	-6.548037379980087280e-02	nan
2.567633693353032598e+00	-6.358310580253601074e-02	nan
2.584399880527368243e+00	-6.202494353055953979e-02	nan
2.601166067701703888e+00	-6.036962568759918213e-02	nan
2.617932254876039533e+00	-5.854528769850730896e-02	nan
2.634698442050375178e+00	-5.649831146001815796e-02	nan
2.651464629224710823e+00	-5.508522316813468933e-02	nan
2.668230816399046024e+00	-5.354671552777290344e-02	nan
2.684997003573381669e+00	-5.190759524703025818e-02	nan
2.701763190747717314e+00	-4.994086921215057373e-02	nan
2.718529377922052959e+00	-4.868344217538833618e-02	nan
2.735295565096388604e+00	-4.691438004374504089e-02	nan
2.752061752270724249e+00	-4.502582922577857971e-02	nan
2.768827939445059449e+00	-4.366227984428405762e-02	nan
2.785594126619395094e+00	-4.217110201716423035e-02	nan
2.802360313793730739e+00	-4.034972563385963440e-02	nan
2.819126500968066384e+00	-3.881237655878067017e-02	nan
2.835892688142402029e+00	-3.742721304297447205e-02	nan
2.852658875316737674e+00	-3.560030087828636169e-02	nan
2.869425062491072875e+00	-3.407032787799835205e-02	nan
2.886191249665408520e+00	-3.242185711860656738e-02	nan
2.902957436839744165e+00	-3.104078769683837891e-02	nan
2.919723624014079810e+00	-2.951928041875362396e-02	nan
2.936489811188415455e+00	-2.804114855825901031e-02	nan
2.953255998362751100e+00	-2.645514160394668579e-02	nan
2.970022185537086301e+00	-2.498869411647319794e-02	nan
2.986788372711421946e+00	-2.369510382413864136e-02	nan
3.003554559885757591e+00	-2.222585491836071014e-02	nan
3.020320747060093236e+00	-2.077256143093109131e-02	nan
3.037086934234428881e+00	-1.920944824814796448e-02	nan
3.053853121408764526e+00	-1.777801662683486938e-02	nan
3.070619308583099727e+00	-1.658763922750949860e-02	nan
3.087385495757435372e+00	-1.515752542763948441e-02	nan
3.104151682931771017e+00	-1.354902237653732300e-02	nan
3.120917870106106662e+00	-1.221993472427129745e-02	nan
3.137684057280442307e+00	-1.079623308032751083e-02	nan
3.154450244454777952e+00	-9.452344849705696106e-03	nan
3.171216431629113153e+00	-8.036557585000991821e-03	nan
3.187982618803448798e+00	-6.509333848953247070e-03	nan
3.204748805977784443e+00	-5.226281937211751938e-03	nan
3.221514993152120088e+00	-3.875185502693057060e-03	nan
3.238281180326455733e+00	-2.396241994574666023e-03	nan
3.255047367500791378e+00	-9.357102680951356888e-04	nan
3.271813554675126579e+00	1.138344377977773547e-04	1.764040806220758695e-04
3.288579741849462224e+00	1.385092618875205517e-03	6.118774965015603886e-04
3.305345929023797868e+00	2.809515222907066345e-03	8.674856173281626347e-04
3.322112116198133513e+00	4.096522461622953415e-03	1.043364552114440938e-03
3.338878303372469158e+00	5.627232603728771210e-03	1.218924512753663449e-03
3.355644490546804803e+00	6.917657796293497086e-03	1.347081771699353697e-03
3.372410677721140004e+00	8.343162946403026581e-03	1.475014554481192484e-03
3.389176864895475649e+00	9.805390611290931702e-03	1.594630910795620873e-03
3.405943052069811294e+00	1.118801720440387726e-02	1.698807936873108267e-03
3.422709239244146939e+00	1.268201228231191635e-02	1.804018659089510947e-03
3.439475426418482584e+00	1.424620766192674637e-02	1.907217393394559446e-03
3.456241613592818229e+00	1.587487198412418365e-02	2.008721992756048146e-03
3.473007800767153874e+00	1.767986640334129333e-02	2.115131794746664441e-03
3.489773987941489075e+00	1.932810433208942413e-02	2.206409419717328489e-03
3.506540175115824720e+00	2.120785415172576904e-02	2.306531609623194926e-03
3.523306362290160365e+00	2.310056425631046295e-02	2.401859982855754794e-03
3.540072549464496010e+00	2.518733218312263489e-02	2.503248725500094047e-03
3.556838736638831655e+00	2.733562700450420380e-02	2.602747356623540901e-03
3.573604923813167300e+00	2.945096977055072784e-02	2.695995078348660100e-03
3.590371110987502501e+00	3.193970397114753723e-02	2.802949463478803839e-03
3.607137298161838146e+00	3.460345789790153503e-02	2.912499756312421362e-03
3.623903485336173791e+00	3.727912157773971558e-02	3.017523505933085610e-03
3.640669672510509436e+00	3.993107378482818604e-02	3.118300145582719989e-03
3.657435859684845081e+00	4.322824999690055847e-02	3.239279221389486894e-03
3.674202046859180726e+00	4.639334976673126221e-02	3.350278373560183591e-03
3.690968234033515927e+00	4.979454725980758667e-02	3.466189116478643299e-03
3.707734421207851572e+00	5.341341346502304077e-02	3.585010032077769714e-03
3.724500608382187217e+00	5.714427679777145386e-02	3.703053147017442044e-03
3.741266795556522862e+00	6.123350933194160461e-02	3.828431264076038575e-03
3.758032982730858507e+00	6.553258746862411499e-02	3.956182234956223676e-03
3.774799169905194152e+00	6.980215013027191162e-02	4.078677818709575999e-03
3.791565357079529353e+00	7.453504949808120728e-02	4.210902991344084821e-03
3.808331544253864998e+00	7.938859611749649048e-02	4.340983465607030876e-03
3.825097731428200643e+00	8.420934528112411499e-02	4.466250181346190402e-03
3.841863918602536287e+00	8.930484950542449951e-02	4.594834914533164373e-03
3.858630105776871932e+00	9.437082707881927490e-02	4.718743813927349200e-03
3.875396292951207577e+00	9.972990304231643677e-02	4.845685835132593905e-03
3.892162480125542778e+00	1.050894036889076233e-01	4.969375035567955533e-03
3.908928667299878423e+00	1.099301129579544067e-01	5.076897981675432270e-03
3.925694854474214068e+00	1.148344799876213074e-01	5.183099557547622693e-03
3.942461041648549713e+00	1.193128824234008789e-01	5.276316930891852830e-03
3.959227228822885358e+00	1.236529573798179626e-01	5.364915387397708145e-03
3.975993415997221003e+00	1.270326375961303711e-01	5.430403309176864111e-03
3.992759603171556204e+00	1.297076493501663208e-01	5.477026257529519701e-03
4.009525790345891849e+00	1.320896893739700317e-01	5.517559990230676975e-03
4.026291977520227050e+00	1.332383304834365845e-01	5.530220943743703599e-03
4.043058164694563139e+00	1.335234045982360840e-01	5.523927378005701917e-03
4.059824351868898340e+00	1.331847012042999268e-01	5.504056626549995272e-03
4.076590539043234429e+00	1.315897256135940552e-01	5.456787210333160880e-03
4.093356726217569630e+00	1.291757076978683472e-01	5.391491891651921560e-03
4.110122913391904831e+00	1.259883195161819458e-01	5.308580275637727296e-03
4.126889100566240920e+00	1.221480518579483032e-01	5.260212053489313026e-03
4.143655287740576121e+00	1.178940013051033020e-01	5.194294222854812203e-03
4.160421474914912210e+00	1.135325878858566284e-01	5.104939125517730936e-03
4.177187662089247411e+00	1.085060015320777893e-01	4.985164443376256978e-03
4.193953849263583500e+00	1.034117266535758972e-01	4.865682849783604241e-03
4.210720036437918701e+00	9.854104369878768921e-02	4.749292379970672558e-03
4.227486223612254790e+00	9.370742738246917725e-02	4.629524647990632819e-03
4.244252410786589991e+00	8.933233469724655151e-02	4.517822752164225332e-03
4.261018597960925192e+00	8.480618894100189209e-02	4.398189502735417797e-03
4.277784785135261281e+00	8.086343854665756226e-02	4.291336029218459011e-03
4.294550972309596482e+00	7.705570757389068604e-02	4.182903736156491636e-03
4.311317159483932571e+00	7.399986684322357178e-02	4.090277587221530751e-03
4.328083346658267772e+00	7.110106199979782104e-02	4.000855050852947063e-03
4.344849533832602972e+00	6.825257837772369385e-02	3.914766328571398467e-03
4.361615721006939062e+00	6.604325026273727417e-02	3.847106041404926239e-03
4.378381908181274262e+00	6.393332779407501221e-02	3.784099751064958893e-03
4.395148095355610351e+00	6.231464073061943054e-02	3.775288281172352236e-03
4.411914282529945552e+00	6.085657328367233276e-02	3.756388887859010099e-03
4.428680469704281641e+00	5.951323360204696655e-02	3.733577418335338235e-03
4.445446656878616842e+00	5.826169624924659729e-02	3.709093573445809179e-03
4.462212844052952043e+00	5.709563195705413818e-02	3.684403118714347104e-03
4.478979031227288132e+00	5.630941316485404968e-02	3.670698634123031878e-03
4.495745218401623333e+00	5.557641386985778809e-02	3.657268357168967556e-03
4.512511405575959422e+00	5.491599440574645996e-02	3.646182128282026043e-03
4.529277592750294623e+00	5.432867631316184998e-02	3.661854477579450790e-03
4.546043779924630712e+00	5.390070006251335144e-02	3.680485739531628910e-03
4.562809967098965913e+00	5.333891138434410095e-02	3.689105371695838853e-03
4.579576154273301114e+00	5.278950184583663940e-02	3.707456592216383604e-03
4.596342341447637203e+00	5.240258201956748962e-02	3.739763334179476741e-03
4.613108528621972404e+00	5.168709531426429749e-02	3.749367733006711296e-03
4.629874715796308493e+00	5.135643482208251953e-02	3.761449005049957890e-03
4.646640902970643694e+00	5.100153759121894836e-02	3.767018628040400951e-03
4.663407090144978895e+00	5.060877650976181030e-02	3.770589842451800566e-03
4.680173277319314984e+00	5.032294616103172302e-02	3.776089970155189525e-03
4.696939464493650185e+00	4.986678808927536011e-02	3.773312410147333217e-03
4.713705651667986274e+00	4.940485954284667969e-02	3.769040440966804715e-03
4.730471838842321475e+00	4.947194457054138184e-02	3.843085116524166608e-03
4.747238026016657564e+00	4.905182123184204102e-02	3.893072709032662036e-03
4.764004213190992765e+00	4.862212762236595154e-02	3.912201235491556510e-03
4.780770400365327966e+00	4.823755100369453430e-02	3.922297483750502266e-03
4.797536587539664055e+00	4.785156622529029846e-02	3.932895208649829673e-03
4.814302774713999256e+00	4.746532812714576721e-02	3.939001004768780990e-03
4.831068961888335345e+00	4.701849073171615601e-02	3.940593726585390859e-03
4.847835149062670546e+00	4.670649021863937378e-02	3.946610517417404630e-03
4.864601336237005746e+00	4.640244320034980774e-02	3.951618259125371825e-03
4.881367523411341836e+00	4.611257463693618774e-02	3.950319698422806447e-03
4.898133710585677036e+00	4.580795019865036011e-02	3.944762189691689534e-03
4.914899897760013125e+00	4.530610144138336182e-02	3.932831191177536823e-03
4.931666084934348326e+00	4.502465948462486267e-02	3.935405532656467004e-03
4.948432272108684415e+00	4.469740763306617737e-02	3.935336615465355979e-03
4.965198459283019616e+00	4.430884122848510742e-02	3.932180892004547013e-03
4.981964646457354817e+00	4.390490427613258362e-02	3.927806886575415345e-03
4.998730833631690906e+00	4.368057101964950562e-02	3.930568786693540775e-03
5.015497020806026107e+00	4.327510669827461243e-02	3.977366586792695571e-03
5.032263207980362196e+00	4.312821105122566223e-02	4.057338141108342636e-03
5.049029395154697397e+00	4.260075092315673828e-02	4.095138650245619405e-03
5.065795582329032598e+00	4.232700541615486145e-02	4.136897626208631447e-03
5.082561769503368687e+00	4.202418401837348938e-02	4.172605642422218090e-03
5.099327956677703888e+00	4.171465337276458740e-02	4.205152257912057358e-03
5.116094143852039977e+00	4.141585901379585266e-02	4.236225646763953738e-03
5.132860331026375178e+00	4.089942574501037598e-02	4.254154435024067558e-03
5.149626518200711267e+00	4.059710353612899780e-02	4.281012174376114948e-03
5.166392705375046468e+00	4.051962867379188538e-02	4.314450909750184096e-03
5.183158892549381669e+00	4.007557407021522522e-02	4.326038268136163378e-03
5.199925079723717758e+00	3.982468694448471069e-02	4.347293823269792086e-03
5.216691266898052959e+00	3.956858068704605103e-02	4.367525586114981775e-03
5.233457454072389048e+00	3.913539648056030273e-02	4.377135953458606218e-03
5.250223641246724249e+00	3.901260718703269958e-02	4.407627977048616391e-03
5.266989828421059450e+00	3.861916437745094299e-02	4.426040314092275635e-03
5.283756015595395539e+00	3.840507194399833679e-02	4.455079203051440923e-03
5.300522202769730740e+00	3.812895342707633972e-02	4.481313680232456957e-03
5.317288389944066829e+00	3.784757107496261597e-02	4.504678381230013511e-03
5.334054577118402030e+00	3.751773759722709656e-02	4.520341119761287461e-03
5.350820764292738119e+00	3.715862333774566650e-02	4.529687636684888094e-03
5.367586951467073320e+00	3.693151101469993591e-02	4.547033100805239828e-03
5.384353138641408520e+00	3.650100156664848328e-02	4.551708470183274922e-03
5.401119325815744610e+00	3.645782545208930969e-02	4.584226454346500799e-03
5.417885512990079810e+00	3.610851243138313293e-02	4.603855405945678561e-03
5.434651700164415900e+00	3.598498925566673279e-02	4.638997714307397692e-03
5.451417887338751100e+00	3.562322631478309631e-02	4.658365744054826681e-03
5.468184074513086301e+00	3.523654863238334656e-02	4.676346937802810730e-03
5.484950261687422390e+00	3.513308614492416382e-02	4.713770615879876551e-03
5.501716448861757591e+00	3.474437445402145386e-02	4.732281134352077714e-03
5.518482636036093680e+00	3.465999290347099304e-02	4.772150492108270976e-03
5.535248823210428881e+00	3.430350124835968018e-02	4.793269618291553548e-03
5.552015010384764970e+00	3.392665833234786987e-02	4.813627707791539798e-03
5.568781197559100171e+00	3.377541899681091309e-02	4.850306532391806397e-03
5.585547384733435372e+00	3.355867043137550354e-02	4.883286251342290434e-03
5.602313571907771461e+00	3.331890702247619629e-02	4.914752663861130660e-03
5.619079759082106662e+00	3.305959329009056091e-02	4.947520475129552411e-03
5.635845946256442751e+00	3.291076049208641052e-02	4.985724902080963285e-03
5.652612133430777952e+00	3.272260352969169617e-02	5.012662240698773607e-03
5.669378320605114041e+00	3.244744241237640381e-02	5.029638358094167504e-03
5.686144507779449242e+00	3.245367482304573059e-02	5.069114869122749029e-03
5.702910694953784443e+00	3.224480524659156799e-02	5.091469622897050289e-03
5.719676882128120532e+00	3.166846930980682373e-02	5.087026229005504364e-03
5.736443069302455733e+00	3.166960552334785461e-02	5.136965472085445669e-03
5.753209256476791822e+00	3.133662045001983643e-02	5.166397061287715878e-03
5.769975443651127023e+00	3.121693246066570282e-02	5.214737400206828286e-03
5.786741630825462224e+00	3.101170435547828674e-02	5.257497226212844328e-03
5.803507817999798313e+00	3.077582642436027527e-02	5.298956826363663761e-03
5.820274005174133514e+00	3.060568496584892273e-02	5.347158300696714349e-03
5.837040192348469603e+00	3.047089464962482452e-02	5.402625588985097115e-03
5.853806379522804804e+00	3.042122721672058105e-02	5.463218079702230646e-03
5.870572566697140893e+00	3.038948401808738708e-02	5.529094663942014237e-03
5.887338753871476094e+00	2.993654087185859680e-02	5.558545808791313242e-03
5.904104941045811294e+00	2.979721315205097198e-02	5.618467372528664419e-03
5.920871128220147384e+00	2.944826893508434296e-02	5.660503644538923858e-03
5.937637315394482584e+00	2.942664735019207001e-02	5.736827024436566384e-03
5.954403502568818674e+00	2.928019128739833832e-02	5.802991318166772841e-03
5.971169689743153874e+00	2.899403870105743408e-02	5.857921228659338300e-03
5.987935876917489075e+00	2.903997525572776794e-02	5.949668854961136580e-03
6.004702064091825164e+00	2.896687574684619904e-02	6.032814846429987790e-03
6.021468251266160365e+00	2.859066240489482880e-02	6.092406234853027513e-03
6.038234438440496454e+00	2.846963331103324890e-02	6.174414042239147540e-03
6.055000625614831655e+00	2.825892157852649689e-02	6.250413359191737787e-03
6.071766812789167744e+00	2.823553979396820068e-02	6.355426008716767716e-03
6.088532999963502945e+00	2.812261134386062622e-02	6.462149830529552615e-03
6.105299187137838146e+00	2.778727374970912933e-02	6.531957946174274908e-03
6.122065374312174235e+00	2.789242565631866455e-02	6.666810293117197625e-03
6.138831561486509436e+00	2.780105918645858765e-02	6.786341781502074413e-03
6.155597748660845525e+00	2.762185968458652496e-02	6.900415369701343345e-03
6.172363935835180726e+00	2.756191790103912354e-02	7.037816712792831393e-03
6.189130123009515927e+00	2.739203535020351410e-02	7.169673750233042028e-03
6.205896310183852016e+00	2.721797302365303040e-02	7.309478984975954427e-03
6.222662497358187217e+00	2.716947719454765320e-02	7.476216160105155634e-03
6.239428684532523306e+00	2.696033567190170288e-02	7.634047909419368512e-03
6.256194871706858507e+00	2.728512324392795563e-02	7.880374043941873463e-03
6.272961058881194596e+00	2.731217816472053528e-02	8.101411211652122246e-03
6.289727246055529797e+00	2.730737999081611633e-02	8.337513603491756090e-03
6.306493433229864998e+00	2.746981196105480194e-02	8.620023159200834034e-03
6.323259620404201087e+00	2.721012383699417114e-02	8.906033265990424830e-03
6.340025807578536288e+00	2.690621092915534973e-02	9.278621135544250220e-03
6.356791994752872377e+00	2.680311910808086395e-02	9.735071832446061391e-03
6.373558181927207578e+00	2.639941312372684479e-02	1.033540170279038592e-02
6.390324369101542779e+00	2.673219330608844757e-02	1.092430612489029423e-02
6.407090556275878868e+00	2.652180939912796021e-02	1.127524727977523289e-02
6.423856743450214069e+00	2.629121951758861542e-02	1.156004146948702051e-02
6.440622930624550158e+00	2.617295645177364349e-02	1.177422659299314812e-02
6.457389117798885358e+00	2.618227899074554443e-02	1.202964290552211053e-02
6.474155304973221448e+00	2.606053836643695831e-02	1.227325118642295931e-02
6.490921492147556648e+00	2.601994201540946960e-02	1.255214118106868018e-02
6.507687679321891849e+00	2.583173103630542755e-02	1.281278026247407824e-02
6.524453866496227938e+00	2.555649541318416595e-02	1.307134423361176918e-02
6.541220053670563139e+00	2.620888501405715942e-02	1.361799970939226237e-02
6.557986240844899228e+00	2.617439255118370056e-02	1.401313560851143863e-02
6.574752428019234429e+00	2.619669772684574127e-02	1.440750606004565990e-02
6.591518615193569630e+00	2.594368904829025269e-02	1.479599066628901720e-02
6.608284802367905719e+00	2.567446604371070862e-02	1.523003972740064049e-02
6.625050989542240920e+00	2.561537548899650574e-02	1.576865836831861656e-02
6.641817176716577009e+00	2.570765465497970581e-02	1.641826964276187767e-02
6.658583363890912210e+00	2.584089711308479309e-02	1.717581909320116049e-02
6.675349551065248299e+00	2.617665939033031464e-02	1.810028956008416512e-02
6.692115738239583500e+00	2.609591186046600342e-02	1.899837919720107071e-02
6.708881925413918701e+00	2.579830400645732880e-02	1.997786620372039162e-02
6.725648112588254790e+00	2.660225518047809601e-02	2.160818814762603332e-02
6.742414299762589991e+00	2.610789798200130463e-02	2.298335185852393159e-02
6.759180486936926080e+00	2.499835751950740814e-02	2.445743876465204802e-02
6.775946674111261281e+00	2.648076601326465607e-02	2.787118468821907571e-02
6.792712861285597370e+00	2.517249248921871185e-02	3.077618145938446764e-02
6.809479048459932571e+00	2.533552795648574829e-02	3.657647958802875271e-02
6.826245235634267772e+00	2.527006529271602631e-02	4.711355200759958367e-02
6.843011422808603861e+00	2.519034221768379211e-02	8.038546182590766698e-02
