# Normalized	8239.0 eV	Empty
# q	I	Poisson error
# nm-1	cm-1	cm-1
1.517373003233184192e-01	0.000000000000000000e+00	nan
1.683322808144483151e-01	0.000000000000000000e+00	nan
1.849272613055782111e-01	0.000000000000000000e+00	nan
2.015222417967081348e-01	0.000000000000000000e+00	nan
2.181172222878380307e-01	0.000000000000000000e+00	nan
2.347122027789679266e-01	0.000000000000000000e+00	nan
2.513071832700978225e-01	0.000000000000000000e+00	nan
2.679021637612277185e-01	0.000000000000000000e+00	nan
2.844971442523576144e-01	0.000000000000000000e+00	nan
3.010921247434875103e-01	0.000000000000000000e+00	nan
3.176871052346174062e-01	0.000000000000000000e+00	nan
3.342820857257473022e-01	0.000000000000000000e+00	nan
3.508770662168771981e-01	0.000000000000000000e+00	nan
3.674720467080071495e-01	0.000000000000000000e+00	nan
3.840670271991369900e-01	0.000000000000000000e+00	nan
4.006620076902669414e-01	0.000000000000000000e+00	nan
4.172569881813967818e-01	0.000000000000000000e+00	nan
4.338519686725267333e-01	0.000000000000000000e+00	nan
4.504469491636565737e-01	0.000000000000000000e+00	nan
4.670419296547865251e-01	0.000000000000000000e+00	nan
4.836369101459163655e-01	0.000000000000000000e+00	nan
5.002318906370463170e-01	0.000000000000000000e+00	nan
5.168268711281761574e-01	0.000000000000000000e+00	nan
5.334218516193061088e-01	0.000000000000000000e+00	nan
5.500168321104360603e-01	0.000000000000000000e+00	nan
5.666118126015659007e-01	0.000000000000000000e+00	nan
5.832067930926958521e-01	0.000000000000000000e+00	nan
5.998017735838256925e-01	0.000000000000000000e+00	nan
6.163967540749556440e-01	0.000000000000000000e+00	nan
6.329917345660854844e-01	0.000000000000000000e+00	nan
6.495867150572154358e-01	0.000000000000000000e+00	nan
6.661816955483452762e-01	0.000000000000000000e+00	nan
6.827766760394752277e-01	0.000000000000000000e+00	nan
6.993716565306051791e-01	0.000000000000000000e+00	nan
7.159666370217350195e-01	0.000000000000000000e+00	nan
7.325616175128649710e-01	0.000000000000000000e+00	nan
7.491565980039948114e-01	0.000000000000000000e+00	nan
7.657515784951247628e-01	0.000000000000000000e+00	nan
7.823465589862546032e-01	0.000000000000000000e+00	nan
7.989415394773845547e-01	0.000000000000000000e+00	nan
8.155365199685143951e-01	0.000000000000000000e+00	nan
8.321315004596443465e-01	0.000000000000000000e+00	nan
8.487264809507741870e-01	0.000000000000000000e+00	nan
8.653214614419041384e-01	0.000000000000000000e+00	nan
8.819164419330339788e-01	0.000000000000000000e+00	nan
8.985114224241639302e-01	0.000000000000000000e+00	nan
9.151064029152937707e-01	0.000000000000000000e+00	nan
9.317013834064237221e-01	0.000000000000000000e+00	nan
9.482963638975536735e-01	0.000000000000000000e+00	nan
9.648913443886835140e-01	0.000000000000000000e+00	nan
9.814863248798134654e-01	0.000000000000000000e+00	nan
9.980813053709433058e-01	0.000000000000000000e+00	nan
1.014676285862073257e+00	0.000000000000000000e+00	nan
1.031271266353203098e+00	0.000000000000000000e+00	nan
1.047866246844332938e+00	0.000000000000000000e+00	nan
1.064461227335462778e+00	0.000000000000000000e+00	nan
1.081056207826592841e+00	0.000000000000000000e+00	nan
1.097651188317722681e+00	0.000000000000000000e+00	nan
1.114246168808852522e+00	0.000000000000000000e+00	nan
1.130841149299982362e+00	0.000000000000000000e+00	nan
1.147436129791112425e+00	0.000000000000000000e+00	nan
1.164031110282242265e+00	0.000000000000000000e+00	nan
1.180626090773372106e+00	0.000000000000000000e+00	nan
1.197221071264502168e+00	0.000000000000000000e+00	nan
1.213816051755632008e+00	0.000000000000000000e+00	nan
1.230411032246761849e+00	0.000000000000000000e+00	nan
1.247006012737891911e+00	0.000000000000000000e+00	nan
1.263600993229021752e+00	0.000000000000000000e+00	nan
1.280195973720151592e+00	0.000000000000000000e+00	nan
1.296790954211281433e+00	0.000000000000000000e+00	nan
1.313385934702411495e+00	0.000000000000000000e+00	nan
1.329980915193541335e+00	0.000000000000000000e+00	nan
1.346575895684671176e+00	0.000000000000000000e+00	nan
1.363170876175801016e+00	0.000000000000000000e+00	nan
1.379765856666931079e+00	0.000000000000000000e+00	nan
1.396360837158060919e+00	0.000000000000000000e+00	nan
1.412955817649190760e+00	0.000000000000000000e+00	nan
1.429550798140320600e+00	0.000000000000000000e+00	nan
1.446145778631450662e+00	0.000000000000000000e+00	nan
1.462740759122580503e+00	0.000000000000000000e+00	nan
1.479335739613710343e+00	0.000000000000000000e+00	nan
1.495930720104840406e+00	0.000000000000000000e+00	nan
1.512525700595970246e+00	0.000000000000000000e+00	nan
1.529120681087100087e+00	0.000000000000000000e+00	nan
1.545715661578229927e+00	0.000000000000000000e+00	nan
1.562310642069359989e+00	0.000000000000000000e+00	nan
1.578905622560489830e+00	0.000000000000000000e+00	nan
1.595500603051619670e+00	0.000000000000000000e+00	nan
1.612095583542749511e+00	0.000000000000000000e+00	nan
1.628690564033879573e+00	0.000000000000000000e+00	nan
1.645285544525009414e+00	0.000000000000000000e+00	nan
1.661880525016139254e+00	0.000000000000000000e+00	nan
1.678475505507269094e+00	0.000000000000000000e+00	nan
1.695070485998399157e+00	0.000000000000000000e+00	nan
1.711665466489528997e+00	0.000000000000000000e+00	nan
1.728260446980658838e+00	0.000000000000000000e+00	nan
1.744855427471788900e+00	0.000000000000000000e+00	nan
1.761450407962918741e+00	0.000000000000000000e+00	nan
1.778045388454048581e+00	0.000000000000000000e+00	nan
1.794640368945178421e+00	0.000000000000000000e+00	nan
1.811235349436308484e+00	0.000000000000000000e+00	nan
1.827830329927438324e+00	0.000000000000000000e+00	nan
1.844425310418568165e+00	0.000000000000000000e+00	nan
1.861020290909698005e+00	0.000000000000000000e+00	nan
1.877615271400828068e+00	0.000000000000000000e+00	nan
1.894210251891957908e+00	0.000000000000000000e+00	nan
1.910805232383087748e+00	0.000000000000000000e+00	nan
1.927400212874217589e+00	0.000000000000000000e+00	nan
1.943995193365347651e+00	0.000000000000000000e+00	nan
1.960590173856477492e+00	0.000000000000000000e+00	nan
1.977185154347607332e+00	0.000000000000000000e+00	nan
1.993780134838737172e+00	0.000000000000000000e+00	nan
2.010375115329867235e+00	0.000000000000000000e+00	nan
2.026970095820996853e+00	0.000000000000000000e+00	nan
2.043565076312126916e+00	0.000000000000000000e+00	nan
2.060160056803256978e+00	0.000000000000000000e+00	nan
2.076755037294386597e+00	0.000000000000000000e+00	nan
2.093350017785516659e+00	0.000000000000000000e+00	nan
2.109944998276646277e+00	0.000000000000000000e+00	nan
2.126539978767776340e+00	0.000000000000000000e+00	nan
2.143134959258906402e+00	0.000000000000000000e+00	nan
2.159729939750036465e+00	0.000000000000000000e+00	nan
2.176324920241166083e+00	0.000000000000000000e+00	nan
2.192919900732296146e+00	0.000000000000000000e+00	nan
2.209514881223425764e+00	0.000000000000000000e+00	nan
2.226109861714555826e+00	0.000000000000000000e+00	nan
2.242704842205685889e+00	0.000000000000000000e+00	nan
2.259299822696815507e+00	0.000000000000000000e+00	nan
2.275894803187945570e+00	0.000000000000000000e+00	nan
2.292489783679075632e+00	0.000000000000000000e+00	nan
2.309084764170205251e+00	0.000000000000000000e+00	nan
2.325679744661335313e+00	0.000000000000000000e+00	nan
2.342274725152465376e+00	0.000000000000000000e+00	nan
2.358869705643594994e+00	0.000000000000000000e+00	nan
2.375464686134725056e+00	0.000000000000000000e+00	nan
2.392059666625854675e+00	0.000000000000000000e+00	nan
2.408654647116984737e+00	0.000000000000000000e+00	nan
2.425249627608114800e+00	0.000000000000000000e+00	nan
2.441844608099244418e+00	0.000000000000000000e+00	nan
2.458439588590374481e+00	0.000000000000000000e+00	nan
2.475034569081504543e+00	0.000000000000000000e+00	nan
2.491629549572634161e+00	0.000000000000000000e+00	nan
2.508224530063764224e+00	0.000000000000000000e+00	nan
2.524819510554893842e+00	0.000000000000000000e+00	nan
2.541414491046023905e+00	0.000000000000000000e+00	nan
2.558009471537153967e+00	0.000000000000000000e+00	nan
2.574604452028283585e+00	0.000000000000000000e+00	nan
2.591199432519413648e+00	0.000000000000000000e+00	nan
2.607794413010543710e+00	0.000000000000000000e+00	nan
2.624389393501673329e+00	0.000000000000000000e+00	nan
2.640984373992803391e+00	0.000000000000000000e+00	nan
2.657579354483933454e+00	0.000000000000000000e+00	nan
2.674174334975063072e+00	0.000000000000000000e+00	nan
2.690769315466193135e+00	0.000000000000000000e+00	nan
2.707364295957322753e+00	0.000000000000000000e+00	nan
2.723959276448452815e+00	0.000000000000000000e+00	nan
2.740554256939582878e+00	0.000000000000000000e+00	nan
2.757149237430712496e+00	0.000000000000000000e+00	nan
2.773744217921842559e+00	0.000000000000000000e+00	nan
2.790339198412972621e+00	0.000000000000000000e+00	nan
2.806934178904102239e+00	0.000000000000000000e+00	nan
2.823529159395232302e+00	0.000000000000000000e+00	nan
2.840124139886362364e+00	0.000000000000000000e+00	nan
2.856719120377491983e+00	0.000000000000000000e+00	nan
2.873314100868622045e+00	0.000000000000000000e+00	nan
2.889909081359751664e+00	0.000000000000000000e+00	nan
2.906504061850881726e+00	0.000000000000000000e+00	nan
2.923099042342011789e+00	0.000000000000000000e+00	nan
2.939694022833141407e+00	0.000000000000000000e+00	nan
2.956289003324271469e+00	0.000000000000000000e+00	nan
2.972883983815401532e+00	0.000000000000000000e+00	nan
2.989478964306531150e+00	0.000000000000000000e+00	nan
3.006073944797661213e+00	0.000000000000000000e+00	nan
3.022668925288790831e+00	0.000000000000000000e+00	nan
3.039263905779920893e+00	0.000000000000000000e+00	nan
3.055858886271050956e+00	0.000000000000000000e+00	nan
3.072453866762180574e+00	0.000000000000000000e+00	nan
3.089048847253310637e+00	0.000000000000000000e+00	nan
3.105643827744440699e+00	0.000000000000000000e+00	nan
3.122238808235570318e+00	0.000000000000000000e+00	nan
3.138833788726700380e+00	0.000000000000000000e+00	nan
3.155428769217830443e+00	0.000000000000000000e+00	nan
3.172023749708960061e+00	0.000000000000000000e+00	nan
3.188618730200090123e+00	0.000000000000000000e+00	nan
3.205213710691219742e+00	0.000000000000000000e+00	nan
3.221808691182349804e+00	0.000000000000000000e+00	nan
3.238403671673479867e+00	0.000000000000000000e+00	nan
3.254998652164609485e+00	0.000000000000000000e+00	nan
3.271593632655739547e+00	0.000000000000000000e+00	nan
3.288188613146869610e+00	0.000000000000000000e+00	nan
3.304783593637999228e+00	0.000000000000000000e+00	nan
3.321378574129129291e+00	0.000000000000000000e+00	nan
3.337973554620259353e+00	0.000000000000000000e+00	nan
3.354568535111388972e+00	0.000000000000000000e+00	nan
3.371163515602519034e+00	0.000000000000000000e+00	nan
3.387758496093648652e+00	0.000000000000000000e+00	nan
3.404353476584778715e+00	0.000000000000000000e+00	nan
3.420948457075908777e+00	0.000000000000000000e+00	nan
3.437543437567038396e+00	0.000000000000000000e+00	nan
3.454138418058168458e+00	0.000000000000000000e+00	nan
3.470733398549298521e+00	0.000000000000000000e+00	nan
3.487328379040428139e+00	0.000000000000000000e+00	nan
3.503923359531558201e+00	0.000000000000000000e+00	nan
3.520518340022687820e+00	0.000000000000000000e+00	nan
3.537113320513817882e+00	0.000000000000000000e+00	nan
3.553708301004947945e+00	0.000000000000000000e+00	nan
3.570303281496077563e+00	0.000000000000000000e+00	nan
3.586898261987207626e+00	0.000000000000000000e+00	nan
3.603493242478337688e+00	0.000000000000000000e+00	nan
3.620088222969467306e+00	0.000000000000000000e+00	nan
3.636683203460597369e+00	0.000000000000000000e+00	nan
3.653278183951727431e+00	0.000000000000000000e+00	nan
3.669873164442857050e+00	0.000000000000000000e+00	nan
3.686468144933987112e+00	0.000000000000000000e+00	nan
3.703063125425116731e+00	0.000000000000000000e+00	nan
3.719658105916246793e+00	0.000000000000000000e+00	nan
3.736253086407376856e+00	0.000000000000000000e+00	nan
3.752848066898506474e+00	0.000000000000000000e+00	nan
3.769443047389636536e+00	0.000000000000000000e+00	nan
3.786038027880766599e+00	0.000000000000000000e+00	nan
3.802633008371896217e+00	0.000000000000000000e+00	nan
3.819227988863026280e+00	0.000000000000000000e+00	nan
3.835822969354155898e+00	0.000000000000000000e+00	nan
3.852417949845285960e+00	0.000000000000000000e+00	nan
3.869012930336416023e+00	0.000000000000000000e+00	nan
3.885607910827545641e+00	0.000000000000000000e+00	nan
3.902202891318675704e+00	0.000000000000000000e+00	nan
3.918797871809805766e+00	0.000000000000000000e+00	nan
3.935392852300935385e+00	0.000000000000000000e+00	nan
3.951987832792065447e+00	0.000000000000000000e+00	nan
3.968582813283195510e+00	0.000000000000000000e+00	nan
3.985177793774325128e+00	0.000000000000000000e+00	nan
4.001772774265455190e+00	0.000000000000000000e+00	nan
4.018367754756584809e+00	0.000000000000000000e+00	nan
4.034962735247714427e+00	0.000000000000000000e+00	nan
4.051557715738844934e+00	0.000000000000000000e+00	nan
4.068152696229974552e+00	0.000000000000000000e+00	nan
4.084747676721104170e+00	0.000000000000000000e+00	nan
4.101342657212234677e+00	0.000000000000000000e+00	nan
4.117937637703364295e+00	0.000000000000000000e+00	nan
4.134532618194493914e+00	0.000000000000000000e+00	nan
4.151127598685624420e+00	0.000000000000000000e+00	nan
4.167722579176754039e+00	0.000000000000000000e+00	nan
4.184317559667883657e+00	0.000000000000000000e+00	nan
4.200912540159013275e+00	0.000000000000000000e+00	nan
4.217507520650143782e+00	0.000000000000000000e+00	nan
4.234102501141273400e+00	0.000000000000000000e+00	nan
4.250697481632403019e+00	0.000000000000000000e+00	nan
4.267292462123532637e+00	0.000000000000000000e+00	nan
4.283887442614663144e+00	0.000000000000000000e+00	nan
4.300482423105792762e+00	0.000000000000000000e+00	nan
4.317077403596922380e+00	0.000000000000000000e+00	nan
4.333672384088052887e+00	0.000000000000000000e+00	nan
4.350267364579182505e+00	0.000000000000000000e+00	nan
4.366862345070312124e+00	0.000000000000000000e+00	nan
4.383457325561442630e+00	0.000000000000000000e+00	nan
4.400052306052572249e+00	0.000000000000000000e+00	nan
4.416647286543701867e+00	0.000000000000000000e+00	nan
4.433242267034832373e+00	0.000000000000000000e+00	nan
4.449837247525961992e+00	0.000000000000000000e+00	nan
4.466432228017091610e+00	0.000000000000000000e+00	nan
4.483027208508222117e+00	0.000000000000000000e+00	nan
4.499622188999351735e+00	0.000000000000000000e+00	nan
4.516217169490481353e+00	0.000000000000000000e+00	nan
4.532812149981611860e+00	0.000000000000000000e+00	nan
4.549407130472741478e+00	0.000000000000000000e+00	nan
4.566002110963871097e+00	0.000000000000000000e+00	nan
4.582597091455000715e+00	0.000000000000000000e+00	nan
4.599192071946131222e+00	0.000000000000000000e+00	nan
4.615787052437260840e+00	0.000000000000000000e+00	nan
4.632382032928390458e+00	0.000000000000000000e+00	nan
4.648977013419520965e+00	0.000000000000000000e+00	nan
4.665571993910650583e+00	0.000000000000000000e+00	nan
4.682166974401780202e+00	0.000000000000000000e+00	nan
4.698761954892910708e+00	0.000000000000000000e+00	nan
4.715356935384040327e+00	0.000000000000000000e+00	nan
4.731951915875169945e+00	0.000000000000000000e+00	nan
4.748546896366300452e+00	0.000000000000000000e+00	nan
4.765141876857430070e+00	0.000000000000000000e+00	nan
4.781736857348559688e+00	0.000000000000000000e+00	nan
4.798331837839690195e+00	0.000000000000000000e+00	nan
4.814926818330819813e+00	0.000000000000000000e+00	nan
4.831521798821949432e+00	0.000000000000000000e+00	nan
4.848116779313079938e+00	0.000000000000000000e+00	nan
4.864711759804209557e+00	0.000000000000000000e+00	nan
4.881306740295339175e+00	0.000000000000000000e+00	nan
4.897901720786468793e+00	0.000000000000000000e+00	nan
4.914496701277599300e+00	0.000000000000000000e+00	nan
4.931091681768728918e+00	0.000000000000000000e+00	nan
4.947686662259858537e+00	0.000000000000000000e+00	nan
4.964281642750989043e+00	0.000000000000000000e+00	nan
4.980876623242118661e+00	0.000000000000000000e+00	nan
4.997471603733248280e+00	0.000000000000000000e+00	nan
5.014066584224378786e+00	0.000000000000000000e+00	nan
5.030661564715508405e+00	0.000000000000000000e+00	nan
5.047256545206638023e+00	0.000000000000000000e+00	nan
5.063851525697768530e+00	0.000000000000000000e+00	nan
5.080446506188898148e+00	0.000000000000000000e+00	nan
5.097041486680027766e+00	0.000000000000000000e+00	nan
5.113636467171158273e+00	0.000000000000000000e+00	nan
5.130231447662287891e+00	0.000000000000000000e+00	nan
5.146826428153417510e+00	0.000000000000000000e+00	nan
5.163421408644548016e+00	0.000000000000000000e+00	nan
5.180016389135677635e+00	0.000000000000000000e+00	nan
5.196611369626807253e+00	0.000000000000000000e+00	nan
5.213206350117937760e+00	0.000000000000000000e+00	nan
5.229801330609067378e+00	0.000000000000000000e+00	nan
5.246396311100196996e+00	0.000000000000000000e+00	nan
5.262991291591326615e+00	0.000000000000000000e+00	nan
5.279586272082457121e+00	0.000000000000000000e+00	nan
5.296181252573586740e+00	0.000000000000000000e+00	nan
5.312776233064716358e+00	0.000000000000000000e+00	nan
5.329371213555846865e+00	0.000000000000000000e+00	nan
5.345966194046976483e+00	0.000000000000000000e+00	nan
5.362561174538106101e+00	0.000000000000000000e+00	nan
5.379156155029236608e+00	0.000000000000000000e+00	nan
5.395751135520366226e+00	0.000000000000000000e+00	nan
5.412346116011495845e+00	0.000000000000000000e+00	nan
5.428941096502626351e+00	0.000000000000000000e+00	nan
5.445536076993755970e+00	0.000000000000000000e+00	nan
5.462131057484885588e+00	0.000000000000000000e+00	nan
5.478726037976016094e+00	0.000000000000000000e+00	nan
5.495321018467145713e+00	0.000000000000000000e+00	nan
5.511915998958275331e+00	0.000000000000000000e+00	nan
5.528510979449405838e+00	0.000000000000000000e+00	nan
5.545105959940535456e+00	0.000000000000000000e+00	nan
5.561700940431665074e+00	0.000000000000000000e+00	nan
5.578295920922794693e+00	0.000000000000000000e+00	nan
5.594890901413925199e+00	0.000000000000000000e+00	nan
5.611485881905054818e+00	0.000000000000000000e+00	nan
5.628080862396184436e+00	0.000000000000000000e+00	nan
5.644675842887314943e+00	0.000000000000000000e+00	nan
5.661270823378444561e+00	0.000000000000000000e+00	nan
5.677865803869574179e+00	0.000000000000000000e+00	nan
5.694460784360704686e+00	0.000000000000000000e+00	nan
5.711055764851834304e+00	0.000000000000000000e+00	nan
5.727650745342963923e+00	0.000000000000000000e+00	nan
5.744245725834094429e+00	0.000000000000000000e+00	nan
5.760840706325224048e+00	0.000000000000000000e+00	nan
5.777435686816353666e+00	0.000000000000000000e+00	nan
5.794030667307484173e+00	0.000000000000000000e+00	nan
5.810625647798613791e+00	0.000000000000000000e+00	nan
5.827220628289743409e+00	0.000000000000000000e+00	nan
5.843815608780873916e+00	0.000000000000000000e+00	nan
5.860410589272003534e+00	0.000000000000000000e+00	nan
5.877005569763133153e+00	0.000000000000000000e+00	nan
5.893600550254262771e+00	0.000000000000000000e+00	nan
5.910195530745393278e+00	0.000000000000000000e+00	nan
5.926790511236522896e+00	0.000000000000000000e+00	nan
5.943385491727652514e+00	0.000000000000000000e+00	nan
5.959980472218783021e+00	0.000000000000000000e+00	nan
5.976575452709912639e+00	0.000000000000000000e+00	nan
5.993170433201042258e+00	0.000000000000000000e+00	nan
6.009765413692172764e+00	0.000000000000000000e+00	nan
6.026360394183302382e+00	0.000000000000000000e+00	nan
6.042955374674432001e+00	0.000000000000000000e+00	nan
6.059550355165562507e+00	0.000000000000000000e+00	nan
6.076145335656692126e+00	0.000000000000000000e+00	nan
6.092740316147821744e+00	0.000000000000000000e+00	nan
6.109335296638952251e+00	0.000000000000000000e+00	nan
6.125930277130081869e+00	0.000000000000000000e+00	nan
6.142525257621211487e+00	0.000000000000000000e+00	nan
6.159120238112341994e+00	0.000000000000000000e+00	nan
6.175715218603471612e+00	0.000000000000000000e+00	nan
6.192310199094601231e+00	0.000000000000000000e+00	nan
6.208905179585730849e+00	0.000000000000000000e+00	nan
6.225500160076861356e+00	0.000000000000000000e+00	nan
6.242095140567990974e+00	0.000000000000000000e+00	nan
6.258690121059120592e+00	0.000000000000000000e+00	nan
6.275285101550251099e+00	0.000000000000000000e+00	nan
6.291880082041380717e+00	0.000000000000000000e+00	nan
6.308475062532510336e+00	0.000000000000000000e+00	nan
6.325070043023640842e+00	0.000000000000000000e+00	nan
6.341665023514770461e+00	0.000000000000000000e+00	nan
6.358260004005900079e+00	0.000000000000000000e+00	nan
6.374854984497030586e+00	0.000000000000000000e+00	nan
6.391449964988160204e+00	0.000000000000000000e+00	nan
6.408044945479289822e+00	0.000000000000000000e+00	nan
6.424639925970420329e+00	0.000000000000000000e+00	nan
6.441234906461549947e+00	0.000000000000000000e+00	nan
6.457829886952679566e+00	0.000000000000000000e+00	nan
6.474424867443810072e+00	0.000000000000000000e+00	nan
6.491019847934939691e+00	0.000000000000000000e+00	nan
6.507614828426069309e+00	0.000000000000000000e+00	nan
6.524209808917199815e+00	0.000000000000000000e+00	nan
6.540804789408329434e+00	0.000000000000000000e+00	nan
6.557399769899459052e+00	0.000000000000000000e+00	nan
6.573994750390588671e+00	0.000000000000000000e+00	nan
6.590589730881719177e+00	0.000000000000000000e+00	nan
6.607184711372848795e+00	0.000000000000000000e+00	nan
6.623779691863978414e+00	0.000000000000000000e+00	nan
6.640374672355108920e+00	0.000000000000000000e+00	nan
6.656969652846238539e+00	0.000000000000000000e+00	nan
6.673564633337368157e+00	0.000000000000000000e+00	nan
6.690159613828498664e+00	0.000000000000000000e+00	nan
6.706754594319628282e+00	0.000000000000000000e+00	nan
6.723349574810757900e+00	0.000000000000000000e+00	nan
6.739944555301888407e+00	0.000000000000000000e+00	nan
6.756539535793018025e+00	0.000000000000000000e+00	nan
6.773134516284147644e+00	0.000000000000000000e+00	nan
