# Normalized	8004 eV	empty Kapton Hexane
# q	I	Poisson error
# nm-1	cm-1	cm-1
1.474094802954485084e-01	1.177116751670837402e+00	2.729560294051760483e-01
1.635311411803850590e-01	9.780324697494506836e-01	1.376481245488719862e-01
1.796528020653215818e-01	8.084470033645629883e-01	9.707385217837562197e-02
1.957744629502581324e-01	6.854946613311767578e-01	7.590695050102608255e-02
2.118961238351946830e-01	5.871956348419189453e-01	6.093803008813790389e-02
2.280177847201312336e-01	5.200251340866088867e-01	5.058620642374582477e-02
2.441394456050677841e-01	4.702702760696411133e-01	4.327753498717789443e-02
2.602611064900043347e-01	4.288236498832702637e-01	4.113694350186759136e-02
2.763827673749408298e-01	3.986708819866180420e-01	3.910028716436677459e-02
2.925044282598774359e-01	3.749218881130218506e-01	3.739138600304124649e-02
3.086260891448139310e-01	3.562287092208862305e-01	3.614534656708935645e-02
3.247477500297504815e-01	3.412568867206573486e-01	3.431794485530526712e-02
3.408694109146870321e-01	3.280128836631774902e-01	3.176122394912184177e-02
3.569910717996235827e-01	3.191559016704559326e-01	3.017594506911214572e-02
3.731127326845601333e-01	3.102108538150787354e-01	2.883277157198095228e-02
3.892343935694966284e-01	3.030342161655426025e-01	2.762811313769037228e-02
4.053560544544332345e-01	2.974568307399749756e-01	2.663951946341475488e-02
4.214777153393697295e-01	2.915980219841003418e-01	2.579837738846881001e-02
4.375993762243063356e-01	2.850723266601562500e-01	2.497110809868013925e-02
4.537210371092428307e-01	2.803307175636291504e-01	2.428439806533823700e-02
4.698426979941794368e-01	2.746065855026245117e-01	2.359305362883888993e-02
4.859643588791159319e-01	2.695945501327514648e-01	2.289612239982921280e-02
5.020860197640524270e-01	2.648540139198303223e-01	2.224606280092818536e-02
5.182076806489890330e-01	2.597993910312652588e-01	2.167113861539299302e-02
5.343293415339255281e-01	2.540394663810729980e-01	2.108575511447781034e-02
5.504510024188621342e-01	2.480522394180297852e-01	2.100757237841103728e-02
5.665726633037986293e-01	2.433563619852066040e-01	2.096670105154753785e-02
5.826943241887352354e-01	2.368005812168121338e-01	2.066854542586470458e-02
5.988159850736717305e-01	2.319318056106567383e-01	2.038567481668970491e-02
6.149376459586082255e-01	2.267964184284210205e-01	1.999233306485725600e-02
6.310593068435448316e-01	2.212136834859848022e-01	1.954474830801351121e-02
6.471809677284813267e-01	2.159983515739440918e-01	1.918744724808238086e-02
6.633026286134179328e-01	2.115964889526367188e-01	1.887944061410837260e-02
6.794242894983544279e-01	2.061430066823959351e-01	1.852049127654847513e-02
6.955459503832910340e-01	2.005639225244522095e-01	1.782530502836135802e-02
7.116676112682275290e-01	1.963023990392684937e-01	1.708282950971589179e-02
7.277892721531641351e-01	1.917246431112289429e-01	1.654207704973612025e-02
7.439109330381006302e-01	1.867319196462631226e-01	1.606479384792736456e-02
7.600325939230372363e-01	1.824860125780105591e-01	1.570211911074453903e-02
7.761542548079737314e-01	1.779180914163589478e-01	1.529845125897875274e-02
7.922759156929103375e-01	1.733733564615249634e-01	1.489429922105554339e-02
8.083975765778468325e-01	1.696015000343322754e-01	1.453935195718678020e-02
8.245192374627833276e-01	1.654864996671676636e-01	1.418295796392894659e-02
8.406408983477199337e-01	1.618996560573577881e-01	1.386040386380305543e-02
8.567625592326564288e-01	1.579561233520507812e-01	1.352834439109415303e-02
8.728842201175930349e-01	1.548410654067993164e-01	1.324497513450040298e-02
8.890058810025295299e-01	1.515856087207794189e-01	1.295899037919619884e-02
9.051275418874661360e-01	1.476062685251235962e-01	1.264950245627063756e-02
9.212492027724026311e-01	1.449997127056121826e-01	1.241039698105163291e-02
9.373708636573391262e-01	1.423307955265045166e-01	1.217119834460305902e-02
9.534925245422757323e-01	1.393166929483413696e-01	1.192238596116309592e-02
9.696141854272122274e-01	1.366749852895736694e-01	1.169371381782858231e-02
9.857358463121488334e-01	1.338281184434890747e-01	1.145663732036784378e-02
1.001857507197085217e+00	1.314951479434967041e-01	1.125605029600355855e-02
1.017979168082021824e+00	1.294067353010177612e-01	1.106634434455914216e-02
1.034100828966958430e+00	1.273543089628219604e-01	1.087979429762851377e-02
1.050222489851894814e+00	1.251771003007888794e-01	1.069523052182696360e-02
1.066344150736831420e+00	1.230252534151077271e-01	1.051228858718220027e-02
1.082465811621768026e+00	1.213113218545913696e-01	1.035217183752175016e-02
1.098587472506704632e+00	1.194400265812873840e-01	1.018804992210316229e-02
1.114709133391641016e+00	1.173394322395324707e-01	1.001701671137376556e-02
1.130830794276577622e+00	1.156818717718124390e-01	9.874238948053951775e-03
1.146952455161514228e+00	1.140101999044418335e-01	9.738336685696909190e-03
1.163074116046450612e+00	1.122842803597450256e-01	9.772464839166552023e-03
1.179195776931387218e+00	1.108951196074485779e-01	9.767824557093853291e-03
1.195317437816323825e+00	1.095405295491218567e-01	9.693591086602181689e-03
1.211439098701260209e+00	1.080451905727386475e-01	9.615862459654843028e-03
1.227560759586196815e+00	1.065334975719451904e-01	9.539389358918799744e-03
1.243682420471133421e+00	1.054276600480079651e-01	9.477263426045516234e-03
1.259804081356070027e+00	1.040379926562309265e-01	9.398365424746094737e-03
1.275925742241006411e+00	1.029795780777931213e-01	9.333847684067492906e-03
1.292047403125943017e+00	1.016036123037338257e-01	9.252346078218304931e-03
1.308169064010879623e+00	1.004441455006599426e-01	9.022177616247619922e-03
1.324290724895816007e+00	9.975948184728622437e-02	8.828385757247430785e-03
1.340412385780752613e+00	9.864114969968795776e-02	8.701116428704807823e-03
1.356534046665689219e+00	9.771097451448440552e-02	8.604177434765507629e-03
1.372655707550625825e+00	9.683381766080856323e-02	8.517889630314497487e-03
1.388777368435562209e+00	9.600730985403060913e-02	8.437079368246920910e-03
1.404899029320498816e+00	9.497626125812530518e-02	8.351231389259120355e-03
1.421020690205435422e+00	9.424602985382080078e-02	8.279050914858390037e-03
1.437142351090372028e+00	9.337399899959564209e-02	8.201144609171484579e-03
1.453264011975308412e+00	9.224008023738861084e-02	8.112891453236492287e-03
1.469385672860245018e+00	9.160505235195159912e-02	8.050728191434907907e-03
1.485507333745181624e+00	9.095677733421325684e-02	7.987226623489536090e-03
1.501628994630118008e+00	9.034666419029235840e-02	7.925618878164186060e-03
1.517750655515054614e+00	8.928342163562774658e-02	7.845501986414151266e-03
1.533872316399991220e+00	8.875130861997604370e-02	7.788929323244615094e-03
1.549993977284927826e+00	8.800092339515686035e-02	7.713417233401704404e-03
1.566115638169864210e+00	8.745662122964859009e-02	7.639327645649760662e-03
1.582237299054800816e+00	8.673316985368728638e-02	7.540376271955963501e-03
1.598358959939737423e+00	8.609022945165634155e-02	7.438056756460703287e-03
1.614480620824673807e+00	8.567346632480621338e-02	7.350799518830430750e-03
1.630602281709610413e+00	8.527801930904388428e-02	7.273317305353620491e-03
1.646723942594547019e+00	8.464395999908447266e-02	7.186998290602791828e-03
1.662845603479483625e+00	8.405902236700057983e-02	7.106771613998512198e-03
1.678967264364420009e+00	8.378754556179046631e-02	7.036615533774609119e-03
1.695088925249356615e+00	8.331577479839324951e-02	6.960572105334604694e-03
1.711210586134293221e+00	8.260530978441238403e-02	6.877610806119492486e-03
1.727332247019229605e+00	8.230164647102355957e-02	6.817603185252454207e-03
1.743453907904166211e+00	8.182667195796966553e-02	6.758474097547532110e-03
1.759575568789102817e+00	8.148057758808135986e-02	6.710029719681717165e-03
1.775697229674039423e+00	8.120396733283996582e-02	6.665772304745784527e-03
1.791818890558975808e+00	8.072681725025177002e-02	6.614760169201656069e-03
1.807940551443912414e+00	8.037558943033218384e-02	6.566642362303086976e-03
1.824062212328849020e+00	7.986330240964889526e-02	6.513286741475915465e-03
1.840183873213785404e+00	7.959530502557754517e-02	6.471787541213854661e-03
1.856305534098722010e+00	7.952368259429931641e-02	6.440429058128581928e-03
1.872427194983658616e+00	7.932948321104049683e-02	6.402843629179580040e-03
1.888548855868595222e+00	7.887701690196990967e-02	6.354227260377630533e-03
1.904670516753531606e+00	7.857938110828399658e-02	6.313220660765771555e-03
1.920792177638468212e+00	7.820972800254821777e-02	6.270349766367777980e-03
1.936913838523404818e+00	7.791900634765625000e-02	6.230837219830530002e-03
1.953035499408341202e+00	7.771749049425125122e-02	6.196496049480302790e-03
1.969157160293277808e+00	7.755541056394577026e-02	6.163364081433331601e-03
1.985278821178214415e+00	7.732493430376052856e-02	6.128988080648867937e-03
2.001400482063151021e+00	7.704685628414154053e-02	6.091230447059441111e-03
2.017522142948087627e+00	7.685528695583343506e-02	6.059448479519737550e-03
2.033643803833024233e+00	7.677438110113143921e-02	6.030924025893789724e-03
2.049765464717960839e+00	7.666566222906112671e-02	6.002890849649353787e-03
2.065887125602897445e+00	7.629391551017761230e-02	5.962947036310269587e-03
2.082008786487833607e+00	7.618221640586853027e-02	5.935629237587811829e-03
2.098130447372770213e+00	7.609593123197555542e-02	5.909419267558702581e-03
2.114252108257706819e+00	7.574004679918289185e-02	5.872002674939306131e-03
2.130373769142643425e+00	7.577760517597198486e-02	5.850899911963103675e-03
2.146495430027580031e+00	7.574123144149780273e-02	5.826302662831000373e-03
2.162617090912516193e+00	7.562357187271118164e-02	5.800478799420092160e-03
2.178738751797452800e+00	7.538684457540512085e-02	5.768731896973692402e-03
2.194860412682389406e+00	7.543862611055374146e-02	5.750254175556376510e-03
2.210982073567326012e+00	7.524085789918899536e-02	5.720784936839137108e-03
2.227103734452262618e+00	7.511941343545913696e-02	5.695581785808219617e-03
2.243225395337199224e+00	7.505548000335693359e-02	5.672703079323838590e-03
2.259347056222135830e+00	7.505792379379272461e-02	5.652337372141137684e-03
2.275468717107071992e+00	7.502356916666030884e-02	5.631212773066543095e-03
2.291590377992008598e+00	7.484713941812515259e-02	5.604518132953440097e-03
2.307712038876945204e+00	7.509206980466842651e-02	5.588697124495821747e-03
2.323833699761881810e+00	7.486842572689056396e-02	5.556025523360848609e-03
2.339955360646818416e+00	7.461123913526535034e-02	5.526361374560486393e-03
2.356077021531755022e+00	7.483729720115661621e-02	5.516785450910535217e-03
2.372198682416691629e+00	7.481430470943450928e-02	5.497490125373227267e-03
2.388320343301627791e+00	7.471728324890136719e-02	5.513562111329954434e-03
2.404442004186564397e+00	7.470171898603439331e-02	5.557939274468640112e-03
2.420563665071501003e+00	7.468477636575698853e-02	5.574361451563978817e-03
2.436685325956437609e+00	7.488924264907836914e-02	5.595171966042675887e-03
2.452806986841374215e+00	7.492986321449279785e-02	5.605867283162620576e-03
2.468928647726310821e+00	7.484185695648193359e-02	5.609012546397827183e-03
2.485050308611247427e+00	7.494745403528213501e-02	5.616386745359874637e-03
2.501171969496183589e+00	7.497332245111465454e-02	5.620544042687533950e-03
2.517293630381120195e+00	7.496096938848495483e-02	5.620801443901777238e-03
2.533415291266056801e+00	7.502938061952590942e-02	5.592105922573920029e-03
2.549536952150993407e+00	7.533103972673416138e-02	5.531688723526564933e-03
2.565658613035930014e+00	7.516662776470184326e-02	5.486289851801165289e-03
2.581780273920866620e+00	7.521799951791763306e-02	5.453639251269497973e-03
2.597901934805803226e+00	7.527708262205123901e-02	5.426737265474063793e-03
2.614023595690739388e+00	7.541348785161972046e-02	5.405815807917136416e-03
2.630145256575675994e+00	7.566288113594055176e-02	5.390760915454156574e-03
2.646266917460612600e+00	7.564368098974227905e-02	5.366114416449034932e-03
2.662388578345549206e+00	7.578136026859283447e-02	5.349796344018572722e-03
2.678510239230485812e+00	7.585768401622772217e-02	5.331128514843741506e-03
2.694631900115422418e+00	7.593178004026412964e-02	5.313910611103575543e-03
2.710753561000359024e+00	7.614518702030181885e-02	5.303044196488290729e-03
2.726875221885295630e+00	7.635193318128585815e-02	5.291535832242154520e-03
2.742996882770231792e+00	7.636711001396179199e-02	5.273579767620444232e-03
2.759118543655168398e+00	7.638721168041229248e-02	5.254732116087510070e-03
2.775240204540105005e+00	7.665915042161941528e-02	5.247180189203971661e-03
2.791361865425041611e+00	7.673116773366928101e-02	5.232572845918849296e-03
2.807483526309978217e+00	7.719280570745468140e-02	5.232616240850924104e-03
2.823605187194914823e+00	7.726746052503585815e-02	5.218338444971359555e-03
2.839726848079851429e+00	7.744222134351730347e-02	5.208362414519379126e-03
2.855848508964787591e+00	7.758483290672302246e-02	5.196777362885607494e-03
2.871970169849724197e+00	7.774871587753295898e-02	5.186751160500429648e-03
2.888091830734660803e+00	7.792480289936065674e-02	5.177304509777065807e-03
2.904213491619597409e+00	7.816350460052490234e-02	5.170405190362444871e-03
2.920335152504534015e+00	7.851835340261459351e-02	5.167260759496038018e-03
2.936456813389470621e+00	7.860626280307769775e-02	5.155826523696157258e-03
2.952578474274407228e+00	7.884530723094940186e-02	5.148595152529717757e-03
2.968700135159343390e+00	7.915017753839492798e-02	5.145339446060837214e-03
2.984821796044279996e+00	7.927498221397399902e-02	5.134746393267096767e-03
3.000943456929216602e+00	7.960527390241622925e-02	5.188232994578157765e-03
3.017065117814153208e+00	7.978495210409164429e-02	5.218407333200510145e-03
3.033186778699089814e+00	7.974977046251296997e-02	5.232618807154259741e-03
3.049308439584026420e+00	7.995982468128204346e-02	5.250811203506890353e-03
3.065430100468963026e+00	8.008805662393569946e-02	5.263378761331150013e-03
3.081551761353899188e+00	8.030441403388977051e-02	5.276440758943894138e-03
3.097673422238835794e+00	8.086173981428146362e-02	5.299873716134111297e-03
3.113795083123772400e+00	8.088140934705734253e-02	5.302642909305234180e-03
3.129916744008709006e+00	8.111721277236938477e-02	5.312605508052167802e-03
3.146038404893645613e+00	8.136066049337387085e-02	5.271225172936754369e-03
3.162160065778582219e+00	8.155483752489089966e-02	5.232069588623760627e-03
3.178281726663518825e+00	8.189424872398376465e-02	5.211202326847321625e-03
3.194403387548454987e+00	8.217341452836990356e-02	5.194486698669004490e-03
3.210525048433391593e+00	8.250372111797332764e-02	5.182938025914038058e-03
3.226646709318328199e+00	8.288019150495529175e-02	5.174851539239505756e-03
3.242768370203264805e+00	8.327685296535491943e-02	5.168795637431580076e-03
3.258890031088201411e+00	8.353333920240402222e-02	5.159065198581337143e-03
3.275011691973138017e+00	8.372625708580017090e-02	5.148280542838722627e-03
3.291133352858074623e+00	8.413273096084594727e-02	5.145106903881284909e-03
3.307255013743010785e+00	8.459685742855072021e-02	5.144140925218212979e-03
3.323376674627947391e+00	8.497611433267593384e-02	5.141480423418105621e-03
3.339498335512883997e+00	8.571387827396392822e-02	5.150729342630791519e-03
3.355619996397820604e+00	8.598082512617111206e-02	5.144341807154481465e-03
3.371741657282757210e+00	8.631018549203872681e-02	5.140940844828364477e-03
3.387863318167693816e+00	8.688625693321228027e-02	5.144821564123948886e-03
3.403984979052630422e+00	8.757888525724411011e-02	5.153763525664595627e-03
3.420106639937566584e+00	8.822179585695266724e-02	5.160744041789842515e-03
3.436228300822503190e+00	8.881748467683792114e-02	5.165740915268011817e-03
3.452349961707439796e+00	8.957947045564651489e-02	5.177293090799926084e-03
3.468471622592376402e+00	9.041889756917953491e-02	5.190739454307586112e-03
3.484593283477313008e+00	9.125867486000061035e-02	5.203688294124872611e-03
3.500714944362249614e+00	9.215563535690307617e-02	5.219932529276076136e-03
3.516836605247186220e+00	9.323581308126449585e-02	5.240240094625352868e-03
3.532958266132122382e+00	9.451861679553985596e-02	5.266918382585087516e-03
3.549079927017058989e+00	9.587363898754119873e-02	5.296564248247094889e-03
3.565201587901995595e+00	9.722600877285003662e-02	5.325508307821938576e-03
3.581323248786932201e+00	9.875242412090301514e-02	5.359459052738731362e-03
3.597444909671868807e+00	1.004271358251571655e-01	5.397558328810572736e-03
3.613566570556805413e+00	1.022055521607398987e-01	5.438911732529412395e-03
3.629688231441742019e+00	1.041010171175003052e-01	5.483641941078249218e-03
3.645809892326678181e+00	1.062067300081253052e-01	5.534310162213937345e-03
3.661931553211614787e+00	1.085352972149848938e-01	5.589720407296701853e-03
3.678053214096551393e+00	1.111334711313247681e-01	5.652833121646634942e-03
3.694174874981487999e+00	1.138534769415855408e-01	5.718470688651468986e-03
3.710296535866424605e+00	1.165384426712989807e-01	5.782440541375714026e-03
3.726418196751361211e+00	1.198036670684814453e-01	5.860980870414852183e-03
3.742539857636297818e+00	1.231014430522918701e-01	5.939885916264139865e-03
3.758661518521233980e+00	1.264071166515350342e-01	6.017880189294220680e-03
3.774783179406170586e+00	1.300608217716217041e-01	6.104048211707120523e-03
3.790904840291107192e+00	1.339207440614700317e-01	6.194011834533891779e-03
3.807026501176043798e+00	1.381250023841857910e-01	6.292360448510555399e-03
3.823148162060980404e+00	1.420837789773941040e-01	6.383338364096107116e-03
3.839269822945917010e+00	1.464239358901977539e-01	6.480683499925781431e-03
3.855391483830853616e+00	1.508591324090957642e-01	6.580108939206375310e-03
3.871513144715790222e+00	1.551873385906219482e-01	6.675151702468642978e-03
3.887634805600726384e+00	1.595587581396102905e-01	6.769991575373295392e-03
3.903756466485662990e+00	1.639333814382553101e-01	6.863609612163625896e-03
3.919878127370599596e+00	1.679785549640655518e-01	6.948077712539503514e-03
3.935999788255536203e+00	1.719930320978164673e-01	7.030785894433844163e-03
3.952121449140472809e+00	1.755469292402267456e-01	7.101304675864953536e-03
3.968243110025409415e+00	1.785647720098495483e-01	7.218529002923541188e-03
3.984364770910346021e+00	1.813342422246932983e-01	7.323422814807382594e-03
4.000486431795282627e+00	1.839316934347152710e-01	7.401415727221720073e-03
4.016608092680218789e+00	1.850450038909912109e-01	7.428741095288818493e-03
4.032729753565155839e+00	1.852707415819168091e-01	7.441227863693632150e-03
4.048851414450092001e+00	1.848910152912139893e-01	7.440105481367836893e-03
4.064973075335029051e+00	1.836645156145095825e-01	7.417113722081624012e-03
4.081094736219965213e+00	1.816398054361343384e-01	7.373657520715667241e-03
4.097216397104902263e+00	1.784993559122085571e-01	7.301721403826749550e-03
4.113338057989838425e+00	1.749029159545898438e-01	7.217719425833811833e-03
4.129459718874774588e+00	1.706302911043167114e-01	7.112271834706471348e-03
4.145581379759711638e+00	1.659061163663864136e-01	6.989429215199224887e-03
4.161703040644647800e+00	1.609342247247695923e-01	6.859543792565486395e-03
4.177824701529583962e+00	1.557844877243041992e-01	6.728921448884177779e-03
4.193946362414521012e+00	1.504513919353485107e-01	6.592971036120705806e-03
4.210068023299457174e+00	1.451532095670700073e-01	6.460117222550649380e-03
4.226189684184394224e+00	1.402021646499633789e-01	6.394188210078140949e-03
4.242311345069330386e+00	1.354400962591171265e-01	6.309177676945571661e-03
4.258433005954267436e+00	1.309778690338134766e-01	6.219606831505054834e-03
4.274554666839203598e+00	1.263344883918762207e-01	6.116852820508386808e-03
4.290676327724139760e+00	1.222080960869789124e-01	6.022595485582522487e-03
4.306797988609076810e+00	1.188150569796562195e-01	5.945271170947675522e-03
4.322919649494012972e+00	1.157317310571670532e-01	5.873583206175841953e-03
4.339041310378950023e+00	1.127556338906288147e-01	5.803893690562513495e-03
4.355162971263886185e+00	1.101014539599418640e-01	5.777259418771579780e-03
4.371284632148823235e+00	1.077990308403968811e-01	5.756169551515751687e-03
4.387406293033759397e+00	1.053759455680847168e-01	5.722928169653570228e-03
4.403527953918695559e+00	1.034715175628662109e-01	5.717759762460532420e-03
4.419649614803632609e+00	1.018450036644935608e-01	5.731741702361309136e-03
4.435771275688568771e+00	9.993008524179458618e-02	5.721249881535291244e-03
4.451892936573505821e+00	9.867040812969207764e-02	5.714714686721350870e-03
4.468014597458441983e+00	9.748485684394836426e-02	5.702514785586594581e-03
4.484136258343379033e+00	9.607597440481185913e-02	5.681936895302453112e-03
4.500257919228315195e+00	9.497396647930145264e-02	5.668160476065380905e-03
4.516379580113251357e+00	9.401402622461318970e-02	5.656667439704288376e-03
4.532501240998188408e+00	9.307660907506942749e-02	5.644148494134419887e-03
4.548622901883124570e+00	9.215040504932403564e-02	5.710248676750343498e-03
4.564744562768061620e+00	9.164785593748092651e-02	5.784331753270586726e-03
4.580866223652997782e+00	9.104479104280471802e-02	5.813494168919331427e-03
4.596987884537934832e+00	8.997166901826858521e-02	5.811062568618211195e-03
4.613109545422870994e+00	8.942960202693939209e-02	5.828313454611549690e-03
4.629231206307807156e+00	8.878599107265472412e-02	5.835855620966897729e-03
4.645352867192744206e+00	8.800265192985534668e-02	5.835733766382922467e-03
4.661474528077680368e+00	8.726505935192108154e-02	5.835348965084511189e-03
4.677596188962617418e+00	8.690305054187774658e-02	5.846972050675702977e-03
4.693717849847553580e+00	8.602625131607055664e-02	5.829992693038505043e-03
4.709839510732490631e+00	8.551415055990219116e-02	5.821637984946515139e-03
4.725961171617426793e+00	8.494082838296890259e-02	5.814317495784568184e-03
4.742082832502362955e+00	8.413563668727874756e-02	5.804648026602072901e-03
4.758204493387300005e+00	8.359913527965545654e-02	5.804329406381768079e-03
4.774326154272236167e+00	8.292821049690246582e-02	5.798488185221786773e-03
4.790447815157173217e+00	8.227504789829254150e-02	5.792660075773220854e-03
4.806569476042109379e+00	8.172950148582458496e-02	5.789452800714637443e-03
4.822691136927046429e+00	8.099032193422317505e-02	5.850401724414858694e-03
4.838812797811982591e+00	8.040968328714370728e-02	5.946067359388097599e-03
4.854934458696918753e+00	7.964897900819778442e-02	6.001882075303018212e-03
4.871056119581855803e+00	7.896818965673446655e-02	6.049343184208347789e-03
4.887177780466791965e+00	7.846406102180480957e-02	6.097836801127701212e-03
4.903299441351729016e+00	7.778234034776687622e-02	6.134941725904684978e-03
4.919421102236665178e+00	7.733455300331115723e-02	6.179306947158834731e-03
4.935542763121602228e+00	7.663454860448837280e-02	6.210569908881279251e-03
4.951664424006538390e+00	7.602570950984954834e-02	6.242584157524457694e-03
4.967786084891474552e+00	7.551620155572891235e-02	6.271234940264792772e-03
4.983907745776411602e+00	7.510936260223388672e-02	6.302003704488278076e-03
5.000029406661347764e+00	7.447580248117446899e-02	6.321234905045263787e-03
5.016151067546284814e+00	7.389964908361434937e-02	6.341975442054645189e-03
5.032272728431220976e+00	7.322571426630020142e-02	6.357356761713026626e-03
5.048394389316158026e+00	7.252398133277893066e-02	6.375558654953586077e-03
5.064516050201094188e+00	7.202278077602386475e-02	6.408016022675607805e-03
5.080637711086030350e+00	7.153750211000442505e-02	6.441487500794162296e-03
5.096759371970967401e+00	7.099276036024093628e-02	6.473204538190820666e-03
5.112881032855903563e+00	7.056348770856857300e-02	6.507134219035008368e-03
5.129002693740840613e+00	6.989379227161407471e-02	6.522671585152703920e-03
5.145124354625776775e+00	6.937743723392486572e-02	6.539777806931061990e-03
5.161246015510713825e+00	6.899538636207580566e-02	6.563479123044177813e-03
5.177367676395649987e+00	6.838648766279220581e-02	6.575883498545533230e-03
5.193489337280586149e+00	6.794901192188262939e-02	6.601449321789799353e-03
5.209610998165523199e+00	6.737858802080154419e-02	6.629207015704003877e-03
5.225732659050459361e+00	6.686602532863616943e-02	6.661037200093521474e-03
5.241854319935396411e+00	6.650028377771377563e-02	6.700562106337916955e-03
5.257975980820332573e+00	6.581009924411773682e-02	6.723210307242876403e-03
5.274097641705269623e+00	6.526881456375122070e-02	6.754188482867819893e-03
5.290219302590205785e+00	6.487230956554412842e-02	6.793972255308673193e-03
5.306340963475142836e+00	6.445405632257461548e-02	6.832949211017849515e-03
5.322462624360078998e+00	6.403998285531997681e-02	6.872627082657526733e-03
5.338584285245015160e+00	6.356742978096008301e-02	6.910253672501480600e-03
5.354705946129952210e+00	6.305718421936035156e-02	6.945758318121272173e-03
5.370827607014888372e+00	6.262361258268356323e-02	6.987066403978219910e-03
5.386949267899825422e+00	6.223446503281593323e-02	7.031285268709122627e-03
5.403070928784761584e+00	6.172414869070053101e-02	7.072045284352492835e-03
5.419192589669698634e+00	6.131241098046302795e-02	7.114619188817550115e-03
5.435314250554634796e+00	6.078208982944488525e-02	7.138445811083873882e-03
5.451435911439570958e+00	6.040168926119804382e-02	7.167213920662724412e-03
5.467557572324508008e+00	6.002031639218330383e-02	7.196252800776895518e-03
5.483679233209444170e+00	5.972387641668319702e-02	7.230455955032330344e-03
5.499800894094381221e+00	5.905647948384284973e-02	7.244990100041056799e-03
5.515922554979317383e+00	5.868512764573097229e-02	7.288748296395398951e-03
5.532044215864254433e+00	5.829531326889991760e-02	7.340807220000418465e-03
5.548165876749190595e+00	5.791213735938072205e-02	7.394818865842909573e-03
5.564287537634126757e+00	5.761353299021720886e-02	7.456736098265642418e-03
5.580409198519063807e+00	5.740306526422500610e-02	7.526767819174271998e-03
5.596530859403999969e+00	5.679512023925781250e-02	7.570651157536021844e-03
5.612652520288937019e+00	5.633877590298652649e-02	7.630278917360024636e-03
5.628774181173873181e+00	5.590255185961723328e-02	7.687373103050615733e-03
5.644895842058810231e+00	5.579103901982307434e-02	7.772493475980566703e-03
5.661017502943746393e+00	5.518507212400436401e-02	7.824998356487743514e-03
5.677139163828682555e+00	5.494134873151779175e-02	7.906051232411111934e-03
5.693260824713619606e+00	5.449313297867774963e-02	7.974858784277082113e-03
5.709382485598555768e+00	5.412350967526435852e-02	8.052855823039242050e-03
5.725504146483492818e+00	5.367103964090347290e-02	8.126745911801718653e-03
5.741625807368428980e+00	5.349194258451461792e-02	8.226272862884976764e-03
5.757747468253366030e+00	5.321628972887992859e-02	8.321937222985216834e-03
5.773869129138302192e+00	5.285578221082687378e-02	8.415018666500089298e-03
5.789990790023238354e+00	5.241983756422996521e-02	8.513294508413118272e-03
5.806112450908175404e+00	5.209704861044883728e-02	8.614539278439234393e-03
5.822234111793111566e+00	5.169302597641944885e-02	8.713785625728076925e-03
5.838355772678048616e+00	5.141523107886314392e-02	8.834621103372091236e-03
5.854477433562984778e+00	5.109458416700363159e-02	8.967115981333474012e-03
5.870599094447921829e+00	5.072320252656936646e-02	9.080287984578404303e-03
5.886720755332857991e+00	5.024306476116180420e-02	9.199791086245714261e-03
5.902842416217794153e+00	5.014671757817268372e-02	9.366004296240982088e-03
5.918964077102731203e+00	4.986488819122314453e-02	9.521681902237257716e-03
5.935085737987667365e+00	4.960022121667861938e-02	9.689936484091278904e-03
5.951207398872604415e+00	4.911804199218750000e-02	9.847013272845093687e-03
5.967329059757540577e+00	4.875355213880538940e-02	1.002708957172451266e-02
5.983450720642477627e+00	4.857122898101806641e-02	1.023942310400208396e-02
5.999572381527413789e+00	4.835815727710723877e-02	1.046655550186379770e-02
6.015694042412349951e+00	4.793119430541992188e-02	1.068394406645242073e-02
6.031815703297287001e+00	4.741882905364036560e-02	1.091096987886628136e-02
6.047937364182223163e+00	4.716751351952552795e-02	1.119239186819301866e-02
6.064059025067160213e+00	4.654095694422721863e-02	1.145087589857694300e-02
6.080180685952096376e+00	4.631286114454269409e-02	1.184884439310340647e-02
6.096302346837033426e+00	4.585442692041397095e-02	1.234047604313161586e-02
6.112424007721969588e+00	4.556018486618995667e-02	1.291828583130195246e-02
6.128545668606905750e+00	4.624494910240173340e-02	1.391001437101250029e-02
6.144667329491842800e+00	4.636362195014953613e-02	1.461774197078854164e-02
6.160788990376778962e+00	4.624812304973602295e-02	1.511978492174755051e-02
6.176910651261716012e+00	4.614001139998435974e-02	1.554446353807969333e-02
6.193032312146652174e+00	4.585490375757217407e-02	1.581353800269118953e-02
6.209153973031589224e+00	4.562525823712348938e-02	1.610748794338220588e-02
6.225275633916525386e+00	4.565690830349922180e-02	1.647289424875660394e-02
6.241397294801461548e+00	4.562128707766532898e-02	1.684836022692941249e-02
6.257518955686398598e+00	4.527251422405242920e-02	1.718819832246356108e-02
6.273640616571334760e+00	4.494139179587364197e-02	1.755818113091309543e-02
6.289762277456271811e+00	4.486154392361640930e-02	1.803952571017512080e-02
6.305883938341207973e+00	4.490926861763000488e-02	1.857864192190854941e-02
6.322005599226145023e+00	4.499835893511772156e-02	1.910638807519465451e-02
6.338127260111081185e+00	4.446212574839591980e-02	1.959064361114777261e-02
6.354248920996017347e+00	4.394128918647766113e-02	2.014274365386227103e-02
6.370370581880954397e+00	4.378405213356018066e-02	2.083332409631205237e-02
6.386492242765890559e+00	4.370117932558059692e-02	2.162317423338783184e-02
6.402613903650827609e+00	4.332114011049270630e-02	2.245321236372439105e-02
6.418735564535763771e+00	4.366459697484970093e-02	2.359306309780883140e-02
6.434857225420700821e+00	4.359005764126777649e-02	2.476958521618218695e-02
6.450978886305636983e+00	4.320127889513969421e-02	2.606615605137331537e-02
6.467100547190573145e+00	4.276331141591072083e-02	2.760621677984110081e-02
6.483222208075510196e+00	4.327080771327018738e-02	2.980217698433998766e-02
6.499343868960446358e+00	4.310886561870574951e-02	3.233171994728038096e-02
6.515465529845383408e+00	4.301679134368896484e-02	3.573440858233430800e-02
6.531587190730319570e+00	4.224479198455810547e-02	4.007825388699053776e-02
6.547708851615256620e+00	4.300352558493614197e-02	4.786603767211583538e-02
6.563830512500192782e+00	4.173305630683898926e-02	6.075142736470273003e-02
6.579952173385129832e+00	3.819261491298675537e-02	9.916467022721101032e-02
