# Normalized	8330.0 eV	Empty Kapton
# q	I	Poisson error
# nm-1	cm-1	cm-1
1.534133333808537225e-01	-1.081902027130126953e+00	nan
1.701916152350436418e-01	-8.386006951332092285e-01	nan
1.869698970892335610e-01	-6.631557941436767578e-01	nan
2.037481789434235080e-01	-5.377962589263916016e-01	nan
2.205264607976133995e-01	-4.474479854106903076e-01	nan
2.373047426518033465e-01	-3.925876617431640625e-01	nan
2.540830245059932935e-01	-3.548597395420074463e-01	nan
2.708613063601831850e-01	-3.235630691051483154e-01	nan
2.876395882143730764e-01	-3.005673587322235107e-01	nan
3.044178700685630234e-01	-2.832945883274078369e-01	nan
3.211961519227529704e-01	-2.692691981792449951e-01	nan
3.379744337769428619e-01	-2.575909197330474854e-01	nan
3.547527156311328089e-01	-2.454989850521087646e-01	nan
3.715309974853227004e-01	-2.358059138059616089e-01	nan
3.883092793395126474e-01	-2.274023592472076416e-01	nan
4.050875611937025389e-01	-2.223952710628509521e-01	nan
4.218658430478924859e-01	-2.174677550792694092e-01	nan
4.386441249020824329e-01	-2.131349891424179077e-01	nan
4.554224067562723244e-01	-2.085172086954116821e-01	nan
4.722006886104622714e-01	-2.066921144723892212e-01	nan
4.889789704646521629e-01	-2.019723057746887207e-01	nan
5.057572523188420544e-01	-2.014544308185577393e-01	nan
5.225355341730320013e-01	-2.001036405563354492e-01	nan
5.393138160272219483e-01	-1.989563852548599243e-01	nan
5.560920978814118953e-01	-1.984870433807373047e-01	nan
5.728703797356018423e-01	-1.977554559707641602e-01	nan
5.896486615897917893e-01	-1.981593668460845947e-01	nan
6.064269434439816253e-01	-1.975802630186080933e-01	nan
6.232052252981715723e-01	-1.979576051235198975e-01	nan
6.399835071523614083e-01	-1.985677033662796021e-01	nan
6.567617890065513553e-01	-1.998537033796310425e-01	nan
6.735400708607413023e-01	-2.007760405540466309e-01	nan
6.903183527149312493e-01	-2.024184465408325195e-01	nan
7.070966345691211963e-01	-2.037245929241180420e-01	nan
7.238749164233111433e-01	-2.040933370590209961e-01	nan
7.406531982775009793e-01	-2.070961445569992065e-01	nan
7.574314801316909262e-01	-2.080328315496444702e-01	nan
7.742097619858808732e-01	-2.090486139059066772e-01	nan
7.909880438400708202e-01	-2.105910331010818481e-01	nan
8.077663256942606562e-01	-2.104635834693908691e-01	nan
8.245446075484506032e-01	-2.108127176761627197e-01	nan
8.413228894026405502e-01	-2.118163406848907471e-01	nan
8.581011712568304972e-01	-2.117133289575576782e-01	nan
8.748794531110204442e-01	-2.113854289054870605e-01	nan
8.916577349652102802e-01	-2.113068103790283203e-01	nan
9.084360168194002272e-01	-2.115645408630371094e-01	nan
9.252142986735901742e-01	-2.121878117322921753e-01	nan
9.419925805277801212e-01	-2.106770724058151245e-01	nan
9.587708623819700682e-01	-2.110703587532043457e-01	nan
9.755491442361599042e-01	-2.108343541622161865e-01	nan
9.923274260903498512e-01	-2.099508792161941528e-01	nan
1.009105707944539798e+00	-2.089847773313522339e-01	nan
1.025883989798729745e+00	-2.087495625019073486e-01	nan
1.042662271652919692e+00	-2.084261476993560791e-01	nan
1.059440553507109417e+00	-2.086959779262542725e-01	nan
1.076218835361299586e+00	-2.078812122344970703e-01	nan
1.092997117215489311e+00	-2.063737362623214722e-01	nan
1.109775399069679480e+00	-2.054781317710876465e-01	nan
1.126553680923869205e+00	-2.048411667346954346e-01	nan
1.143331962778059152e+00	-2.035979479551315308e-01	nan
1.160110244632249099e+00	-2.030425667762756348e-01	nan
1.176888526486438824e+00	-2.023028135299682617e-01	nan
1.193666808340628993e+00	-2.010816633701324463e-01	nan
1.210445090194818718e+00	-1.991517096757888794e-01	nan
1.227223372049008887e+00	-1.983448266983032227e-01	nan
1.244001653903198612e+00	-1.978263705968856812e-01	nan
1.260779935757388781e+00	-1.959273219108581543e-01	nan
1.277558217611578506e+00	-1.944092512130737305e-01	nan
1.294336499465768675e+00	-1.935471445322036743e-01	nan
1.311114781319958400e+00	-1.917627006769180298e-01	nan
1.327893063174148125e+00	-1.910456866025924683e-01	nan
1.344671345028338294e+00	-1.895994842052459717e-01	nan
1.361449626882528019e+00	-1.892058402299880981e-01	nan
1.378227908736718188e+00	-1.887753754854202271e-01	nan
1.395006190590907913e+00	-1.870941370725631714e-01	nan
1.411784472445098082e+00	-1.858879327774047852e-01	nan
1.428562754299287807e+00	-1.847758591175079346e-01	nan
1.445341036153477976e+00	-1.837976276874542236e-01	nan
1.462119318007667701e+00	-1.821818351745605469e-01	nan
1.478897599861857426e+00	-1.802719831466674805e-01	nan
1.495675881716047595e+00	-1.791070550680160522e-01	nan
1.512454163570237320e+00	-1.776522696018218994e-01	nan
1.529232445424427489e+00	-1.762322485446929932e-01	nan
1.546010727278617214e+00	-1.746269315481185913e-01	nan
1.562789009132807383e+00	-1.732296943664550781e-01	nan
1.579567290986997108e+00	-1.712135523557662964e-01	nan
1.596345572841187277e+00	-1.700174361467361450e-01	nan
1.613123854695377002e+00	-1.682234853506088257e-01	nan
1.629902136549566727e+00	-1.664518564939498901e-01	nan
1.646680418403756896e+00	-1.649055182933807373e-01	nan
1.663458700257946621e+00	-1.632912456989288330e-01	nan
1.680236982112136790e+00	-1.612964570522308350e-01	nan
1.697015263966326515e+00	-1.596673727035522461e-01	nan
1.713793545820516684e+00	-1.582518666982650757e-01	nan
1.730571827674706409e+00	-1.560596525669097900e-01	nan
1.747350109528896578e+00	-1.548333615064620972e-01	nan
1.764128391383086303e+00	-1.525373756885528564e-01	nan
1.780906673237276028e+00	-1.508248448371887207e-01	nan
1.797684955091466197e+00	-1.490742564201354980e-01	nan
1.814463236945655922e+00	-1.468123644590377808e-01	nan
1.831241518799846091e+00	-1.451131105422973633e-01	nan
1.848019800654035816e+00	-1.437125205993652344e-01	nan
1.864798082508225985e+00	-1.414349675178527832e-01	nan
1.881576364362415710e+00	-1.396161764860153198e-01	nan
1.898354646216605879e+00	-1.375459581613540649e-01	nan
1.915132928070795604e+00	-1.359252184629440308e-01	nan
1.931911209924985329e+00	-1.341610848903656006e-01	nan
1.948689491779175498e+00	-1.322037279605865479e-01	nan
1.965467773633365223e+00	-1.300631016492843628e-01	nan
1.982246055487555392e+00	-1.282260119915008545e-01	nan
1.999024337341745117e+00	-1.261243820190429688e-01	nan
2.015802619195935286e+00	-1.239784955978393555e-01	nan
2.032580901050125011e+00	-1.222727373242378235e-01	nan
2.049359182904315180e+00	-1.200570762157440186e-01	nan
2.066137464758504905e+00	-1.182282119989395142e-01	nan
2.082915746612694630e+00	-1.161560639739036560e-01	nan
2.099694028466884799e+00	-1.140286549925804138e-01	nan
2.116472310321074524e+00	-1.126979887485504150e-01	nan
2.133250592175264693e+00	-1.105116978287696838e-01	nan
2.150028874029454418e+00	-1.080167517066001892e-01	nan
2.166807155883644143e+00	-1.060990914702415466e-01	nan
2.183585437737834312e+00	-1.044216006994247437e-01	nan
2.200363719592024037e+00	-1.021654382348060608e-01	nan
2.217142001446214206e+00	-1.003146618604660034e-01	nan
2.233920283300403931e+00	-9.868062287569046021e-02	nan
2.250698565154594100e+00	-9.673550724983215332e-02	nan
2.267476847008783825e+00	-9.472413361072540283e-02	nan
2.284255128862973994e+00	-9.280469268560409546e-02	nan
2.301033410717163719e+00	-9.051036089658737183e-02	nan
2.317811692571353444e+00	-8.871934562921524048e-02	nan
2.334589974425543613e+00	-8.686283230781555176e-02	nan
2.351368256279733338e+00	-8.470562100410461426e-02	nan
2.368146538133923507e+00	-8.309287577867507935e-02	nan
2.384924819988113232e+00	-8.094419538974761963e-02	nan
2.401703101842303401e+00	-7.936840504407882690e-02	nan
2.418481383696493126e+00	-7.763949781656265259e-02	nan
2.435259665550683295e+00	-7.531110942363739014e-02	nan
2.452037947404873020e+00	-7.376939058303833008e-02	nan
2.468816229259062744e+00	-7.156886905431747437e-02	nan
2.485594511113252914e+00	-6.966850906610488892e-02	nan
2.502372792967442638e+00	-6.805490702390670776e-02	nan
2.519151074821632807e+00	-6.597045809030532837e-02	nan
2.535929356675822532e+00	-6.428946554660797119e-02	nan
2.552707638530012701e+00	-6.227118149399757385e-02	nan
2.569485920384202426e+00	-6.023627519607543945e-02	nan
2.586264202238392595e+00	-5.877484381198883057e-02	nan
2.603042484092582320e+00	-5.697505921125411987e-02	nan
2.619820765946772045e+00	-5.520035699009895325e-02	nan
2.636599047800962214e+00	-5.344744026660919189e-02	nan
2.653377329655151939e+00	-5.169123038649559021e-02	nan
2.670155611509342108e+00	-5.008908361196517944e-02	nan
2.686933893363531833e+00	-4.864462092518806458e-02	nan
2.703712175217722002e+00	-4.663711041212081909e-02	nan
2.720490457071911727e+00	-4.521976411342620850e-02	nan
2.737268738926101896e+00	-4.357089102268218994e-02	nan
2.754047020780291621e+00	-4.173882305622100830e-02	nan
2.770825302634481346e+00	-4.006570950150489807e-02	nan
2.787603584488671515e+00	-3.862161561846733093e-02	nan
2.804381866342861240e+00	-3.694175183773040771e-02	nan
2.821160148197051409e+00	-3.520441800355911255e-02	nan
2.837938430051241134e+00	-3.363226726651191711e-02	nan
2.854716711905431303e+00	-3.219596296548843384e-02	nan
2.871494993759621028e+00	-3.049799613654613495e-02	nan
2.888273275613811197e+00	-2.893124520778656006e-02	nan
2.905051557468000922e+00	-2.736197039484977722e-02	nan
2.921829839322190647e+00	-2.586167119443416595e-02	nan
2.938608121176380816e+00	-2.446574717760086060e-02	nan
2.955386403030570541e+00	-2.297756634652614594e-02	nan
2.972164684884760710e+00	-2.136336639523506165e-02	nan
2.988942966738950435e+00	-1.994912326335906982e-02	nan
3.005721248593140604e+00	-1.852739788591861725e-02	nan
3.022499530447330329e+00	-1.698179356753826141e-02	nan
3.039277812301520498e+00	-1.558463368564844131e-02	nan
3.056056094155710223e+00	-1.398288831114768982e-02	nan
3.072834376009899948e+00	-1.250700280070304871e-02	nan
3.089612657864090117e+00	-1.122418232262134552e-02	nan
3.106390939718279842e+00	-9.761283174157142639e-03	nan
3.123169221572470011e+00	-8.292860351502895355e-03	nan
3.139947503426659736e+00	-6.953224539756774902e-03	nan
3.156725785280849905e+00	-5.478257313370704651e-03	nan
3.173504067135039630e+00	-4.140557721257209778e-03	nan
3.190282348989229799e+00	-2.576538594439625740e-03	nan
3.207060630843419524e+00	-1.218018122017383575e-03	nan
3.223838912697609249e+00	2.823876566253602505e-04	2.809111439876779627e-04
3.240617194551799418e+00	1.718903076834976673e-03	6.961628550979875960e-04
3.257395476405989143e+00	3.081797389313578606e-03	9.345529806439534714e-04
3.274173758260179312e+00	4.340091254562139511e-03	1.099317724206565856e-03
3.290952040114369037e+00	5.563130602240562439e-03	1.234333009632699154e-03
3.307730321968559206e+00	7.051192224025726318e-03	1.382130468008208653e-03
3.324508603822748931e+00	8.470282889902591705e-03	1.508332970892875893e-03
3.341286885676939100e+00	9.847462177276611328e-03	1.620292493704885740e-03
3.358065167531128825e+00	1.125002093613147736e-02	1.726000919592508799e-03
3.374843449385318994e+00	1.272803265601396561e-02	1.830215219363188475e-03
3.391621731239508719e+00	1.432463899254798889e-02	1.936161666548544920e-03
3.408400013093698444e+00	1.559333223849534988e-02	2.014333957224096524e-03
3.425178294947888613e+00	1.718658208847045898e-02	2.109246619982660647e-03
3.441956576802078338e+00	1.879963651299476624e-02	2.200358547930811315e-03
3.458734858656268507e+00	2.040961198508739471e-02	2.287284427103638152e-03
3.475513140510458232e+00	2.225472591817378998e-02	2.383063360817064529e-03
3.492291422364648401e+00	2.406354062259197235e-02	2.472417723106813767e-03
3.509069704218838126e+00	2.593440003693103790e-02	2.561436910896699917e-03
3.525847986073028295e+00	2.806238085031509399e-02	2.658740776752152764e-03
3.542626267927218020e+00	3.002516180276870728e-02	2.744712781761280990e-03
3.559404549781407745e+00	3.218398243188858032e-02	2.836126830372159065e-03
3.576182831635597914e+00	3.463660180568695068e-02	2.936575284262424659e-03
3.592961113489787639e+00	3.703760355710983276e-02	3.031484272984509652e-03
3.609739395343977808e+00	3.966309875249862671e-02	3.131674061005398305e-03
3.626517677198167533e+00	4.224624484777450562e-02	3.226080541511484184e-03
3.643295959052357702e+00	4.516126215457916260e-02	3.330893137259400595e-03
3.660074240906547427e+00	4.845359548926353455e-02	3.444677932496775698e-03
3.676852522760737596e+00	5.163343250751495361e-02	3.550182293440911577e-03
3.693630804614927321e+00	5.506013333797454834e-02	3.661225440671175922e-03
3.710409086469117046e+00	5.879480391740798950e-02	3.778431812815532392e-03
3.727187368323307215e+00	6.242847070097923279e-02	3.888128804087958787e-03
3.743965650177496940e+00	6.664988398551940918e-02	4.012705992962194330e-03
3.760743932031687109e+00	7.122524827718734741e-02	4.144123856457731549e-03
3.777522213885876834e+00	7.543814182281494141e-02	4.260472994807275142e-03
3.794300495740067003e+00	8.001697063446044922e-02	4.383915887251474061e-03
3.811078777594256728e+00	8.495933562517166138e-02	4.512576181038527832e-03
3.827857059448446897e+00	9.010392427444458008e-02	4.643099723503717365e-03
3.844635341302636622e+00	9.508146345615386963e-02	4.764986112976752654e-03
3.861413623156826347e+00	1.001509279012680054e-01	4.885851025406194592e-03
3.878191905011016516e+00	1.055301800370216370e-01	5.010300894991256970e-03
3.894970186865206241e+00	1.108029037714004517e-01	5.129159702671698060e-03
3.911748468719396410e+00	1.156989187002182007e-01	5.235802647264782908e-03
3.928526750573586135e+00	1.204258278012275696e-01	5.335761618752283414e-03
3.945305032427776304e+00	1.249615848064422607e-01	5.428603778500402759e-03
3.962083314281966029e+00	1.288803368806838989e-01	5.506098167415787899e-03
3.978861596136156198e+00	1.320119500160217285e-01	5.564980256478504854e-03
3.995639877990345923e+00	1.348580867052078247e-01	5.614592613464402387e-03
4.012418159844536092e+00	1.369255781173706055e-01	5.647484137378808340e-03
4.029196441698726261e+00	1.377818584442138672e-01	5.653323006100800449e-03
4.045974723552915542e+00	1.379581689834594727e-01	5.644401575497659355e-03
4.062753005407105711e+00	1.371445208787918091e-01	5.614015205080893217e-03
4.079531287261295880e+00	1.353733092546463013e-01	5.562882177258746640e-03
4.096309569115486049e+00	1.329382210969924927e-01	5.497203230909473819e-03
4.113087850969675330e+00	1.297697424888610840e-01	5.414890956034206122e-03
4.129866132823865499e+00	1.258338838815689087e-01	5.365419887144299606e-03
4.146644414678055668e+00	1.214247196912765503e-01	5.296973443236650467e-03
4.163422696532245837e+00	1.171922907233238220e-01	5.211475945170925168e-03
4.180200978386435118e+00	1.123439818620681763e-01	5.096871657147836361e-03
4.196979260240625287e+00	1.073912158608436584e-01	4.982058780280198239e-03
4.213757542094815456e+00	1.024538576602935791e-01	4.865369150461775448e-03
4.230535823949005625e+00	9.782752394676208496e-02	4.752381633207239213e-03
4.247314105803194906e+00	9.348081052303314209e-02	4.643000707881228019e-03
4.264092387657385075e+00	8.922594785690307617e-02	4.532432091032964454e-03
4.280870669511575244e+00	8.559731394052505493e-02	4.436039689358719541e-03
4.297648951365764525e+00	8.203323185443878174e-02	4.336478740477832210e-03
4.314427233219954694e+00	7.876838743686676025e-02	4.239762397627771205e-03
4.331205515074144863e+00	7.610390335321426392e-02	4.158824647349817182e-03
4.347983796928335032e+00	7.362823188304901123e-02	4.085686733749181905e-03
4.364762078782524313e+00	7.122723758220672607e-02	4.014254502641007895e-03
4.381540360636714482e+00	6.923811137676239014e-02	3.956796050920497257e-03
4.398318642490904651e+00	6.768511235713958740e-02	3.953266364107149364e-03
4.415096924345094820e+00	6.629082560539245605e-02	3.939022718340868916e-03
4.431875206199284101e+00	6.518609821796417236e-02	3.926105642913724041e-03
4.448653488053474270e+00	6.388354301452636719e-02	3.902269088878185070e-03
4.465431769907664439e+00	6.279138475656509399e-02	3.882067430699980785e-03
4.482210051761853720e+00	6.203172355890274048e-02	3.870864256273077314e-03
4.498988333616043889e+00	6.141697987914085388e-02	3.862859853141852474e-03
4.515766615470234058e+00	6.073990091681480408e-02	3.852734043227780750e-03
4.532544897324424227e+00	6.010110303759574890e-02	3.869385916357415221e-03
4.549323179178613508e+00	5.957484617829322815e-02	3.887046074112852044e-03
4.566101461032803677e+00	5.891356244683265686e-02	3.894536441538331163e-03
4.582879742886993846e+00	5.855249240994453430e-02	3.922216140398747386e-03
4.599658024741184015e+00	5.813613533973693848e-02	3.956564200432988003e-03
4.616436306595373296e+00	5.755807086825370789e-02	3.974188235005820385e-03
4.633214588449563465e+00	5.706357583403587341e-02	3.982249587887766451e-03
4.649992870303753634e+00	5.654415115714073181e-02	3.983427244342126715e-03
4.666771152157942915e+00	5.625879392027854919e-02	3.992589160883156137e-03
4.683549434012133084e+00	5.577141046524047852e-02	3.991994473227058679e-03
4.700327715866323253e+00	5.545305088162422180e-02	3.995922738056064891e-03
4.717105997720513422e+00	5.491807684302330017e-02	3.990459131100602616e-03
4.733884279574702703e+00	5.452876165509223938e-02	4.050723155268106529e-03
4.750662561428892872e+00	5.445247143507003784e-02	4.118243717697278941e-03
4.767440843283083041e+00	5.406662449240684509e-02	4.141870315715773590e-03
4.784219125137272322e+00	5.346544086933135986e-02	4.145429750662186011e-03
4.800997406991462491e+00	5.307247489690780640e-02	4.157870739223599142e-03
4.817775688845652660e+00	5.280387029051780701e-02	4.170703670215277804e-03
4.834553970699842829e+00	5.217298492789268494e-02	4.166710930161359946e-03
4.851332252554032110e+00	5.173526704311370850e-02	4.169133981325462944e-03
4.868110534408222279e+00	5.163310468196868896e-02	4.184139901697150020e-03
4.884888816262412448e+00	5.102411285042762756e-02	4.170591112518115019e-03
4.901667098116602617e+00	5.055713281035423279e-02	4.159127164765334499e-03
4.918445379970791898e+00	5.035086721181869507e-02	4.161291308421402255e-03
4.935223661824982067e+00	4.994833096861839294e-02	4.160051570979976521e-03
4.952001943679172236e+00	4.959157854318618774e-02	4.160142064315998194e-03
4.968780225533361516e+00	4.911669716238975525e-02	4.154778256215276890e-03
4.985558507387551685e+00	4.868154227733612061e-02	4.150592468610657046e-03
5.002336789241741855e+00	4.851166158914566040e-02	4.156913860155648892e-03
5.019115071095932024e+00	4.796433448791503906e-02	4.201716154025583391e-03
5.035893352950121304e+00	4.754712432622909546e-02	4.274094587214708266e-03
5.052671634804311473e+00	4.724710434675216675e-02	4.326904219203676384e-03
5.069449916658501643e+00	4.679771512746810913e-02	4.363800582320758598e-03
5.086228198512690923e+00	4.638820141553878784e-02	4.397605605603783011e-03
5.103006480366881092e+00	4.617365449666976929e-02	4.437985670140321900e-03
5.119784762221071261e+00	4.570760950446128845e-02	4.463792993614257125e-03
5.136563044075261431e+00	4.536991193890571594e-02	4.494292843068674326e-03
5.153341325929450711e+00	4.506466910243034363e-02	4.524033259595275185e-03
5.170119607783640880e+00	4.461403936147689819e-02	4.540224572645452580e-03
5.186897889637831049e+00	4.443811252713203430e-02	4.568783118531632298e-03
5.203676171492021219e+00	4.419123008847236633e-02	4.592753153551715380e-03
5.220454453346210499e+00	4.371026158332824707e-02	4.603361064518529666e-03
5.237232735200400668e+00	4.316124692559242249e-02	4.609463123740392340e-03
5.254011017054590837e+00	4.289354756474494934e-02	4.634122979293430269e-03
5.270789298908780118e+00	4.245555028319358826e-02	4.653000484839036124e-03
5.287567580762970287e+00	4.228693991899490356e-02	4.687171819885084696e-03
5.304345862617160456e+00	4.186101257801055908e-02	4.707594360322189461e-03
5.321124144471350625e+00	4.163989797234535217e-02	4.737104986584821445e-03
5.337902426325539906e+00	4.119057953357696533e-02	4.748329860900429855e-03
5.354680708179730075e+00	4.084662720561027527e-02	4.761011297543169679e-03
5.371458990033920244e+00	4.062917456030845642e-02	4.781063157513051540e-03
5.388237271888109525e+00	4.027494415640830994e-02	4.793101269079608553e-03
5.405015553742299694e+00	4.019494354724884033e-02	4.825257859310165022e-03
5.421793835596489863e+00	3.977547213435173035e-02	4.843620109853516778e-03
5.438572117450680032e+00	3.915765509009361267e-02	4.850060047369427613e-03
5.455350399304869313e+00	3.919631987810134888e-02	4.897827928392173465e-03
5.472128681159059482e+00	3.869509696960449219e-02	4.911655520328948345e-03
5.488906963013249651e+00	3.834309801459312439e-02	4.935198179146309781e-03
5.505685244867439820e+00	3.800310939550399780e-02	4.960031910612189114e-03
5.522463526721629101e+00	3.785572201013565063e-02	4.997991358017668702e-03
5.539241808575819270e+00	3.766038268804550171e-02	5.033198991538716596e-03
5.556020090430009439e+00	3.725428506731987000e-02	5.054936246939038987e-03
5.572798372284198720e+00	3.710031881928443909e-02	5.094173106892974957e-03
5.589576654138388889e+00	3.684403747320175171e-02	5.127378963800557736e-03
5.606354935992579058e+00	3.653257712721824646e-02	5.156805215447260275e-03
5.623133217846769227e+00	3.633584454655647278e-02	5.197423095061504301e-03
5.639911499700958508e+00	3.597883880138397217e-02	5.223143450662493838e-03
5.656689781555148677e+00	3.571701049804687500e-02	5.247052878510904961e-03
5.673468063409338846e+00	3.553078696131706238e-02	5.273332811900426596e-03
5.690246345263528127e+00	3.525359183549880981e-02	5.292981073518793038e-03
5.707024627117718296e+00	3.506888821721076965e-02	5.319472954875610442e-03
5.723802908971908465e+00	3.478045761585235596e-02	5.341170767366660785e-03
5.740581190826098634e+00	3.457539901137351990e-02	5.377207979747233163e-03
5.757359472680287915e+00	3.447955846786499023e-02	5.429338154976351763e-03
5.774137754534478084e+00	3.423897549510002136e-02	5.471166185640545000e-03
5.790916036388668253e+00	3.391805663704872131e-02	5.507976421510346957e-03
5.807694318242858422e+00	3.358288854360580444e-02	5.544788266260709808e-03
5.824472600097047703e+00	3.360516577959060669e-02	5.612764233671233526e-03
5.841250881951237872e+00	3.319482505321502686e-02	5.648209286953910675e-03
5.858029163805428041e+00	3.300430998206138611e-02	5.699485273134951083e-03
5.874807445659617322e+00	3.284069523215293884e-02	5.756607105526959957e-03
5.891585727513807491e+00	3.259971737861633301e-02	5.809612298242837133e-03
5.908364009367997660e+00	3.235070779919624329e-02	5.863157678794046063e-03
5.925142291222187829e+00	3.219528123736381531e-02	5.927762749582669854e-03
5.941920573076377110e+00	3.171164169907569885e-02	5.963831499945042129e-03
5.958698854930567279e+00	3.170399367809295654e-02	6.047018613386719380e-03
5.975477136784757448e+00	3.171351552009582520e-02	6.135496229495056471e-03
5.992255418638946729e+00	3.166942670941352844e-02	6.222076317653080918e-03
6.009033700493136898e+00	3.137017786502838135e-02	6.286625171764780029e-03
6.025811982347327067e+00	3.123755007982254028e-02	6.377010615684857060e-03
6.042590264201517236e+00	3.082922473549842834e-02	6.433577666969668082e-03
6.059368546055706517e+00	3.075906634330749512e-02	6.529606430745198489e-03
6.076146827909896686e+00	3.063206002116203308e-02	6.628043662014967280e-03
6.092925109764086855e+00	3.062053211033344269e-02	6.751570396829149542e-03
6.109703391618277024e+00	3.030691109597682953e-02	6.830183729009764101e-03
6.126481673472466305e+00	3.004132397472858429e-02	6.926831605156984900e-03
6.143259955326656474e+00	3.003210015594959259e-02	7.061465988592656798e-03
6.160038237180846643e+00	2.993630431592464447e-02	7.191865952757128810e-03
6.176816519035035924e+00	2.994320914149284363e-02	7.343803691685020334e-03
6.193594800889226093e+00	2.977398782968521118e-02	7.483140386964594153e-03
6.210373082743416262e+00	2.945144660770893097e-02	7.611450766445888166e-03
6.227151364597606431e+00	2.911364659667015076e-02	7.746624271970916839e-03
6.243929646451795712e+00	2.916413173079490662e-02	7.947825341165897992e-03
6.260707928305985881e+00	2.956524491310119629e-02	8.211103827604445890e-03
6.277486210160176050e+00	2.939569950103759766e-02	8.412510879495632352e-03
6.294264492014365331e+00	2.970574051141738892e-02	8.704187711748601411e-03
6.311042773868555500e+00	2.972606010735034943e-02	8.975098883465782232e-03
6.327821055722745669e+00	2.920133247971534729e-02	9.233770961974654967e-03
6.344599337576935838e+00	2.888946048915386200e-02	9.622057856528868497e-03
6.361377619431125119e+00	2.850314788520336151e-02	1.004617048626610561e-02
6.378155901285315288e+00	2.865277975797653198e-02	1.077534620705454006e-02
6.394934183139505457e+00	2.833408303558826447e-02	1.125380725922285260e-02
6.411712464993695626e+00	2.859444916248321533e-02	1.171515310288138295e-02
6.428490746847884907e+00	2.827422134578227997e-02	1.199552755305293393e-02
6.445269028702075076e+00	2.827327139675617218e-02	1.224513581303846368e-02
6.462047310556265245e+00	2.818137966096401215e-02	1.248789953853801475e-02
6.478825592410454526e+00	2.792677283287048340e-02	1.271233975537140390e-02
6.495603874264644695e+00	2.796894125640392303e-02	1.302111725856513851e-02
6.512382156118834864e+00	2.747603505849838257e-02	1.322114564846924890e-02
6.529160437973025033e+00	2.848191186785697937e-02	1.380794012947018749e-02
6.545938719827214314e+00	2.811082080006599426e-02	1.411079846416700249e-02
6.562717001681404483e+00	2.800917997956275940e-02	1.450316903900676115e-02
6.579495283535594652e+00	2.789020724594593048e-02	1.487291285756920343e-02
6.596273565389784821e+00	2.823330089449882507e-02	1.544293143847366885e-02
6.613051847243974102e+00	2.747458033263683319e-02	1.576197864803530885e-02
6.629830129098164271e+00	2.797081694006919861e-02	1.648561050133141859e-02
6.646608410952354440e+00	2.785623818635940552e-02	1.709821325848414134e-02
6.663386692806543721e+00	2.712728641927242279e-02	1.760447114949074618e-02
6.680164974660733890e+00	2.770300954580307007e-02	1.862727772253741296e-02
6.696943256514924059e+00	2.826853655278682709e-02	1.978112608257565769e-02
6.713721538369114228e+00	2.785417996346950531e-02	2.076611558507972591e-02
6.730499820223303509e+00	2.817692048847675323e-02	2.224544111029549270e-02
6.747278102077493678e+00	2.740085683763027191e-02	2.355192217244309050e-02
6.764056383931683847e+00	2.807757258415222168e-02	2.592891622362646781e-02
6.780834665785873128e+00	2.743131853640079498e-02	2.837296625690788679e-02
6.797612947640063297e+00	2.719129063189029694e-02	3.199380731479613271e-02
6.814391229494253466e+00	2.960587479174137115e-02	3.954974243520442689e-02
6.831169511348443635e+00	2.607466094195842743e-02	4.786346343969021672e-02
6.847947793202633804e+00	2.560468390583992004e-02	8.104886392272792062e-02
