# Normalized	8004.0 eV	Empty Kapton
# q	I	Poisson error
# nm-1	cm-1	cm-1
1.474094827239109673e-01	-1.212205648422241211e+00	nan
1.635311436027687693e-01	-9.265996813774108887e-01	nan
1.796528044816265435e-01	-7.032577991485595703e-01	nan
1.957744653604843177e-01	-5.533398985862731934e-01	nan
2.118961262393421197e-01	-4.469206631183624268e-01	nan
2.280177871181999216e-01	-3.783463835716247559e-01	nan
2.441394479970576958e-01	-3.336985409259796143e-01	nan
2.602611088759154701e-01	-2.971022725105285645e-01	nan
2.763827697547732720e-01	-2.712511420249938965e-01	nan
2.925044306336310740e-01	-2.501861453056335449e-01	nan
3.086260915124888760e-01	-2.356477528810501099e-01	nan
3.247477523913466224e-01	-2.225855141878128052e-01	nan
3.408694132702044244e-01	-2.120025008916854858e-01	nan
3.569910741490622264e-01	-2.029655575752258301e-01	nan
3.731127350279199728e-01	-1.940220594406127930e-01	nan
3.892343959067777748e-01	-1.897037476301193237e-01	nan
4.053560567856355767e-01	-1.858799457550048828e-01	nan
4.214777176644933787e-01	-1.822856664657592773e-01	nan
4.375993785433511807e-01	-1.778978109359741211e-01	nan
4.537210394222089271e-01	-1.759918332099914551e-01	nan
4.698427003010667291e-01	-1.742843985557556152e-01	nan
4.859643611799245311e-01	-1.736405938863754272e-01	nan
5.020860220587822775e-01	-1.728027611970901489e-01	nan
5.182076829376400795e-01	-1.723943501710891724e-01	nan
5.343293438164978815e-01	-1.716065704822540283e-01	nan
5.504510046953556834e-01	-1.706829518079757690e-01	nan
5.665726655742134854e-01	-1.723296195268630981e-01	nan
5.826943264530712874e-01	-1.737415939569473267e-01	nan
5.988159873319289783e-01	-1.752913594245910645e-01	nan
6.149376482107868913e-01	-1.764841377735137939e-01	nan
6.310593090896445823e-01	-1.788553148508071899e-01	nan
6.471809699685023842e-01	-1.808816045522689819e-01	nan
6.633026308473601862e-01	-1.827400028705596924e-01	nan
6.794242917262179882e-01	-1.848680824041366577e-01	nan
6.955459526050757901e-01	-1.873105615377426147e-01	nan
7.116676134839335921e-01	-1.901178061962127686e-01	nan
7.277892743627913941e-01	-1.920856535434722900e-01	nan
7.439109352416490850e-01	-1.936685740947723389e-01	nan
7.600325961205068870e-01	-1.955962777137756348e-01	nan
7.761542569993646890e-01	-1.971611827611923218e-01	nan
7.922759178782224909e-01	-1.986847221851348877e-01	nan
8.083975787570802929e-01	-2.007779479026794434e-01	nan
8.245192396359380949e-01	-2.004386186599731445e-01	nan
8.406409005147958968e-01	-2.019257843494415283e-01	nan
8.567625613936535878e-01	-2.023998498916625977e-01	nan
8.728842222725113897e-01	-2.031597346067428589e-01	nan
8.890058831513691917e-01	-2.045640647411346436e-01	nan
9.051275440302269937e-01	-2.036187946796417236e-01	nan
9.212492049090847956e-01	-2.052921652793884277e-01	nan
9.373708657879425976e-01	-2.052728682756423950e-01	nan
9.534925266668003996e-01	-2.055235356092453003e-01	nan
9.696141875456582016e-01	-2.057020217180252075e-01	nan
9.857358484245160035e-01	-2.059002369642257690e-01	nan
1.001857509303373694e+00	-2.057021409273147583e-01	nan
1.017979170182231385e+00	-2.054575085639953613e-01	nan
1.034100831061089298e+00	-2.052937150001525879e-01	nan
1.050222491939947211e+00	-2.050847560167312622e-01	nan
1.066344152818804902e+00	-2.048090547323226929e-01	nan
1.082465813697662593e+00	-2.047541737556457520e-01	nan
1.098587474576520506e+00	-2.045368403196334839e-01	nan
1.114709135455378197e+00	-2.034605592489242554e-01	nan
1.130830796334235888e+00	-2.026787549257278442e-01	nan
1.146952457213093801e+00	-2.022475004196166992e-01	nan
1.163074118091951714e+00	-2.009206563234329224e-01	nan
1.179195778970809405e+00	-2.001738697290420532e-01	nan
1.195317439849667096e+00	-1.999671608209609985e-01	nan
1.211439100728525009e+00	-1.988551318645477295e-01	nan
1.227560761607382700e+00	-1.971060186624526978e-01	nan
1.243682422486240613e+00	-1.961443126201629639e-01	nan
1.259804083365098304e+00	-1.953062117099761963e-01	nan
1.275925744243956217e+00	-1.942833811044692993e-01	nan
1.292047405122813908e+00	-1.936852186918258667e-01	nan
1.308169066001671821e+00	-1.932154595851898193e-01	nan
1.324290726880529512e+00	-1.932898759841918945e-01	nan
1.340412387759387203e+00	-3.224133849143981934e-01	nan
1.356534048638245116e+00	-1.909749954938888550e-01	nan
1.372655709517102807e+00	-1.898539960384368896e-01	nan
1.388777370395960720e+00	-1.892928928136825562e-01	nan
1.404899031274818411e+00	-1.877361387014389038e-01	nan
1.421020692153676324e+00	-1.867027878761291504e-01	nan
1.437142353032534015e+00	-1.854880005121231079e-01	nan
1.453264013911391705e+00	-1.836496293544769287e-01	nan
1.469385674790249618e+00	-1.826945841312408447e-01	nan
1.485507335669107309e+00	-1.814410388469696045e-01	nan
1.501628996547965222e+00	-1.799385100603103638e-01	nan
1.517750657426822913e+00	-1.786615103483200073e-01	nan
1.533872318305680826e+00	-1.773699969053268433e-01	nan
1.549993979184538517e+00	-1.758919358253479004e-01	nan
1.566115640063396208e+00	-1.739302277565002441e-01	nan
1.582237300942254121e+00	-1.726933270692825317e-01	nan
1.598358961821111812e+00	-1.709791421890258789e-01	nan
1.614480622699969725e+00	-1.695688217878341675e-01	nan
1.630602283578827416e+00	-1.683520525693893433e-01	nan
1.646723944457685329e+00	-1.670102179050445557e-01	nan
1.662845605336543020e+00	-1.651377081871032715e-01	nan
1.678967266215400933e+00	-1.636717617511749268e-01	nan
1.695088927094258624e+00	-1.619057655334472656e-01	nan
1.711210587973116315e+00	-1.603910475969314575e-01	nan
1.727332248851974228e+00	-1.587702035903930664e-01	nan
1.743453909730831919e+00	-1.567482501268386841e-01	nan
1.759575570609689832e+00	-1.554046422243118286e-01	nan
1.775697231488547523e+00	-1.537797003984451294e-01	nan
1.791818892367405436e+00	-1.513675898313522339e-01	nan
1.807940553246263127e+00	-1.498760282993316650e-01	nan
1.824062214125121040e+00	-1.480026990175247192e-01	nan
1.840183875003978731e+00	-1.462053358554840088e-01	nan
1.856305535882836422e+00	-1.447473168373107910e-01	nan
1.872427196761694335e+00	-1.428598016500473022e-01	nan
1.888548857640552026e+00	-1.407882869243621826e-01	nan
1.904670518519409939e+00	-1.393476724624633789e-01	nan
1.920792179398267630e+00	-1.369104683399200439e-01	nan
1.936913840277125542e+00	-1.353362351655960083e-01	nan
1.953035501155983233e+00	-1.334305107593536377e-01	nan
1.969157162034840924e+00	-1.316204667091369629e-01	nan
1.985278822913698837e+00	-1.296667605638504028e-01	nan
2.001400483792556528e+00	-1.279603093862533569e-01	nan
2.017522144671414441e+00	-1.256718933582305908e-01	nan
2.033643805550272354e+00	-1.241076663136482239e-01	nan
2.049765466429129823e+00	-1.220293790102005005e-01	nan
2.065887127307987736e+00	-1.200241968035697937e-01	nan
2.082008788186845649e+00	-1.183270961046218872e-01	nan
2.098130449065703118e+00	-1.161657571792602539e-01	nan
2.114252109944561031e+00	-1.141724288463592529e-01	nan
2.130373770823418944e+00	-1.123768240213394165e-01	nan
2.146495431702276413e+00	-1.105085760354995728e-01	nan
2.162617092581134770e+00	-1.087533459067344666e-01	nan
2.178738753459992239e+00	-1.068774238228797913e-01	nan
2.194860414338849708e+00	-1.050730124115943909e-01	nan
2.210982075217708065e+00	-1.031349375844001770e-01	nan
2.227103736096565534e+00	-1.010845229029655457e-01	nan
2.243225396975423003e+00	-9.931119531393051147e-02	nan
2.259347057854281360e+00	-9.733109921216964722e-02	nan
2.275468718733138829e+00	-9.559182077646255493e-02	nan
2.291590379611997186e+00	-9.369733929634094238e-02	nan
2.307712040490854655e+00	-9.188119322061538696e-02	nan
2.323833701369712124e+00	-8.991277962923049927e-02	nan
2.339955362248570481e+00	-8.786319941282272339e-02	nan
2.356077023127427950e+00	-8.617390692234039307e-02	nan
2.372198684006285418e+00	-8.448519557714462280e-02	nan
2.388320344885143776e+00	-8.206524699926376343e-02	nan
2.404442005764001244e+00	-8.036632090806961060e-02	nan
2.420563666642858713e+00	-7.845044881105422974e-02	nan
2.436685327521717070e+00	-7.670710980892181396e-02	nan
2.452806988400574539e+00	-7.498004287481307983e-02	nan
2.468928649279432896e+00	-7.292804867029190063e-02	nan
2.485050310158290365e+00	-7.134177535772323608e-02	nan
2.501171971037147834e+00	-6.942529976367950439e-02	nan
2.517293631916006191e+00	-6.748164445161819458e-02	nan
2.533415292794863660e+00	-6.606017798185348511e-02	nan
2.549536953673721129e+00	-6.425029039382934570e-02	nan
2.565658614552579486e+00	-6.253726035356521606e-02	nan
2.581780275431436955e+00	-6.088424846529960632e-02	nan
2.597901936310294424e+00	-5.920306593179702759e-02	nan
2.614023597189152781e+00	-5.763057246804237366e-02	nan
2.630145258068010250e+00	-5.594323575496673584e-02	nan
2.646266918946867719e+00	-5.430160835385322571e-02	nan
2.662388579825726076e+00	-5.247645825147628784e-02	nan
2.678510240704583545e+00	-5.074838176369667053e-02	nan
2.694631901583441902e+00	-4.922813549637794495e-02	nan
2.710753562462299371e+00	-4.772583767771720886e-02	nan
2.726875223341156840e+00	-4.604898765683174133e-02	nan
2.742996884220015197e+00	-4.432596638798713684e-02	nan
2.759118545098872666e+00	-4.278682172298431396e-02	nan
2.775240205977730135e+00	-4.116716235876083374e-02	nan
2.791361866856588492e+00	-3.951740264892578125e-02	nan
2.807483527735445961e+00	-3.807292133569717407e-02	nan
2.823605188614303430e+00	-3.657514601945877075e-02	nan
2.839726849493161787e+00	-3.493605926632881165e-02	nan
2.855848510372019255e+00	-3.329281136393547058e-02	nan
2.871970171250876724e+00	-3.184280171990394592e-02	nan
2.888091832129735081e+00	-3.043698519468307495e-02	nan
2.904213493008592550e+00	-2.897850051522254944e-02	nan
2.920335153887450907e+00	-2.733444981276988983e-02	nan
2.936456814766308376e+00	-2.588213048875331879e-02	nan
2.952578475645165845e+00	-2.442394383251667023e-02	nan
2.968700136524024202e+00	-2.296948246657848358e-02	nan
2.984821797402881671e+00	-2.125914581120014191e-02	nan
3.000943458281739140e+00	-1.986022107303142548e-02	nan
3.017065119160597497e+00	-1.833626441657543182e-02	nan
3.033186780039454966e+00	-1.692445389926433563e-02	nan
3.049308440918312435e+00	-1.543291844427585602e-02	nan
3.065430101797170792e+00	-1.401135791093111038e-02	nan
3.081551762676028261e+00	-1.262864004820585251e-02	nan
3.097673423554886618e+00	-1.130492053925991058e-02	nan
3.113795084433744087e+00	-9.618020616471767426e-03	nan
3.129916745312601556e+00	-8.241997100412845612e-03	nan
3.146038406191459913e+00	-7.042054552584886551e-03	nan
3.162160067070317382e+00	-5.708013195544481277e-03	nan
3.178281727949174851e+00	-4.346097819507122040e-03	nan
3.194403388828033208e+00	-2.924171974882483482e-03	nan
3.210525049706890677e+00	-1.669649151153862476e-03	nan
3.226646710585748146e+00	-3.208069829270243645e-04	nan
3.242768371464606503e+00	9.856970282271504402e-04	5.075442007389810656e-04
3.258890032343463972e+00	2.455641981214284897e-03	8.050933817548718528e-04
3.275011693222321441e+00	3.579209325835108757e-03	9.732828782729036326e-04
3.291133354101179798e+00	4.987435881048440933e-03	1.150830241408632056e-03
3.307255014980037267e+00	6.309787742793560028e-03	1.295444296878488786e-03
3.323376675858895624e+00	7.758009247481822968e-03	1.437829244856461339e-03
3.339498336737753093e+00	9.292497299611568451e-03	1.574880137552826624e-03
3.355619997616610561e+00	1.048588193953037262e-02	1.672503365574723152e-03
3.371741658495468918e+00	1.192591991275548935e-02	1.784233307672879448e-03
3.387863319374326387e+00	1.337622106075286865e-02	1.889579494171742110e-03
3.403984980253183856e+00	1.497778668999671936e-02	2.000312991257021961e-03
3.420106641132042213e+00	1.649418659508228302e-02	2.099214434610261696e-03
3.436228302010899682e+00	1.789515092968940735e-02	2.185757731988652395e-03
3.452349962889757151e+00	1.952644996345043182e-02	2.283694088940325766e-03
3.468471623768615508e+00	2.134611643850803375e-02	2.388511593766658517e-03
3.484593284647472977e+00	2.305265143513679504e-02	2.482045654303989459e-03
3.500714945526331334e+00	2.478763833642005920e-02	2.574379016832249040e-03
3.516836606405188803e+00	2.670443989336490631e-02	2.672387166266739986e-03
3.532958267284046272e+00	2.874819003045558929e-02	2.773508911866938344e-03
3.549079928162904629e+00	3.075363859534263611e-02	2.869569587634835956e-03
3.565201589041762098e+00	3.295352682471275330e-02	2.971801780763126070e-03
3.581323249920619567e+00	3.522777557373046875e-02	3.074100096265097205e-03
3.597444910799477924e+00	3.763198480010032654e-02	3.179074709967084304e-03
3.613566571678335393e+00	4.019958153367042542e-02	3.288366275849360747e-03
3.629688232557192862e+00	4.294137656688690186e-02	3.402027486925353946e-03
3.645809893436051219e+00	4.567006975412368774e-02	3.511742259579940864e-03
3.661931554314908688e+00	4.867543280124664307e-02	3.628900527920439576e-03
3.678053215193766157e+00	5.194032192230224609e-02	3.753358940354849151e-03
3.694174876072624514e+00	5.521038547158241272e-02	3.874184035042820776e-03
3.710296536951481983e+00	5.874125286936759949e-02	4.001638667435702262e-03
3.726418197830340340e+00	6.259633600711822510e-02	4.136882753339655126e-03
3.742539858709197809e+00	6.659314036369323730e-02	4.273757825095932973e-03
3.758661519588055278e+00	7.065635174512863159e-02	4.409130897670550560e-03
3.774783180466913635e+00	7.491474598646163940e-02	4.547487224284229440e-03
3.790904841345771104e+00	7.934298366308212280e-02	4.687559907248941768e-03
3.807026502224628572e+00	8.394545316696166992e-02	4.830251385754269489e-03
3.823148163103486930e+00	8.871252089738845825e-02	4.975026039642848480e-03
3.839269823982344398e+00	9.357976913452148438e-02	5.117729054050453898e-03
3.855391484861201867e+00	9.846082329750061035e-02	5.258352187330107147e-03
3.871513145740060224e+00	1.033971607685089111e-01	5.397251586102059726e-03
3.887634806618917693e+00	1.082090213894844055e-01	5.529500179876177014e-03
3.903756467497775162e+00	1.132099479436874390e-01	5.664538712072224313e-03
3.919878128376633519e+00	1.177907288074493408e-01	5.784919315496718506e-03
3.935999789255490988e+00	1.223390921950340271e-01	5.902229725400457740e-03
3.952121450134349345e+00	1.261597871780395508e-01	5.997085567044774940e-03
3.968243111013206814e+00	1.298842430114746094e-01	6.139125010457619630e-03
3.984364771892064283e+00	1.332192867994308472e-01	6.264697732025818928e-03
4.000486432770922640e+00	1.357280462980270386e-01	6.347820472827891969e-03
4.016608093649780109e+00	1.374306529760360718e-01	6.395272023615218744e-03
4.032729754528637578e+00	1.381009370088577271e-01	6.419720642685405182e-03
4.048851415407495935e+00	1.381566524505615234e-01	6.427997249662696297e-03
4.064973076286353404e+00	1.373140513896942139e-01	6.410164335988912353e-03
4.081094737165210873e+00	1.358025968074798584e-01	6.372686551954549576e-03
4.097216398044069230e+00	1.332529485225677490e-01	6.304965193316366436e-03
4.113338058922926699e+00	1.299531608819961548e-01	6.215318724475204712e-03
4.129459719801785056e+00	1.264335364103317261e-01	6.114860989873403471e-03
4.145581380680642525e+00	1.219265535473823547e-01	5.980668015803524903e-03
4.161703041559499994e+00	1.173636093735694885e-01	5.843436941543433093e-03
4.177824702438358351e+00	1.129856184124946594e-01	5.714146607612476635e-03
4.193946363317215820e+00	1.082756593823432922e-01	5.573932830111240355e-03
4.210068024196074177e+00	1.036061719059944153e-01	5.436054221310549807e-03
4.226189685074931646e+00	9.910494834184646606e-02	5.351179076682486928e-03
4.242311345953789115e+00	9.472846239805221558e-02	5.248593521293258742e-03
4.258433006832647472e+00	9.095310419797897339e-02	5.153480091938900283e-03
4.274554667711504941e+00	8.709224313497543335e-02	5.047944313289493695e-03
4.290676328590362409e+00	8.342714607715606689e-02	4.943163279749598037e-03
4.306797989469220767e+00	8.051633089780807495e-02	4.859904680017942957e-03
4.322919650348078235e+00	7.800585776567459106e-02	4.787197416158598881e-03
4.339041311226935704e+00	7.535166293382644653e-02	4.708083433972394538e-03
4.355162972105794061e+00	7.297611981630325317e-02	4.665566203992414437e-03
4.371284632984651530e+00	7.131209969520568848e-02	4.644147901476975912e-03
4.387406293863509887e+00	6.944337487220764160e-02	4.608085386716951476e-03
4.403527954742367356e+00	6.820275634527206421e-02	4.605115447395877193e-03
4.419649615621224825e+00	6.689631938934326172e-02	4.608050733000680806e-03
4.435771276500083182e+00	6.529455631971359253e-02	4.586809638418069997e-03
4.451892937378940651e+00	6.452839076519012451e-02	4.584252737016151699e-03
4.468014598257798120e+00	6.403978168964385986e-02	4.586253997677869343e-03
4.484136259136656477e+00	6.273957341909408569e-02	4.555013340675865240e-03
4.500257920015513946e+00	6.199942529201507568e-02	4.543467130324100288e-03
4.516379580894371415e+00	6.135102361440658569e-02	4.533656321160038291e-03
4.532501241773229772e+00	6.049677357077598572e-02	4.513895174970613058e-03
4.548622902652087241e+00	6.004762649536132812e-02	4.573982468528089464e-03
4.564744563530944710e+00	5.966542288661003113e-02	4.631636291091893384e-03
4.580866224409803067e+00	5.930490046739578247e-02	4.656788659387210878e-03
4.596987885288660536e+00	5.878119915723800659e-02	4.662897387384602743e-03
4.613109546167518893e+00	5.831007286906242371e-02	4.671896928127996368e-03
4.629231207046376362e+00	5.789341405034065247e-02	4.678366013689428705e-03
4.645352867925233831e+00	5.750404298305511475e-02	4.683999486957628189e-03
4.661474528804092188e+00	5.686830356717109680e-02	4.677035829445223836e-03
4.677596189682949657e+00	5.678046867251396179e-02	4.693272045862202993e-03
4.693717850561807126e+00	5.622239038348197937e-02	4.680554280738370883e-03
4.709839511440665483e+00	5.586912482976913452e-02	4.673143464027695003e-03
4.725961172319522952e+00	5.551503971219062805e-02	4.668386584538710901e-03
4.742082833198380420e+00	5.508342012763023376e-02	4.665260178450951999e-03
4.758204494077238778e+00	5.473433434963226318e-02	4.665304128119079907e-03
4.774326154956096246e+00	5.446276813745498657e-02	4.668689879172396515e-03
4.790447815834954604e+00	5.378578975796699524e-02	4.652501767725390931e-03
4.806569476713812072e+00	5.346388369798660278e-02	4.651764806477194994e-03
4.822691137592669541e+00	5.300230905413627625e-02	4.702399916801480555e-03
4.838812798471527898e+00	5.265054479241371155e-02	4.781402154694388076e-03
4.854934459350385367e+00	5.211076885461807251e-02	4.824755662056453946e-03
4.871056120229242836e+00	5.179374665021896362e-02	4.869951425979902361e-03
4.887177781108101193e+00	5.143650621175765991e-02	4.908038063076984592e-03
4.903299441986958662e+00	5.098670348525047302e-02	4.938179206977546219e-03
4.919421102865816131e+00	5.070124566555023193e-02	4.974694074604222964e-03
4.935542763744674488e+00	5.022551864385604858e-02	4.999363763995015413e-03
4.951664424623531957e+00	4.981881380081176758e-02	5.025089769818800664e-03
4.967786085502389426e+00	4.971201717853546143e-02	5.060949436118103786e-03
4.983907746381247783e+00	4.925651475787162781e-02	5.075649591292760200e-03
5.000029407260105252e+00	4.884203523397445679e-02	5.091514478635421337e-03
5.016151068138963609e+00	4.817966371774673462e-02	5.092373280006804934e-03
5.032272729017821078e+00	4.800120368599891663e-02	5.120025570620622204e-03
5.048394389896678547e+00	4.749387502670288086e-02	5.132277543108547911e-03
5.064516050775536904e+00	4.702337458729743958e-02	5.150377207541517212e-03
5.080637711654394373e+00	4.685335978865623474e-02	5.186325390459625012e-03
5.096759372533251842e+00	4.641338065266609192e-02	5.207199092408923424e-03
5.112881033412110199e+00	4.601155593991279602e-02	5.227432410496122075e-03
5.129002694290967668e+00	4.560234770178794861e-02	5.241926032248355079e-03
5.145124355169825137e+00	4.535014554858207703e-02	5.261192611350158470e-03
5.161246016048683494e+00	4.498172178864479065e-02	5.273074703767713367e-03
5.177367676927540963e+00	4.464247822761535645e-02	5.286973143618244400e-03
5.193489337806398431e+00	4.433102905750274658e-02	5.306146647872143386e-03
5.209610998685256789e+00	4.400200396776199341e-02	5.331568798088976921e-03
5.225732659564114257e+00	4.354989901185035706e-02	5.349814587427502953e-03
5.241854320442972615e+00	4.329374432563781738e-02	5.380667257850389913e-03
5.257975981321830083e+00	4.273346066474914551e-02	5.391770698913777270e-03
5.274097642200687552e+00	4.243244230747222900e-02	5.420372828071506888e-03
5.290219303079545909e+00	4.225503653287887573e-02	5.458117871701644204e-03
5.306340963958403378e+00	4.214581474661827087e-02	5.501048609585594378e-03
5.322462624837260847e+00	4.153478145599365234e-02	5.509409469246416731e-03
5.338584285716119204e+00	4.101836308836936951e-02	5.524939730621934025e-03
5.354705946594976673e+00	4.089284315705299377e-02	5.568368406682187681e-03
5.370827607473834142e+00	4.065582156181335449e-02	5.605027389405306017e-03
5.386949268352692499e+00	4.006540775299072266e-02	5.615835248846501142e-03
5.403070929231549968e+00	3.966094180941581726e-02	5.643049255304269721e-03
5.419192590110408325e+00	3.946109116077423096e-02	5.682267429065737327e-03
5.435314250989265794e+00	3.930011019110679626e-02	5.715449275089414839e-03
5.451435911868123263e+00	3.883167356252670288e-02	5.721479315569963191e-03
5.467557572746981620e+00	3.863822668790817261e-02	5.748979795169326633e-03
5.483679233625839089e+00	3.823135793209075928e-02	5.759432674511817153e-03
5.499800894504696558e+00	3.785351291298866272e-02	5.775310839682305103e-03
5.515922555383554915e+00	3.756771236658096313e-02	5.806622141862376879e-03
5.532044216262412384e+00	3.744021430611610413e-02	5.858480336919738747e-03
5.548165877141269853e+00	3.722803294658660889e-02	5.904753867884085343e-03
5.564287538020128210e+00	3.661232441663742065e-02	5.918675567435470984e-03
5.580409198898985679e+00	3.653195127844810486e-02	5.979176644174071832e-03
5.596530859777843148e+00	3.635533899068832397e-02	6.032763030931974010e-03
5.612652520656701505e+00	3.617247566580772400e-02	6.090305711629100116e-03
5.628774181535558974e+00	3.588388115167617798e-02	6.135474854562718468e-03
5.644895842414417331e+00	3.569870814681053162e-02	6.193421494025345975e-03
5.661017503293274800e+00	3.531168028712272644e-02	6.235743234939958302e-03
5.677139164172132269e+00	3.493743762373924255e-02	6.280225644036960438e-03
5.693260825050990626e+00	3.477599471807479858e-02	6.347072512058693668e-03
5.709382485929848094e+00	3.457244113087654114e-02	6.412669354456054099e-03
5.725504146808705563e+00	3.450382873415946960e-02	6.493572123204170363e-03
5.741625807687563920e+00	3.413749113678932190e-02	6.548395121276769267e-03
5.757747468566421389e+00	3.401004150509834290e-02	6.629856184424962225e-03
5.773869129445278858e+00	3.372698649764060974e-02	6.698986302256155524e-03
5.789990790324137215e+00	3.308443352580070496e-02	6.739212779501010248e-03
5.806112451202994684e+00	3.306668251752853394e-02	6.839796255977154821e-03
5.822234112081852153e+00	3.302636742591857910e-02	6.942660224920017310e-03
5.838355772960710510e+00	3.276132419705390930e-02	7.029628093350411173e-03
5.854477433839567979e+00	3.276645019650459290e-02	7.159281279005327500e-03
5.870599094718426336e+00	3.230399638414382935e-02	7.224136753079236917e-03
5.886720755597283805e+00	3.177370503544807434e-02	7.293099249747415393e-03
5.902842416476141274e+00	3.179852291941642761e-02	7.435694910056737938e-03
5.918964077354999631e+00	3.144344687461853027e-02	7.537975671184482702e-03
5.935085738233857100e+00	3.165192902088165283e-02	7.719106406319855250e-03
5.951207399112714569e+00	3.124103881418704987e-02	7.831457969360465163e-03
5.967329059991572926e+00	3.112003952264785767e-02	7.989917889939026144e-03
5.983450720870430395e+00	3.105058148503303528e-02	8.166001819305072559e-03
5.999572381749287864e+00	3.093459643423557281e-02	8.350504423031633941e-03
6.015694042628146221e+00	3.109649941325187683e-02	8.586559490106941694e-03
6.031815703507003690e+00	3.075759671628475189e-02	8.768674125013623324e-03
6.047937364385862047e+00	3.073691949248313904e-02	9.016889775309415780e-03
6.064059025264719516e+00	3.050101362168788910e-02	9.252667856711291328e-03
6.080180686143576985e+00	3.045944496989250183e-02	9.592361461700565570e-03
6.096302347022435342e+00	3.023689799010753632e-02	1.000461558121250490e-02
6.112424007901292811e+00	2.993823029100894928e-02	1.045526095513451409e-02
6.128545668780150280e+00	2.999101765453815460e-02	1.118352308927287805e-02
6.144667329659008637e+00	2.939482219517230988e-02	1.161843921613468604e-02
6.160788990537866106e+00	2.905372716486454010e-02	1.196215176760787556e-02
6.176910651416723574e+00	2.908124960958957672e-02	1.231941954649249348e-02
6.193032312295581931e+00	2.885671518743038177e-02	1.252326740490574894e-02
6.209153973174439400e+00	2.889602072536945343e-02	1.279805605932430625e-02
6.225275634053296869e+00	2.862366288900375366e-02	1.302134004376653831e-02
6.241397294932155226e+00	2.854668721556663513e-02	1.330568715496495413e-02
6.257518955811012695e+00	2.907775156199932098e-02	1.375605162112951939e-02
6.273640616689871052e+00	2.867615222930908203e-02	1.400589253036161816e-02
6.289762277568728521e+00	2.879295125603675842e-02	1.443318540898939906e-02
6.305883938447585990e+00	2.846742793917655945e-02	1.477154515698274849e-02
6.322005599326444347e+00	2.837718650698661804e-02	1.515195373903243693e-02
6.338127260205301816e+00	2.842897176742553711e-02	1.564600808060124040e-02
6.354248921084159285e+00	2.837241441011428833e-02	1.616775416820461289e-02
6.370370581963017642e+00	2.771207131445407867e-02	1.655442594300435624e-02
6.386492242841875111e+00	2.778928913176059723e-02	1.722358198442918570e-02
6.402613903720732580e+00	2.731224894523620605e-02	1.780814289860615032e-02
6.418735564599590937e+00	2.765147015452384949e-02	1.875515774802455696e-02
6.434857225478448406e+00	2.771943062543869019e-02	1.973296186417991538e-02
6.450978886357306763e+00	2.790310606360435486e-02	2.093101871252240828e-02
6.467100547236164232e+00	2.804644219577312469e-02	2.234102180320352363e-02
6.483222208115021701e+00	2.842316962778568268e-02	2.413803900088783150e-02
6.499343868993880058e+00	2.676731720566749573e-02	2.545551362459568673e-02
6.515465529872737527e+00	2.658449672162532806e-02	2.807012036672507094e-02
6.531587190751594996e+00	2.720512636005878448e-02	3.214480692622180558e-02
6.547708851630453353e+00	2.789605967700481415e-02	3.853491409528600475e-02
6.563830512509310822e+00	2.626241929829120636e-02	4.817348133103110941e-02
6.579952173388169179e+00	2.375085093080997467e-02	7.818088424309964368e-02
