# Normalized	7000 eV	Empty
# q	I	Poisson error
# nm-1	cm-1	cm-1
1.289189675265935975e-01	0.000000000000000000e+00	nan
1.430183855482416166e-01	0.000000000000000000e+00	nan
1.571178035698896636e-01	0.000000000000000000e+00	nan
1.712172215915376827e-01	0.000000000000000000e+00	nan
1.853166396131857019e-01	0.000000000000000000e+00	nan
1.994160576348337210e-01	0.000000000000000000e+00	nan
2.135154756564817680e-01	0.000000000000000000e+00	nan
2.276148936781297871e-01	0.000000000000000000e+00	nan
2.417143116997778063e-01	0.000000000000000000e+00	nan
2.558137297214258532e-01	0.000000000000000000e+00	nan
2.699131477430738446e-01	0.000000000000000000e+00	nan
2.840125657647218915e-01	0.000000000000000000e+00	nan
2.981119837863699384e-01	0.000000000000000000e+00	nan
3.122114018080179854e-01	0.000000000000000000e+00	nan
3.263108198296659768e-01	0.000000000000000000e+00	nan
3.404102378513140237e-01	0.000000000000000000e+00	nan
3.545096558729620151e-01	0.000000000000000000e+00	nan
3.686090738946100620e-01	0.000000000000000000e+00	nan
3.827084919162581089e-01	0.000000000000000000e+00	nan
3.968079099379061003e-01	0.000000000000000000e+00	nan
4.109073279595541472e-01	0.000000000000000000e+00	nan
4.250067459812021942e-01	0.000000000000000000e+00	nan
4.391061640028501856e-01	0.000000000000000000e+00	nan
4.532055820244982325e-01	0.000000000000000000e+00	nan
4.673050000461462794e-01	0.000000000000000000e+00	nan
4.814044180677942708e-01	0.000000000000000000e+00	nan
4.955038360894423177e-01	0.000000000000000000e+00	nan
5.096032541110904202e-01	0.000000000000000000e+00	nan
5.237026721327383560e-01	0.000000000000000000e+00	nan
5.378020901543864030e-01	0.000000000000000000e+00	nan
5.519015081760344499e-01	0.000000000000000000e+00	nan
5.660009261976823858e-01	0.000000000000000000e+00	nan
5.801003442193304327e-01	0.000000000000000000e+00	nan
5.941997622409784796e-01	0.000000000000000000e+00	nan
6.082991802626265265e-01	0.000000000000000000e+00	nan
6.223985982842745734e-01	0.000000000000000000e+00	nan
6.364980163059226204e-01	0.000000000000000000e+00	nan
6.505974343275706673e-01	0.000000000000000000e+00	nan
6.646968523492186032e-01	0.000000000000000000e+00	nan
6.787962703708666501e-01	0.000000000000000000e+00	nan
6.928956883925146970e-01	0.000000000000000000e+00	nan
7.069951064141627439e-01	0.000000000000000000e+00	nan
7.210945244358107908e-01	0.000000000000000000e+00	nan
7.351939424574588378e-01	0.000000000000000000e+00	nan
7.492933604791067737e-01	0.000000000000000000e+00	nan
7.633927785007548206e-01	0.000000000000000000e+00	nan
7.774921965224028675e-01	0.000000000000000000e+00	nan
7.915916145440509144e-01	0.000000000000000000e+00	nan
8.056910325656989613e-01	0.000000000000000000e+00	nan
8.197904505873470082e-01	0.000000000000000000e+00	nan
8.338898686089949441e-01	0.000000000000000000e+00	nan
8.479892866306429910e-01	0.000000000000000000e+00	nan
8.620887046522910380e-01	0.000000000000000000e+00	nan
8.761881226739390849e-01	0.000000000000000000e+00	nan
8.902875406955871318e-01	0.000000000000000000e+00	nan
9.043869587172351787e-01	0.000000000000000000e+00	nan
9.184863767388831146e-01	0.000000000000000000e+00	nan
9.325857947605311615e-01	0.000000000000000000e+00	nan
9.466852127821792084e-01	0.000000000000000000e+00	nan
9.607846308038272554e-01	0.000000000000000000e+00	nan
9.748840488254753023e-01	0.000000000000000000e+00	nan
9.889834668471233492e-01	0.000000000000000000e+00	nan
1.003082884868771174e+00	0.000000000000000000e+00	nan
1.017182302890419443e+00	0.000000000000000000e+00	nan
1.031281720912067268e+00	0.000000000000000000e+00	nan
1.045381138933715537e+00	0.000000000000000000e+00	nan
1.059480556955363362e+00	0.000000000000000000e+00	nan
1.073579974977011409e+00	0.000000000000000000e+00	nan
1.087679392998659456e+00	0.000000000000000000e+00	nan
1.101778811020307502e+00	0.000000000000000000e+00	nan
1.115878229041955549e+00	0.000000000000000000e+00	nan
1.129977647063603596e+00	0.000000000000000000e+00	nan
1.144077065085251643e+00	0.000000000000000000e+00	nan
1.158176483106899690e+00	0.000000000000000000e+00	nan
1.172275901128547737e+00	0.000000000000000000e+00	nan
1.186375319150195784e+00	0.000000000000000000e+00	nan
1.200474737171843609e+00	0.000000000000000000e+00	nan
1.214574155193491656e+00	0.000000000000000000e+00	nan
1.228673573215139703e+00	0.000000000000000000e+00	nan
1.242772991236787750e+00	0.000000000000000000e+00	nan
1.256872409258435797e+00	0.000000000000000000e+00	nan
1.270971827280083843e+00	0.000000000000000000e+00	nan
1.285071245301731890e+00	0.000000000000000000e+00	nan
1.299170663323379937e+00	0.000000000000000000e+00	nan
1.313270081345027984e+00	0.000000000000000000e+00	nan
1.327369499366676031e+00	0.000000000000000000e+00	nan
1.341468917388324078e+00	0.000000000000000000e+00	nan
1.355568335409972125e+00	0.000000000000000000e+00	nan
1.369667753431619950e+00	0.000000000000000000e+00	nan
1.383767171453267997e+00	0.000000000000000000e+00	nan
1.397866589474916044e+00	0.000000000000000000e+00	nan
1.411966007496564091e+00	0.000000000000000000e+00	nan
1.426065425518212137e+00	0.000000000000000000e+00	nan
1.440164843539860184e+00	0.000000000000000000e+00	nan
1.454264261561508231e+00	0.000000000000000000e+00	nan
1.468363679583156278e+00	0.000000000000000000e+00	nan
1.482463097604804325e+00	0.000000000000000000e+00	nan
1.496562515626452372e+00	0.000000000000000000e+00	nan
1.510661933648100419e+00	0.000000000000000000e+00	nan
1.524761351669748244e+00	0.000000000000000000e+00	nan
1.538860769691396291e+00	0.000000000000000000e+00	nan
1.552960187713044338e+00	0.000000000000000000e+00	nan
1.567059605734692385e+00	0.000000000000000000e+00	nan
1.581159023756340432e+00	0.000000000000000000e+00	nan
1.595258441777988478e+00	0.000000000000000000e+00	nan
1.609357859799636525e+00	0.000000000000000000e+00	nan
1.623457277821284572e+00	0.000000000000000000e+00	nan
1.637556695842932619e+00	0.000000000000000000e+00	nan
1.651656113864580666e+00	0.000000000000000000e+00	nan
1.665755531886228713e+00	0.000000000000000000e+00	nan
1.679854949907876760e+00	0.000000000000000000e+00	nan
1.693954367929524585e+00	0.000000000000000000e+00	nan
1.708053785951172632e+00	0.000000000000000000e+00	nan
1.722153203972820679e+00	0.000000000000000000e+00	nan
1.736252621994468726e+00	0.000000000000000000e+00	nan
1.750352040016116772e+00	0.000000000000000000e+00	nan
1.764451458037764819e+00	0.000000000000000000e+00	nan
1.778550876059412866e+00	0.000000000000000000e+00	nan
1.792650294081060913e+00	0.000000000000000000e+00	nan
1.806749712102708960e+00	0.000000000000000000e+00	nan
1.820849130124357007e+00	0.000000000000000000e+00	nan
1.834948548146005054e+00	0.000000000000000000e+00	nan
1.849047966167653101e+00	0.000000000000000000e+00	nan
1.863147384189300926e+00	0.000000000000000000e+00	nan
1.877246802210948973e+00	0.000000000000000000e+00	nan
1.891346220232597020e+00	0.000000000000000000e+00	nan
1.905445638254245067e+00	0.000000000000000000e+00	nan
1.919545056275893113e+00	0.000000000000000000e+00	nan
1.933644474297541160e+00	0.000000000000000000e+00	nan
1.947743892319189207e+00	0.000000000000000000e+00	nan
1.961843310340837254e+00	0.000000000000000000e+00	nan
1.975942728362485301e+00	0.000000000000000000e+00	nan
1.990042146384133348e+00	0.000000000000000000e+00	nan
2.004141564405781395e+00	0.000000000000000000e+00	nan
2.018240982427429220e+00	0.000000000000000000e+00	nan
2.032340400449077045e+00	0.000000000000000000e+00	nan
2.046439818470725314e+00	0.000000000000000000e+00	nan
2.060539236492373583e+00	0.000000000000000000e+00	nan
2.074638654514021407e+00	0.000000000000000000e+00	nan
2.088738072535669232e+00	0.000000000000000000e+00	nan
2.102837490557317501e+00	0.000000000000000000e+00	nan
2.116936908578965770e+00	0.000000000000000000e+00	nan
2.131036326600613595e+00	0.000000000000000000e+00	nan
2.145135744622261420e+00	0.000000000000000000e+00	nan
2.159235162643909689e+00	0.000000000000000000e+00	nan
2.173334580665557514e+00	0.000000000000000000e+00	nan
2.187433998687205783e+00	0.000000000000000000e+00	nan
2.201533416708853608e+00	0.000000000000000000e+00	nan
2.215632834730501877e+00	0.000000000000000000e+00	nan
2.229732252752149702e+00	0.000000000000000000e+00	nan
2.243831670773797970e+00	0.000000000000000000e+00	nan
2.257931088795445795e+00	0.000000000000000000e+00	nan
2.272030506817093620e+00	0.000000000000000000e+00	nan
2.286129924838741889e+00	0.000000000000000000e+00	nan
2.300229342860389714e+00	0.000000000000000000e+00	nan
2.314328760882037983e+00	0.000000000000000000e+00	nan
2.328428178903685808e+00	0.000000000000000000e+00	nan
2.342527596925334077e+00	0.000000000000000000e+00	nan
2.356627014946981902e+00	0.000000000000000000e+00	nan
2.370726432968630171e+00	0.000000000000000000e+00	nan
2.384825850990277996e+00	0.000000000000000000e+00	nan
2.398925269011926265e+00	0.000000000000000000e+00	nan
2.413024687033574089e+00	0.000000000000000000e+00	nan
2.427124105055221914e+00	0.000000000000000000e+00	nan
2.441223523076870183e+00	0.000000000000000000e+00	nan
2.455322941098518008e+00	0.000000000000000000e+00	nan
2.469422359120166277e+00	0.000000000000000000e+00	nan
2.483521777141814102e+00	0.000000000000000000e+00	nan
2.497621195163462371e+00	0.000000000000000000e+00	nan
2.511720613185110196e+00	0.000000000000000000e+00	nan
2.525820031206758465e+00	0.000000000000000000e+00	nan
2.539919449228406290e+00	0.000000000000000000e+00	nan
2.554018867250054559e+00	0.000000000000000000e+00	nan
2.568118285271702383e+00	0.000000000000000000e+00	nan
2.582217703293350652e+00	0.000000000000000000e+00	nan
2.596317121314998477e+00	0.000000000000000000e+00	nan
2.610416539336646302e+00	0.000000000000000000e+00	nan
2.624515957358294571e+00	0.000000000000000000e+00	nan
2.638615375379942396e+00	0.000000000000000000e+00	nan
2.652714793401590665e+00	0.000000000000000000e+00	nan
2.666814211423238490e+00	0.000000000000000000e+00	nan
2.680913629444886759e+00	0.000000000000000000e+00	nan
2.695013047466534584e+00	0.000000000000000000e+00	nan
2.709112465488182853e+00	0.000000000000000000e+00	nan
2.723211883509830677e+00	0.000000000000000000e+00	nan
2.737311301531478946e+00	0.000000000000000000e+00	nan
2.751410719553126771e+00	0.000000000000000000e+00	nan
2.765510137574774596e+00	0.000000000000000000e+00	nan
2.779609555596422865e+00	0.000000000000000000e+00	nan
2.793708973618070690e+00	0.000000000000000000e+00	nan
2.807808391639718959e+00	0.000000000000000000e+00	nan
2.821907809661366784e+00	0.000000000000000000e+00	nan
2.836007227683015053e+00	0.000000000000000000e+00	nan
2.850106645704662878e+00	0.000000000000000000e+00	nan
2.864206063726311147e+00	0.000000000000000000e+00	nan
2.878305481747958972e+00	0.000000000000000000e+00	nan
2.892404899769607241e+00	0.000000000000000000e+00	nan
2.906504317791255065e+00	0.000000000000000000e+00	nan
2.920603735812902890e+00	0.000000000000000000e+00	nan
2.934703153834551159e+00	0.000000000000000000e+00	nan
2.948802571856198984e+00	0.000000000000000000e+00	nan
2.962901989877847253e+00	0.000000000000000000e+00	nan
2.977001407899495078e+00	0.000000000000000000e+00	nan
2.991100825921143347e+00	0.000000000000000000e+00	nan
3.005200243942791172e+00	0.000000000000000000e+00	nan
3.019299661964439441e+00	0.000000000000000000e+00	nan
3.033399079986087266e+00	0.000000000000000000e+00	nan
3.047498498007735535e+00	0.000000000000000000e+00	nan
3.061597916029383359e+00	0.000000000000000000e+00	nan
3.075697334051031628e+00	0.000000000000000000e+00	nan
3.089796752072679453e+00	0.000000000000000000e+00	nan
3.103896170094327278e+00	0.000000000000000000e+00	nan
3.117995588115975547e+00	0.000000000000000000e+00	nan
3.132095006137623372e+00	0.000000000000000000e+00	nan
3.146194424159271641e+00	0.000000000000000000e+00	nan
3.160293842180919466e+00	0.000000000000000000e+00	nan
3.174393260202567735e+00	0.000000000000000000e+00	nan
3.188492678224215560e+00	0.000000000000000000e+00	nan
3.202592096245863829e+00	0.000000000000000000e+00	nan
3.216691514267511653e+00	0.000000000000000000e+00	nan
3.230790932289159922e+00	0.000000000000000000e+00	nan
3.244890350310807747e+00	0.000000000000000000e+00	nan
3.258989768332455572e+00	0.000000000000000000e+00	nan
3.273089186354103841e+00	0.000000000000000000e+00	nan
3.287188604375751666e+00	0.000000000000000000e+00	nan
3.301288022397399935e+00	0.000000000000000000e+00	nan
3.315387440419047760e+00	0.000000000000000000e+00	nan
3.329486858440696029e+00	0.000000000000000000e+00	nan
3.343586276462343854e+00	0.000000000000000000e+00	nan
3.357685694483992123e+00	0.000000000000000000e+00	nan
3.371785112505639947e+00	0.000000000000000000e+00	nan
3.385884530527288216e+00	0.000000000000000000e+00	nan
3.399983948548936041e+00	0.000000000000000000e+00	nan
3.414083366570583866e+00	0.000000000000000000e+00	nan
3.428182784592232135e+00	0.000000000000000000e+00	nan
3.442282202613879960e+00	0.000000000000000000e+00	nan
3.456381620635528229e+00	0.000000000000000000e+00	nan
3.470481038657176054e+00	0.000000000000000000e+00	nan
3.484580456678824323e+00	0.000000000000000000e+00	nan
3.498679874700472148e+00	0.000000000000000000e+00	nan
3.512779292722120417e+00	0.000000000000000000e+00	nan
3.526878710743768242e+00	0.000000000000000000e+00	nan
3.540978128765416511e+00	0.000000000000000000e+00	nan
3.555077546787064335e+00	0.000000000000000000e+00	nan
3.569176964808712604e+00	0.000000000000000000e+00	nan
3.583276382830360429e+00	0.000000000000000000e+00	nan
3.597375800852008254e+00	0.000000000000000000e+00	nan
3.611475218873656523e+00	0.000000000000000000e+00	nan
3.625574636895304348e+00	0.000000000000000000e+00	nan
3.639674054916952617e+00	0.000000000000000000e+00	nan
3.653773472938600442e+00	0.000000000000000000e+00	nan
3.667872890960248711e+00	0.000000000000000000e+00	nan
3.681972308981896536e+00	0.000000000000000000e+00	nan
3.696071727003544805e+00	0.000000000000000000e+00	nan
3.710171145025192629e+00	0.000000000000000000e+00	nan
3.724270563046840898e+00	0.000000000000000000e+00	nan
3.738369981068488723e+00	0.000000000000000000e+00	nan
3.752469399090136548e+00	0.000000000000000000e+00	nan
3.766568817111784817e+00	0.000000000000000000e+00	nan
3.780668235133432642e+00	0.000000000000000000e+00	nan
3.794767653155080911e+00	0.000000000000000000e+00	nan
3.808867071176728736e+00	0.000000000000000000e+00	nan
3.822966489198377005e+00	0.000000000000000000e+00	nan
3.837065907220024830e+00	0.000000000000000000e+00	nan
3.851165325241673099e+00	0.000000000000000000e+00	nan
3.865264743263320923e+00	0.000000000000000000e+00	nan
3.879364161284969192e+00	0.000000000000000000e+00	nan
3.893463579306617017e+00	0.000000000000000000e+00	nan
3.907562997328264842e+00	0.000000000000000000e+00	nan
3.921662415349913111e+00	0.000000000000000000e+00	nan
3.935761833371560936e+00	0.000000000000000000e+00	nan
3.949861251393209205e+00	0.000000000000000000e+00	nan
3.963960669414857030e+00	0.000000000000000000e+00	nan
3.978060087436505299e+00	0.000000000000000000e+00	nan
3.992159505458153124e+00	0.000000000000000000e+00	nan
4.006258923479801837e+00	0.000000000000000000e+00	nan
4.020358341501449218e+00	0.000000000000000000e+00	nan
4.034457759523097486e+00	0.000000000000000000e+00	nan
4.048557177544745755e+00	0.000000000000000000e+00	nan
4.062656595566393136e+00	0.000000000000000000e+00	nan
4.076756013588041405e+00	0.000000000000000000e+00	nan
4.090855431609689674e+00	0.000000000000000000e+00	nan
4.104954849631337055e+00	0.000000000000000000e+00	nan
4.119054267652985324e+00	0.000000000000000000e+00	nan
4.133153685674633593e+00	0.000000000000000000e+00	nan
4.147253103696281862e+00	0.000000000000000000e+00	nan
4.161352521717929243e+00	0.000000000000000000e+00	nan
4.175451939739577512e+00	0.000000000000000000e+00	nan
4.189551357761225781e+00	0.000000000000000000e+00	nan
4.203650775782874049e+00	0.000000000000000000e+00	nan
4.217750193804521430e+00	0.000000000000000000e+00	nan
4.231849611826169699e+00	0.000000000000000000e+00	nan
4.245949029847817968e+00	0.000000000000000000e+00	nan
4.260048447869465349e+00	0.000000000000000000e+00	nan
4.274147865891113618e+00	0.000000000000000000e+00	nan
4.288247283912761887e+00	0.000000000000000000e+00	nan
4.302346701934410156e+00	0.000000000000000000e+00	nan
4.316446119956057537e+00	0.000000000000000000e+00	nan
4.330545537977705806e+00	0.000000000000000000e+00	nan
4.344644955999354075e+00	0.000000000000000000e+00	nan
4.358744374021002344e+00	0.000000000000000000e+00	nan
4.372843792042649724e+00	0.000000000000000000e+00	nan
4.386943210064297993e+00	0.000000000000000000e+00	nan
4.401042628085946262e+00	0.000000000000000000e+00	nan
4.415142046107593643e+00	0.000000000000000000e+00	nan
4.429241464129241912e+00	0.000000000000000000e+00	nan
4.443340882150890181e+00	0.000000000000000000e+00	nan
4.457440300172538450e+00	0.000000000000000000e+00	nan
4.471539718194185831e+00	0.000000000000000000e+00	nan
4.485639136215834100e+00	0.000000000000000000e+00	nan
4.499738554237482369e+00	0.000000000000000000e+00	nan
4.513837972259130638e+00	0.000000000000000000e+00	nan
4.527937390280778018e+00	0.000000000000000000e+00	nan
4.542036808302426287e+00	0.000000000000000000e+00	nan
4.556136226324074556e+00	0.000000000000000000e+00	nan
4.570235644345721937e+00	0.000000000000000000e+00	nan
4.584335062367370206e+00	0.000000000000000000e+00	nan
4.598434480389018475e+00	0.000000000000000000e+00	nan
4.612533898410666744e+00	0.000000000000000000e+00	nan
4.626633316432314125e+00	0.000000000000000000e+00	nan
4.640732734453962394e+00	0.000000000000000000e+00	nan
4.654832152475610663e+00	0.000000000000000000e+00	nan
4.668931570497258932e+00	0.000000000000000000e+00	nan
4.683030988518906312e+00	0.000000000000000000e+00	nan
4.697130406540554581e+00	0.000000000000000000e+00	nan
4.711229824562202850e+00	0.000000000000000000e+00	nan
4.725329242583850231e+00	0.000000000000000000e+00	nan
4.739428660605498500e+00	0.000000000000000000e+00	nan
4.753528078627146769e+00	0.000000000000000000e+00	nan
4.767627496648795038e+00	0.000000000000000000e+00	nan
4.781726914670442419e+00	0.000000000000000000e+00	nan
4.795826332692090688e+00	0.000000000000000000e+00	nan
4.809925750713738957e+00	0.000000000000000000e+00	nan
4.824025168735387226e+00	0.000000000000000000e+00	nan
4.838124586757034606e+00	0.000000000000000000e+00	nan
4.852224004778682875e+00	0.000000000000000000e+00	nan
4.866323422800331144e+00	0.000000000000000000e+00	nan
4.880422840821979413e+00	0.000000000000000000e+00	nan
4.894522258843626794e+00	0.000000000000000000e+00	nan
4.908621676865275063e+00	0.000000000000000000e+00	nan
4.922721094886923332e+00	0.000000000000000000e+00	nan
4.936820512908570713e+00	0.000000000000000000e+00	nan
4.950919930930218982e+00	0.000000000000000000e+00	nan
4.965019348951867251e+00	0.000000000000000000e+00	nan
4.979118766973515520e+00	0.000000000000000000e+00	nan
4.993218184995162900e+00	0.000000000000000000e+00	nan
5.007317603016811169e+00	0.000000000000000000e+00	nan
5.021417021038459438e+00	0.000000000000000000e+00	nan
5.035516439060107707e+00	0.000000000000000000e+00	nan
5.049615857081755088e+00	0.000000000000000000e+00	nan
5.063715275103403357e+00	0.000000000000000000e+00	nan
5.077814693125051626e+00	0.000000000000000000e+00	nan
5.091914111146699007e+00	0.000000000000000000e+00	nan
5.106013529168347276e+00	0.000000000000000000e+00	nan
5.120112947189995545e+00	0.000000000000000000e+00	nan
5.134212365211643814e+00	0.000000000000000000e+00	nan
5.148311783233291195e+00	0.000000000000000000e+00	nan
5.162411201254939463e+00	0.000000000000000000e+00	nan
5.176510619276587732e+00	0.000000000000000000e+00	nan
5.190610037298236001e+00	0.000000000000000000e+00	nan
5.204709455319883382e+00	0.000000000000000000e+00	nan
5.218808873341531651e+00	0.000000000000000000e+00	nan
5.232908291363179920e+00	0.000000000000000000e+00	nan
5.247007709384827301e+00	0.000000000000000000e+00	nan
5.261107127406475570e+00	0.000000000000000000e+00	nan
5.275206545428123839e+00	0.000000000000000000e+00	nan
5.289305963449772108e+00	0.000000000000000000e+00	nan
5.303405381471419489e+00	0.000000000000000000e+00	nan
5.317504799493067758e+00	0.000000000000000000e+00	nan
5.331604217514716026e+00	0.000000000000000000e+00	nan
5.345703635536364295e+00	0.000000000000000000e+00	nan
5.359803053558011676e+00	0.000000000000000000e+00	nan
5.373902471579659945e+00	0.000000000000000000e+00	nan
5.388001889601308214e+00	0.000000000000000000e+00	nan
5.402101307622955595e+00	0.000000000000000000e+00	nan
5.416200725644603864e+00	0.000000000000000000e+00	nan
5.430300143666252133e+00	0.000000000000000000e+00	nan
5.444399561687900402e+00	0.000000000000000000e+00	nan
5.458498979709547783e+00	0.000000000000000000e+00	nan
5.472598397731196052e+00	0.000000000000000000e+00	nan
5.486697815752844321e+00	0.000000000000000000e+00	nan
5.500797233774492589e+00	0.000000000000000000e+00	nan
5.514896651796139970e+00	0.000000000000000000e+00	nan
5.528996069817788239e+00	0.000000000000000000e+00	nan
5.543095487839436508e+00	0.000000000000000000e+00	nan
5.557194905861083889e+00	0.000000000000000000e+00	nan
5.571294323882732158e+00	0.000000000000000000e+00	nan
5.585393741904380427e+00	0.000000000000000000e+00	nan
5.599493159926028696e+00	0.000000000000000000e+00	nan
5.613592577947676077e+00	0.000000000000000000e+00	nan
5.627691995969324346e+00	0.000000000000000000e+00	nan
5.641791413990972615e+00	0.000000000000000000e+00	nan
5.655890832012620884e+00	0.000000000000000000e+00	nan
5.669990250034268264e+00	0.000000000000000000e+00	nan
5.684089668055916533e+00	0.000000000000000000e+00	nan
5.698189086077564802e+00	0.000000000000000000e+00	nan
5.712288504099212183e+00	0.000000000000000000e+00	nan
5.726387922120860452e+00	0.000000000000000000e+00	nan
5.740487340142508721e+00	0.000000000000000000e+00	nan
5.754586758164156990e+00	0.000000000000000000e+00	nan
