# Normalized	8973.0 eV	Empty
# q	I	Poisson error
# nm-1	cm-1	cm-1
1.652559244913754666e-01	-1.806923002004623413e-01	nan
1.833293896666008949e-01	-1.498519033193588257e-01	nan
2.014028548418262954e-01	-1.229157820343971252e-01	nan
2.194763200170517237e-01	-1.038072630763053894e-01	nan
2.375497851922771519e-01	-9.049256891012191772e-02	nan
2.556232503675025525e-01	-8.052724599838256836e-02	nan
2.736967155427280085e-01	-7.390297204256057739e-02	nan
2.917701807179534090e-01	-6.849664449691772461e-02	nan
3.098436458931788096e-01	-6.439463794231414795e-02	nan
3.279171110684042656e-01	-6.093119084835052490e-02	nan
3.459905762436297216e-01	-5.813058838248252869e-02	nan
3.640640414188550666e-01	-5.585904791951179504e-02	nan
3.821375065940805227e-01	-5.400529131293296814e-02	nan
4.002109717693059787e-01	-5.220008268952369690e-02	nan
4.182844369445313237e-01	-5.104320123791694641e-02	nan
4.363579021197567798e-01	-4.975286126136779785e-02	nan
4.544313672949822358e-01	-4.865518212318420410e-02	nan
4.725048324702075808e-01	-4.773547872900962830e-02	nan
4.905782976454330369e-01	-4.694487527012825012e-02	nan
5.086517628206584929e-01	-4.615588486194610596e-02	nan
5.267252279958839489e-01	-4.536953195929527283e-02	nan
5.447986931711092939e-01	-4.475225135684013367e-02	nan
5.628721583463347500e-01	-4.406484588980674744e-02	nan
5.809456235215602060e-01	-4.349248483777046204e-02	nan
5.990190886967855510e-01	-4.300042241811752319e-02	nan
6.170925538720110071e-01	-4.238078370690345764e-02	nan
6.351660190472364631e-01	-4.180638864636421204e-02	nan
6.532394842224618081e-01	-4.135587066411972046e-02	nan
6.713129493976872642e-01	-4.078579321503639221e-02	nan
6.893864145729127202e-01	-4.034312814474105835e-02	nan
7.074598797481381762e-01	-3.993444144725799561e-02	nan
7.255333449233635212e-01	-3.951617702841758728e-02	nan
7.436068100985889773e-01	-3.919295966625213623e-02	nan
7.616802752738144333e-01	-3.881315514445304871e-02	nan
7.797537404490397783e-01	-3.853236883878707886e-02	nan
7.978272056242652344e-01	-3.814931213855743408e-02	nan
8.159006707994906904e-01	-3.777655959129333496e-02	nan
8.339741359747160354e-01	-3.741782903671264648e-02	nan
8.520476011499414914e-01	-3.707597404718399048e-02	nan
8.701210663251669475e-01	-3.673995658755302429e-02	nan
8.881945315003924035e-01	-3.640232980251312256e-02	nan
9.062679966756177485e-01	-3.615485876798629761e-02	nan
9.243414618508432046e-01	-3.584510460495948792e-02	nan
9.424149270260686606e-01	-3.551110625267028809e-02	nan
9.604883922012940056e-01	-3.516281768679618835e-02	nan
9.785618573765194617e-01	-3.488980606198310852e-02	nan
9.966353225517449177e-01	-3.455005586147308350e-02	nan
1.014708787726970263e+00	-3.420952707529067993e-02	nan
1.032782252902195719e+00	-3.395767137408256531e-02	nan
1.050855718077421175e+00	-3.362293913960456848e-02	nan
1.068929183252646409e+00	-3.334958851337432861e-02	nan
1.087002648427871865e+00	-3.307597339153289795e-02	nan
1.105076113603097321e+00	-3.277756646275520325e-02	nan
1.123149578778322777e+00	-3.253618627786636353e-02	nan
1.141223043953548233e+00	-3.221376612782478333e-02	nan
1.159296509128773689e+00	-3.198844566941261292e-02	nan
1.177369974303998923e+00	-3.174448758363723755e-02	nan
1.195443439479224379e+00	-3.148392215371131897e-02	nan
1.213516904654449835e+00	-3.118277899920940399e-02	nan
1.231590369829675291e+00	-3.098303638398647308e-02	nan
1.249663835004900747e+00	-3.068227320909500122e-02	nan
1.267737300180125981e+00	-3.046813234686851501e-02	nan
1.285810765355351437e+00	-3.017597831785678864e-02	nan
1.303884230530576893e+00	-2.991486340761184692e-02	nan
1.321957695705802349e+00	-2.961779944598674774e-02	nan
1.340031160881027805e+00	-2.939279191195964813e-02	nan
1.358104626056253261e+00	-2.910981699824333191e-02	nan
1.376178091231478717e+00	-2.885613217949867249e-02	nan
1.394251556406703951e+00	-2.866116911172866821e-02	nan
1.412325021581929407e+00	-2.837556041777133942e-02	nan
1.430398486757154863e+00	-2.812430635094642639e-02	nan
1.448471951932380319e+00	-2.791026420891284943e-02	nan
1.466545417107605775e+00	-2.767555974423885345e-02	nan
1.484618882282831231e+00	-2.748025767505168915e-02	nan
1.502692347458056465e+00	-2.727845497429370880e-02	nan
1.520765812633281922e+00	-2.701363340020179749e-02	nan
1.538839277808507378e+00	-2.676742896437644958e-02	nan
1.556912742983732834e+00	-2.655374817550182343e-02	nan
1.574986208158958290e+00	-2.629038318991661072e-02	nan
1.593059673334183746e+00	-2.605550549924373627e-02	nan
1.611133138509409202e+00	-2.580866217613220215e-02	nan
1.629206603684634436e+00	-2.555960603058338165e-02	nan
1.647280068859859892e+00	-2.530164271593093872e-02	nan
1.665353534035085348e+00	-2.508178167045116425e-02	nan
1.683426999210310804e+00	-2.483131922781467438e-02	nan
1.701500464385536260e+00	-2.462941966950893402e-02	nan
1.719573929560761716e+00	-2.436397224664688110e-02	nan
1.737647394735986950e+00	-2.412306144833564758e-02	nan
1.755720859911212406e+00	-2.390142530202865601e-02	nan
1.773794325086437862e+00	-2.371373027563095093e-02	nan
1.791867790261663318e+00	-2.346872352063655853e-02	nan
1.809941255436888774e+00	-2.319854684174060822e-02	nan
1.828014720612114230e+00	-2.293347194790840149e-02	nan
1.846088185787339464e+00	-2.269998006522655487e-02	nan
1.864161650962564920e+00	-2.247617207467556000e-02	nan
1.882235116137790376e+00	-2.230735495686531067e-02	nan
1.900308581313015832e+00	-2.208263054490089417e-02	nan
1.918382046488241288e+00	-2.180762030184268951e-02	nan
1.936455511663466744e+00	-2.157860808074474335e-02	nan
1.954528976838692200e+00	-2.134972438216209412e-02	nan
1.972602442013917434e+00	-2.111842110753059387e-02	nan
1.990675907189142890e+00	-2.088643424212932587e-02	nan
2.008749372364368568e+00	-2.061578072607517242e-02	nan
2.026822837539593802e+00	-2.040039747953414917e-02	nan
2.044896302714819480e+00	-2.019685693085193634e-02	nan
2.062969767890044714e+00	-1.995681039988994598e-02	nan
2.081043233065269948e+00	-1.970008760690689087e-02	nan
2.099116698240495626e+00	-1.947408728301525116e-02	nan
2.117190163415720860e+00	-1.926462166011333466e-02	nan
2.135263628590946539e+00	-1.902660727500915527e-02	nan
2.153337093766171773e+00	-1.882032863795757294e-02	nan
2.171410558941397451e+00	-1.861663907766342163e-02	nan
2.189484024116622685e+00	-1.837232336401939392e-02	nan
2.207557489291848363e+00	-1.816549338400363922e-02	nan
2.225630954467073597e+00	-1.793945208191871643e-02	nan
2.243704419642299275e+00	-1.773114129900932312e-02	nan
2.261777884817524509e+00	-1.751196198165416718e-02	nan
2.279851349992749743e+00	-1.729317195713520050e-02	nan
2.297924815167975421e+00	-1.710396260023117065e-02	nan
2.315998280343200655e+00	-1.687646657228469849e-02	nan
2.334071745518426333e+00	-1.667654886841773987e-02	nan
2.352145210693651567e+00	-1.645760610699653625e-02	nan
2.370218675868876801e+00	-1.625138521194458008e-02	nan
2.388292141044102479e+00	-1.604415476322174072e-02	nan
2.406365606219327713e+00	-1.585561223328113556e-02	nan
2.424439071394553391e+00	-1.565883122384548187e-02	nan
2.442512536569778625e+00	-1.544608082622289658e-02	nan
2.460586001745004303e+00	-1.525574736297130585e-02	nan
2.478659466920229537e+00	-1.506892591714859009e-02	nan
2.496732932095454771e+00	-1.486067473888397217e-02	nan
2.514806397270680449e+00	-1.468783430755138397e-02	nan
2.532879862445905683e+00	-1.447920128703117371e-02	nan
2.550953327621131361e+00	-1.432873774319887161e-02	nan
2.569026792796356595e+00	-1.412223186343908310e-02	nan
2.587100257971582273e+00	-1.393052563071250916e-02	nan
2.605173723146807507e+00	-1.376237254589796066e-02	nan
2.623247188322032741e+00	-1.357603352516889572e-02	nan
2.641320653497258419e+00	-1.338580902665853500e-02	nan
2.659394118672483653e+00	-1.322278007864952087e-02	nan
2.677467583847709331e+00	-1.304994616657495499e-02	nan
2.695541049022934565e+00	-1.285688392817974091e-02	nan
2.713614514198159799e+00	-1.270519942045211792e-02	nan
2.731687979373385478e+00	-1.252588536590337753e-02	nan
2.749761444548610712e+00	-1.234968099743127823e-02	nan
2.767834909723836390e+00	-1.217938959598541260e-02	nan
2.785908374899061624e+00	-1.202267408370971680e-02	nan
2.803981840074287302e+00	-1.185618247836828232e-02	nan
2.822055305249512536e+00	-1.170543674379587173e-02	nan
2.840128770424737770e+00	-1.154536940157413483e-02	nan
2.858202235599963448e+00	-1.140560582280158997e-02	nan
2.876275700775188682e+00	-1.125084515661001205e-02	nan
2.894349165950414360e+00	-1.110894139856100082e-02	nan
2.912422631125639594e+00	-1.097960863262414932e-02	nan
2.930496096300865272e+00	-1.082251500338315964e-02	nan
2.948569561476090506e+00	-1.068073976784944534e-02	nan
2.966643026651315740e+00	-1.054015289992094040e-02	nan
2.984716491826541418e+00	-1.044179964810609818e-02	nan
3.002789957001766652e+00	-1.030633039772510529e-02	nan
3.020863422176992330e+00	-1.015336439013481140e-02	nan
3.038936887352217564e+00	-9.997649118304252625e-03	nan
3.057010352527443242e+00	-9.871598333120346069e-03	nan
3.075083817702668476e+00	-9.764326736330986023e-03	nan
3.093157282877893710e+00	-9.641078300774097443e-03	nan
3.111230748053119388e+00	-9.520533494651317596e-03	nan
3.129304213228344622e+00	-9.397054091095924377e-03	nan
3.147377678403570300e+00	-9.265493601560592651e-03	nan
3.165451143578795534e+00	-9.147820062935352325e-03	nan
3.183524608754020768e+00	-9.028274565935134888e-03	nan
3.201598073929246446e+00	-8.919788524508476257e-03	nan
3.219671539104471680e+00	-8.801948279142379761e-03	nan
3.237745004279697358e+00	-8.689605630934238434e-03	nan
3.255818469454922592e+00	-8.577747270464897156e-03	nan
3.273891934630148270e+00	-8.470340631902217865e-03	nan
3.291965399805373504e+00	-8.362574502825737000e-03	nan
3.310038864980598738e+00	-8.264192380011081696e-03	nan
3.328112330155824417e+00	-8.152947761118412018e-03	nan
3.346185795331049651e+00	-8.049650117754936218e-03	nan
3.364259260506275329e+00	-7.944563403725624084e-03	nan
3.382332725681500563e+00	-7.853122428059577942e-03	nan
3.400406190856726241e+00	-7.744693662971258163e-03	nan
3.418479656031951475e+00	-7.639071904122829437e-03	nan
3.436553121207176709e+00	-7.537669967859983444e-03	nan
3.454626586382402387e+00	-7.429205346852540970e-03	nan
3.472700051557627621e+00	-7.345115765929222107e-03	nan
3.490773516732853299e+00	-7.247811183333396912e-03	nan
3.508846981908078533e+00	-7.172083947807550430e-03	nan
3.526920447083303767e+00	-7.077597547322511673e-03	nan
3.544993912258529445e+00	-6.988657172769308090e-03	nan
3.563067377433754679e+00	-6.912013050168752670e-03	nan
3.581140842608980357e+00	-6.838816218078136444e-03	nan
3.599214307784205591e+00	-6.751732900738716125e-03	nan
3.617287772959431269e+00	-6.679351441562175751e-03	nan
3.635361238134656503e+00	-6.592966150492429733e-03	nan
3.653434703309881737e+00	-6.523056421428918839e-03	nan
3.671508168485107415e+00	-6.430981680750846863e-03	nan
3.689581633660332649e+00	-6.362193264067173004e-03	nan
3.707655098835558327e+00	-6.286618299782276154e-03	nan
3.725728564010783561e+00	-6.197371520102024078e-03	nan
3.743802029186009239e+00	-6.136054173111915588e-03	nan
3.761875494361234473e+00	-6.072710733860731125e-03	nan
3.779948959536459707e+00	-5.997530184686183929e-03	nan
3.798022424711685385e+00	-5.933537613600492477e-03	nan
3.816095889886910619e+00	-5.864184349775314331e-03	nan
3.834169355062136297e+00	-5.813620984554290771e-03	nan
3.852242820237361531e+00	-5.733742844313383102e-03	nan
3.870316285412586765e+00	-5.664373282343149185e-03	nan
3.888389750587812443e+00	-5.591419059783220291e-03	nan
3.906463215763037677e+00	-5.525639280676841736e-03	nan
3.924536680938263356e+00	-5.479095969349145889e-03	nan
3.942610146113488589e+00	-5.417909473180770874e-03	nan
3.960683611288714268e+00	-5.350739695131778717e-03	nan
3.978757076463939502e+00	-5.300015676766633987e-03	nan
3.996830541639164736e+00	-5.245780106633901596e-03	nan
4.014904006814390414e+00	-5.187099333852529526e-03	nan
4.032977471989615204e+00	-5.115544423460960388e-03	nan
4.051050937164840882e+00	-5.066257901489734650e-03	nan
4.069124402340066560e+00	-5.010363645851612091e-03	nan
4.087197867515292238e+00	-4.949331283569335938e-03	nan
4.105271332690517028e+00	-4.899206105619668961e-03	nan
4.123344797865742706e+00	-4.843457136303186417e-03	nan
4.141418263040968384e+00	-4.799235612154006958e-03	nan
4.159491728216193174e+00	-4.739499185234308243e-03	nan
4.177565193391418852e+00	-4.694185219705104828e-03	nan
4.195638658566644530e+00	-4.643411841243505478e-03	nan
4.213712123741869320e+00	-4.591509234160184860e-03	nan
4.231785588917094998e+00	-4.547528922557830811e-03	nan
4.249859054092320676e+00	-4.498874302953481674e-03	nan
4.267932519267545466e+00	-4.442666657269001007e-03	nan
4.286005984442771144e+00	-4.401206504553556442e-03	nan
4.304079449617996822e+00	-4.355868790298700333e-03	nan
4.322152914793222500e+00	-4.316526930779218674e-03	nan
4.340226379968447290e+00	-4.270040430128574371e-03	nan
4.358299845143672968e+00	-4.234538413584232330e-03	nan
4.376373310318898646e+00	-4.192653577774763107e-03	nan
4.394446775494123436e+00	-4.140308126807212830e-03	nan
4.412520240669349114e+00	-4.097574390470981598e-03	nan
4.430593705844574792e+00	-4.057924728840589523e-03	nan
4.448667171019799582e+00	-4.026338458061218262e-03	nan
4.466740636195025260e+00	-3.981878515332937241e-03	nan
4.484814101370250938e+00	-3.949977923184633255e-03	nan
4.502887566545476616e+00	-3.917439840734004974e-03	nan
4.520961031720701406e+00	-3.871595952659845352e-03	nan
4.539034496895927084e+00	-3.841223195195198059e-03	nan
4.557107962071152762e+00	-3.800251986831426620e-03	nan
4.575181427246377552e+00	-3.758754115551710129e-03	nan
4.593254892421603230e+00	-3.732435172423720360e-03	nan
4.611328357596828909e+00	-3.694940125569701195e-03	nan
4.629401822772054587e+00	-3.654647385701537132e-03	nan
4.647475287947279377e+00	-3.628400154411792755e-03	nan
4.665548753122505055e+00	-3.601655829697847366e-03	nan
4.683622218297730733e+00	-3.565136343240737915e-03	nan
4.701695683472955523e+00	-3.532300470396876335e-03	nan
4.719769148648181201e+00	-3.497089724987745285e-03	nan
4.737842613823406879e+00	-3.458285471424460411e-03	nan
4.755916078998632557e+00	-3.432332072407007217e-03	nan
4.773989544173857347e+00	-3.404641291126608849e-03	nan
4.792063009349083025e+00	-3.367955097928643227e-03	nan
4.810136474524308703e+00	-3.335392102599143982e-03	nan
4.828209939699533493e+00	-3.303569974377751350e-03	nan
4.846283404874759171e+00	-3.272811416536569595e-03	nan
4.864356870049984849e+00	-3.243839135393500328e-03	nan
4.882430335225210527e+00	-3.207253525033593178e-03	nan
4.900503800400435317e+00	-3.184365108609199524e-03	nan
4.918577265575660995e+00	-3.162502544000744820e-03	nan
4.936650730750886673e+00	-3.132445970550179482e-03	nan
4.954724195926111463e+00	-3.111204598098993301e-03	nan
4.972797661101337141e+00	-3.070621285587549210e-03	nan
4.990871126276562819e+00	-3.047138219699263573e-03	nan
5.008944591451788497e+00	-3.024150151759386063e-03	nan
5.027018056627013287e+00	-2.992805093526840210e-03	nan
5.045091521802238965e+00	-2.973071532323956490e-03	nan
5.063164986977464643e+00	-2.934531075879931450e-03	nan
5.081238452152689433e+00	-2.906947629526257515e-03	nan
5.099311917327915111e+00	-2.881788881495594978e-03	nan
5.117385382503140789e+00	-2.878649160265922546e-03	nan
5.135458847678366467e+00	-2.855279948562383652e-03	nan
5.153532312853591257e+00	-2.833906095474958420e-03	nan
5.171605778028816935e+00	-2.798707457259297371e-03	nan
5.189679243204042614e+00	-2.785138087347149849e-03	nan
5.207752708379267403e+00	-2.754731569439172745e-03	nan
5.225826173554493081e+00	-2.743849297985434532e-03	nan
5.243899638729718760e+00	-2.725922036916017532e-03	nan
5.261973103904943549e+00	-2.704177750274538994e-03	nan
5.280046569080169228e+00	-2.672217553481459618e-03	nan
5.298120034255394906e+00	-2.662996761500835419e-03	nan
5.316193499430620584e+00	-2.644533757120370865e-03	nan
5.334266964605845374e+00	-2.619164297357201576e-03	nan
5.352340429781071052e+00	-2.610233845189213753e-03	nan
5.370413894956296730e+00	-2.586152637377381325e-03	nan
5.388487360131521520e+00	-2.563480520620942116e-03	nan
5.406560825306747198e+00	-2.541023306548595428e-03	nan
5.424634290481972876e+00	-2.521384041756391525e-03	nan
5.442707755657198554e+00	-2.497185952961444855e-03	nan
5.460781220832423344e+00	-2.488448517397046089e-03	nan
5.478854686007649022e+00	-2.463557757437229156e-03	nan
5.496928151182874700e+00	-2.447524573653936386e-03	nan
5.515001616358099490e+00	-2.420097822323441505e-03	nan
5.533075081533325168e+00	-2.405932173132896423e-03	nan
5.551148546708550846e+00	-2.384440274909138680e-03	nan
5.569222011883776524e+00	-2.383709652349352837e-03	nan
5.587295477059001314e+00	-2.355914330109953880e-03	nan
5.605368942234226992e+00	-2.335419645532965660e-03	nan
5.623442407409452670e+00	-2.323427703231573105e-03	nan
5.641515872584677460e+00	-2.306238980963826180e-03	nan
5.659589337759903138e+00	-2.292290562763810158e-03	nan
5.677662802935128816e+00	-2.275920938700437546e-03	nan
5.695736268110354494e+00	-2.255392959341406822e-03	nan
5.713809733285579284e+00	-2.234817016869783401e-03	nan
5.731883198460804962e+00	-2.216856693848967552e-03	nan
5.749956663636030640e+00	-2.215497428551316261e-03	nan
5.768030128811255430e+00	-2.195400185883045197e-03	nan
5.786103593986481108e+00	-2.175166504457592964e-03	nan
5.804177059161706786e+00	-2.168626291677355766e-03	nan
5.822250524336932465e+00	-2.141543664038181305e-03	nan
5.840323989512157254e+00	-2.129774075001478195e-03	nan
5.858397454687382933e+00	-2.119627315551042557e-03	nan
5.876470919862608611e+00	-2.103918697685003281e-03	nan
5.894544385037833401e+00	-2.094781957566738129e-03	nan
5.912617850213059079e+00	-2.073251875117421150e-03	nan
5.930691315388284757e+00	-2.065734239295125008e-03	nan
5.948764780563510435e+00	-2.046575304120779037e-03	nan
5.966838245738735225e+00	-2.035136567428708076e-03	nan
5.984911710913960903e+00	-2.027935814112424850e-03	nan
6.002985176089186581e+00	-2.015851205214858055e-03	nan
6.021058641264411371e+00	-1.995536265894770622e-03	nan
6.039132106439637049e+00	-1.977373380213975906e-03	nan
6.057205571614862727e+00	-1.967150019481778145e-03	nan
6.075279036790087517e+00	-1.954948063939809799e-03	nan
6.093352501965313195e+00	-1.955302199348807335e-03	nan
6.111425967140538873e+00	-1.942144241183996201e-03	nan
6.129499432315764551e+00	-1.921859919093549252e-03	nan
6.147572897490989341e+00	-1.911972416564822197e-03	nan
6.165646362666215019e+00	-1.908910111524164677e-03	nan
6.183719827841440697e+00	-1.897314679808914661e-03	nan
6.201793293016665487e+00	-1.887773512862622738e-03	nan
6.219866758191891165e+00	-1.877816044725477695e-03	nan
6.237940223367116843e+00	-1.862540259025990963e-03	nan
6.256013688542342521e+00	-1.854852889664471149e-03	nan
6.274087153717567311e+00	-1.833562273532152176e-03	nan
6.292160618892792989e+00	-1.825385377742350101e-03	nan
6.310234084068018667e+00	-1.813542097806930542e-03	nan
6.328307549243243457e+00	-1.801856327801942825e-03	nan
6.346381014418469135e+00	-1.792455906979739666e-03	nan
6.364454479593694813e+00	-1.784176565706729889e-03	nan
6.382527944768920491e+00	-1.768211717717349529e-03	nan
6.400601409944145281e+00	-1.780602266080677509e-03	nan
6.418674875119370959e+00	-1.750031486153602600e-03	nan
6.436748340294596638e+00	-1.746031572110950947e-03	nan
6.454821805469821427e+00	-1.743291970342397690e-03	nan
6.472895270645047106e+00	-1.725101028569042683e-03	nan
6.490968735820272784e+00	-1.712217461317777634e-03	nan
6.509042200995498462e+00	-1.710626180283725262e-03	nan
6.527115666170723252e+00	-1.694510923698544502e-03	nan
6.545189131345948930e+00	-1.685213763266801834e-03	nan
6.563262596521174608e+00	-1.686385716311633587e-03	nan
6.581336061696399398e+00	-1.673883991315960884e-03	nan
6.599409526871625076e+00	-1.658983877860009670e-03	nan
6.617482992046850754e+00	-1.653686049394309521e-03	nan
6.635556457222076432e+00	-1.644234405830502510e-03	nan
6.653629922397301222e+00	-1.648595789447426796e-03	nan
6.671703387572526900e+00	-1.631298451684415340e-03	nan
6.689776852747752578e+00	-1.621834933757781982e-03	nan
6.707850317922977368e+00	-1.594555331394076347e-03	nan
6.725923783098203046e+00	-1.600695191882550716e-03	nan
6.743997248273428724e+00	-1.567426254041492939e-03	nan
6.762070713448653514e+00	-1.532465452328324318e-03	nan
6.780144178623879192e+00	-1.503232633695006371e-03	nan
6.798217643799104870e+00	-1.484233187511563301e-03	nan
6.816291108974330548e+00	-1.430875039659440517e-03	nan
6.834364574149555338e+00	-1.409113057889044285e-03	nan
6.852438039324781016e+00	-1.438554609194397926e-03	nan
6.870511504500006694e+00	-1.521476544439792633e-03	nan
6.888584969675231484e+00	-1.550705637782812119e-03	nan
6.906658434850457162e+00	-1.553482492454349995e-03	nan
6.924731900025682840e+00	-1.528889522887766361e-03	nan
6.942805365200908518e+00	-1.541765988804399967e-03	nan
6.960878830376133308e+00	-1.531549729406833649e-03	nan
6.978952295551358986e+00	-1.519812853075563908e-03	nan
6.997025760726584664e+00	-1.508984598331153393e-03	nan
7.015099225901809454e+00	-1.499358448199927807e-03	nan
7.033172691077035132e+00	-1.503125648014247417e-03	nan
7.051246156252260811e+00	-1.466938643716275692e-03	nan
7.069319621427486489e+00	-1.459337654523551464e-03	nan
7.087393086602711278e+00	-1.475094468332827091e-03	nan
7.105466551777936957e+00	-1.451591611839830875e-03	nan
7.123540016953162635e+00	-1.478255027905106544e-03	nan
7.141613482128387425e+00	-1.441686647012829781e-03	nan
7.159686947303613103e+00	-1.449852716177701950e-03	nan
7.177760412478838781e+00	-1.465433975681662560e-03	nan
7.195833877654064459e+00	-1.455773832276463509e-03	nan
7.213907342829289249e+00	-1.460381899960339069e-03	nan
7.231980808004514927e+00	-1.443306100554764271e-03	nan
7.250054273179740605e+00	-1.372994389384984970e-03	nan
7.268127738354965395e+00	-1.453249016776680946e-03	nan
7.286201203530191073e+00	-1.398607739247381687e-03	nan
7.304274668705416751e+00	-1.390981138683855534e-03	nan
7.322348133880642429e+00	-1.391910132952034473e-03	nan
7.340421599055867219e+00	-1.345840981230139732e-03	nan
7.358495064231092897e+00	-1.385399256832897663e-03	nan
7.376568529406317687e+00	-1.394515973515808582e-03	nan
