# Normalized	8973.0 eV	empty Kapton Hexane
# q	I	Poisson error
# nm-1	cm-1	cm-1
1.652559244913754666e-01	-9.683035016059875488e-01	nan
1.833293896666008949e-01	-7.908412218093872070e-01	nan
2.014028548418262954e-01	-6.441020369529724121e-01	nan
2.194763200170517237e-01	-5.409108400344848633e-01	nan
2.375497851922771519e-01	-4.710156023502349854e-01	nan
2.556232503675025525e-01	-4.190357327461242676e-01	nan
2.736967155427280085e-01	-3.852814137935638428e-01	nan
2.917701807179534090e-01	-3.581521809101104736e-01	nan
3.098436458931788096e-01	-3.372145593166351318e-01	nan
3.279171110684042656e-01	-3.185025751590728760e-01	nan
3.459905762436297216e-01	-3.023864030838012695e-01	nan
3.640640414188550666e-01	-2.893643081188201904e-01	nan
3.821375065940805227e-01	-2.785881459712982178e-01	nan
4.002109717693059787e-01	-2.666371166706085205e-01	nan
4.182844369445313237e-01	-2.605164945125579834e-01	nan
4.363579021197567798e-01	-2.523425817489624023e-01	nan
4.544313672949822358e-01	-2.463880777359008789e-01	nan
4.725048324702075808e-01	-2.412795275449752808e-01	nan
4.905782976454330369e-01	-2.374294400215148926e-01	nan
5.086517628206584929e-01	-2.340418100357055664e-01	nan
5.267252279958839489e-01	-2.302072495222091675e-01	nan
5.447986931711092939e-01	-2.289714813232421875e-01	nan
5.628721583463347500e-01	-2.266315817832946777e-01	nan
5.809456235215602060e-01	-2.265492975711822510e-01	nan
5.990190886967855510e-01	-2.261960953474044800e-01	nan
6.170925538720110071e-01	-2.246347367763519287e-01	nan
6.351660190472364631e-01	-2.234019935131072998e-01	nan
6.532394842224618081e-01	-2.235041409730911255e-01	nan
6.713129493976872642e-01	-2.229073941707611084e-01	nan
6.893864145729127202e-01	-2.228354364633560181e-01	nan
7.074598797481381762e-01	-2.229385673999786377e-01	nan
7.255333449233635212e-01	-2.233502864837646484e-01	nan
7.436068100985889773e-01	-2.239813953638076782e-01	nan
7.616802752738144333e-01	-2.241728752851486206e-01	nan
7.797537404490397783e-01	-2.255326211452484131e-01	nan
7.978272056242652344e-01	-2.254172861576080322e-01	nan
8.159006707994906904e-01	-2.252661287784576416e-01	nan
8.339741359747160354e-01	-2.250749617815017700e-01	nan
8.520476011499414914e-01	-2.250616103410720825e-01	nan
8.701210663251669475e-01	-2.248722612857818604e-01	nan
8.881945315003924035e-01	-2.243422567844390869e-01	nan
9.062679966756177485e-01	-2.246339172124862671e-01	nan
9.243414618508432046e-01	-2.241858989000320435e-01	nan
9.424149270260686606e-01	-2.232846766710281372e-01	nan
9.604883922012940056e-01	-2.223492413759231567e-01	nan
9.785618573765194617e-01	-2.215940654277801514e-01	nan
9.966353225517449177e-01	-2.203114628791809082e-01	nan
1.014708787726970263e+00	-2.191527634859085083e-01	nan
1.032782252902195719e+00	-2.185343354940414429e-01	nan
1.050855718077421175e+00	-2.171458601951599121e-01	nan
1.068929183252646409e+00	-2.162252217531204224e-01	nan
1.087002648427871865e+00	-2.151477783918380737e-01	nan
1.105076113603097321e+00	-2.138048261404037476e-01	nan
1.123149578778322777e+00	-2.130636721849441528e-01	nan
1.141223043953548233e+00	-2.112584859132766724e-01	nan
1.159296509128773689e+00	-2.104002088308334351e-01	nan
1.177369974303998923e+00	-2.089793980121612549e-01	nan
1.195443439479224379e+00	-2.078205198049545288e-01	nan
1.213516904654449835e+00	-2.062415480613708496e-01	nan
1.231590369829675291e+00	-2.054602801799774170e-01	nan
1.249663835004900747e+00	-2.034314125776290894e-01	nan
1.267737300180125981e+00	-2.025706022977828979e-01	nan
1.285810765355351437e+00	-2.007452249526977539e-01	nan
1.303884230530576893e+00	-1.990875899791717529e-01	nan
1.321957695705802349e+00	-1.968615651130676270e-01	nan
1.340031160881027805e+00	-1.956127882003784180e-01	nan
1.358104626056253261e+00	-1.937316060066223145e-01	nan
1.376178091231478717e+00	-1.920220702886581421e-01	nan
1.394251556406703951e+00	-1.908010989427566528e-01	nan
1.412325021581929407e+00	-1.888894885778427124e-01	nan
1.430398486757154863e+00	-1.871622949838638306e-01	nan
1.448471951932380319e+00	-1.857452988624572754e-01	nan
1.466545417107605775e+00	-1.842516660690307617e-01	nan
1.484618882282831231e+00	-1.828066259622573853e-01	nan
1.502692347458056465e+00	-1.816207468509674072e-01	nan
1.520765812633281922e+00	-1.794723123311996460e-01	nan
1.538839277808507378e+00	-1.776580065488815308e-01	nan
1.556912742983732834e+00	-1.763019412755966187e-01	nan
1.574986208158958290e+00	-1.738911867141723633e-01	nan
1.593059673334183746e+00	-1.724529266357421875e-01	nan
1.611133138509409202e+00	-1.702533811330795288e-01	nan
1.629206603684634436e+00	-1.684397161006927490e-01	nan
1.647280068859859892e+00	-1.663691699504852295e-01	nan
1.665353534035085348e+00	-1.646512448787689209e-01	nan
1.683426999210310804e+00	-1.625461578369140625e-01	nan
1.701500464385536260e+00	-1.610044538974761963e-01	nan
1.719573929560761716e+00	-1.586401760578155518e-01	nan
1.737647394735986950e+00	-1.567191928625106812e-01	nan
1.755720859911212406e+00	-1.548781245946884155e-01	nan
1.773794325086437862e+00	-1.534588336944580078e-01	nan
1.791867790261663318e+00	-1.512738615274429321e-01	nan
1.809941255436888774e+00	-1.488180905580520630e-01	nan
1.828014720612114230e+00	-1.465882360935211182e-01	nan
1.846088185787339464e+00	-1.447215527296066284e-01	nan
1.864161650962564920e+00	-1.427472978830337524e-01	nan
1.882235116137790376e+00	-1.411024630069732666e-01	nan
1.900308581313015832e+00	-1.393270045518875122e-01	nan
1.918382046488241288e+00	-1.366258561611175537e-01	nan
1.936455511663466744e+00	-1.347384601831436157e-01	nan
1.954528976838692200e+00	-1.327887028455734253e-01	nan
1.972602442013917434e+00	-1.306125968694686890e-01	nan
1.990675907189142890e+00	-1.284679025411605835e-01	nan
2.008749372364368568e+00	-1.260792464017868042e-01	nan
2.026822837539593802e+00	-1.240500360727310181e-01	nan
2.044896302714819480e+00	-1.222308054566383362e-01	nan
2.062969767890044714e+00	-1.200108751654624939e-01	nan
2.081043233065269948e+00	-1.176391094923019409e-01	nan
2.099116698240495626e+00	-1.154992133378982544e-01	nan
2.117190163415720860e+00	-1.134395301342010498e-01	nan
2.135263628590946539e+00	-1.112575456500053406e-01	nan
2.153337093766171773e+00	-1.093224436044692993e-01	nan
2.171410558941397451e+00	-1.074840426445007324e-01	nan
2.189484024116622685e+00	-1.050824001431465149e-01	nan
2.207557489291848363e+00	-1.031411811709403992e-01	nan
2.225630954467073597e+00	-1.009334474802017212e-01	nan
2.243704419642299275e+00	-9.895402193069458008e-02	nan
2.261777884817524509e+00	-9.684661775827407837e-02	nan
2.279851349992749743e+00	-9.465575218200683594e-02	nan
2.297924815167975421e+00	-9.273830056190490723e-02	nan
2.315998280343200655e+00	-9.043212234973907471e-02	nan
2.334071745518426333e+00	-8.861254900693893433e-02	nan
2.352145210693651567e+00	-8.643816411495208740e-02	nan
2.370218675868876801e+00	-8.455546945333480835e-02	nan
2.388292141044102479e+00	-8.238684386014938354e-02	nan
2.406365606219327713e+00	-8.057194948196411133e-02	nan
2.424439071394553391e+00	-7.853004336357116699e-02	nan
2.442512536569778625e+00	-7.650601863861083984e-02	nan
2.460586001745004303e+00	-7.468526065349578857e-02	nan
2.478659466920229537e+00	-7.268305122852325439e-02	nan
2.496732932095454771e+00	-7.069864124059677124e-02	nan
2.514806397270680449e+00	-6.876158714294433594e-02	nan
2.532879862445905683e+00	-6.662375479936599731e-02	nan
2.550953327621131361e+00	-6.515371799468994141e-02	nan
2.569026792796356595e+00	-6.292652338743209839e-02	nan
2.587100257971582273e+00	-6.098328530788421631e-02	nan
2.605173723146807507e+00	-5.918762087821960449e-02	nan
2.623247188322032741e+00	-5.730938911437988281e-02	nan
2.641320653497258419e+00	-5.547067895531654358e-02	nan
2.659394118672483653e+00	-5.359873175621032715e-02	nan
2.677467583847709331e+00	-5.184418335556983948e-02	nan
2.695541049022934565e+00	-4.974407330155372620e-02	nan
2.713614514198159799e+00	-4.816779494285583496e-02	nan
2.731687979373385478e+00	-4.628613963723182678e-02	nan
2.749761444548610712e+00	-4.416723549365997314e-02	nan
2.767834909723836390e+00	-4.242722690105438232e-02	nan
2.785908374899061624e+00	-4.071880877017974854e-02	nan
2.803981840074287302e+00	-3.906099125742912292e-02	nan
2.822055305249512536e+00	-3.737355396151542664e-02	nan
2.840128770424737770e+00	-3.563493490219116211e-02	nan
2.858202235599963448e+00	-3.417062386870384216e-02	nan
2.876275700775188682e+00	-3.245142847299575806e-02	nan
2.894349165950414360e+00	-3.084691427648067474e-02	nan
2.912422631125639594e+00	-2.940824255347251892e-02	nan
2.930496096300865272e+00	-2.757429331541061401e-02	nan
2.948569561476090506e+00	-2.601262554526329041e-02	nan
2.966643026651315740e+00	-2.444489113986492157e-02	nan
2.984716491826541418e+00	-2.321254275739192963e-02	nan
3.002789957001766652e+00	-2.170744910836219788e-02	nan
3.020863422176992330e+00	-1.998939178884029388e-02	nan
3.038936887352217564e+00	-1.819800026714801788e-02	nan
3.057010352527443242e+00	-1.668974943459033966e-02	nan
3.075083817702668476e+00	-1.546780299395322800e-02	nan
3.093157282877893710e+00	-1.406582631170749664e-02	nan
3.111230748053119388e+00	-1.258745789527893066e-02	nan
3.129304213228344622e+00	-1.104306243360042572e-02	nan
3.147377678403570300e+00	-9.517580270767211914e-03	nan
3.165451143578795534e+00	-8.145490661263465881e-03	nan
3.183524608754020768e+00	-6.672193296253681183e-03	nan
3.201598073929246446e+00	-5.381707102060317993e-03	nan
3.219671539104471680e+00	-3.840201301500201225e-03	nan
3.237745004279697358e+00	-2.342939144000411034e-03	nan
3.255818469454922592e+00	-8.646490750834345818e-04	nan
3.273891934630148270e+00	5.035227513872087002e-04	3.717388649798101467e-04
3.291965399805373504e+00	1.891330583021044731e-03	7.208041798132278034e-04
3.310038864980598738e+00	3.229712136089801788e-03	9.408629790071644993e-04
3.328112330155824417e+00	4.760654643177986145e-03	1.141183979898692394e-03
3.346185795331049651e+00	6.240888498723506927e-03	1.304623802246298887e-03
3.364259260506275329e+00	7.717066444456577301e-03	1.465914805232244617e-03
3.382332725681500563e+00	9.198594838380813599e-03	1.610700367049734422e-03
3.400406190856726241e+00	1.076040882617235184e-02	1.750074337573703917e-03
3.418479656031951475e+00	1.239156909286975861e-02	1.884606556192017397e-03
3.436553121207176709e+00	1.427120622247457504e-02	2.028603550282057251e-03
3.454626586382402387e+00	1.609640941023826599e-02	2.159428205702964339e-03
3.472700051557627621e+00	1.778010465204715729e-02	2.273523352379480146e-03
3.490773516732853299e+00	1.968699507415294647e-02	2.396128448327717372e-03
3.508846981908078533e+00	2.153654769062995911e-02	2.509577383157534595e-03
3.526920447083303767e+00	2.366976067423820496e-02	2.606963321361533640e-03
3.544993912258529445e+00	2.585201896727085114e-02	2.701696903757293353e-03
3.563067377433754679e+00	2.803649008274078369e-02	2.797433950789011969e-03
3.581140842608980357e+00	3.044759854674339294e-02	2.902573288210477925e-03
3.599214307784205591e+00	3.307931125164031982e-02	3.014591508221566019e-03
3.617287772959431269e+00	3.593599423766136169e-02	3.132247310467362652e-03
3.635361238134656503e+00	3.896722942590713501e-02	3.252528792823353165e-03
3.653434703309881737e+00	4.210058599710464478e-02	3.372122473867763138e-03
3.671508168485107415e+00	4.553880915045738220e-02	3.499261074479427004e-03
3.689581633660332649e+00	4.923136904835700989e-02	3.630663207634296161e-03
3.707655098835558327e+00	5.304185301065444946e-02	3.760807125097250826e-03
3.725728564010783561e+00	5.729307234287261963e-02	3.902051016426513492e-03
3.743802029186009239e+00	6.162624806165695190e-02	4.039981259296030608e-03
3.761875494361234473e+00	6.612676382064819336e-02	4.177968198136951944e-03
3.779948959536459707e+00	7.079321146011352539e-02	4.316587339806424520e-03
3.798022424711685385e+00	7.575566321611404419e-02	4.458255658534180689e-03
3.816095889886910619e+00	8.098354190587997437e-02	4.603685075438119882e-03
3.834169355062136297e+00	8.627455681562423706e-02	4.745360450864958765e-03
3.852242820237361531e+00	9.191297739744186401e-02	4.891400913897167753e-03
3.870316285412586765e+00	9.750390797853469849e-02	5.032263503957312006e-03
3.888389750587812443e+00	1.032067462801933289e-01	5.170957336394909655e-03
3.906463215763037677e+00	1.084230244159698486e-01	5.292254591093797748e-03
3.924536680938263356e+00	1.136591956019401550e-01	5.412324221261322239e-03
3.942610146113488589e+00	1.185760051012039185e-01	5.519491003097219163e-03
3.960683611288714268e+00	1.230534389615058899e-01	5.613524891901490975e-03
3.978757076463939502e+00	1.264806836843490601e-01	5.681505880809011554e-03
3.996830541639164736e+00	1.295400410890579224e-01	5.739207374906566371e-03
4.014904006814390414e+00	1.314451098442077637e-01	5.768987111425946321e-03
4.032977471989615204e+00	1.327274143695831299e-01	5.783974261525170329e-03
4.051050937164840882e+00	1.325041651725769043e-01	5.764668686819319869e-03
4.069124402340066560e+00	1.314313113689422607e-01	5.726215246157664342e-03
4.087197867515292238e+00	1.293081641197204590e-01	5.663717544803102341e-03
4.105271332690517028e+00	1.259753406047821045e-01	5.571514476374122074e-03
4.123344797865742706e+00	1.221333369612693787e-01	5.467445726817404469e-03
4.141418263040968384e+00	1.174356937408447266e-01	5.341878552260014186e-03
4.159491728216193174e+00	1.126788258552551270e-01	5.213684987766581749e-03
4.177565193391418852e+00	1.071089357137680054e-01	5.062826304598454404e-03
4.195638658566644530e+00	1.017758324742317200e-01	4.916150611029151962e-03
4.213712123741869320e+00	9.652567654848098755e-02	4.769181056629719084e-03
4.231785588917094998e+00	9.134594351053237915e-02	4.621380616828226970e-03
4.249859054092320676e+00	8.659628033638000488e-02	4.482198173374266070e-03
4.267932519267545466e+00	8.225667476654052734e-02	4.352501175141089071e-03
4.286005984442771144e+00	7.794155925512313843e-02	4.221609268686882938e-03
4.304079449617996822e+00	7.427042722702026367e-02	4.105482747667451096e-03
4.322152914793222500e+00	7.102593034505844116e-02	4.001025312195408482e-03
4.340226379968447290e+00	6.806957721710205078e-02	3.903607463787327897e-03
4.358299845143672968e+00	6.539836525917053223e-02	3.813691921340228632e-03
4.376373310318898646e+00	6.321150064468383789e-02	3.737742805896151956e-03
4.394446775494123436e+00	6.153269857168197632e-02	3.677070554210386082e-03
4.412520240669349114e+00	5.990710109472274780e-02	3.617742168089193352e-03
4.430593705844574792e+00	5.853505805134773254e-02	3.565993407124261327e-03
4.448667171019799582e+00	5.726848542690277100e-02	3.551444247885678952e-03
4.466740636195025260e+00	5.610023811459541321e-02	3.535362597502440113e-03
4.484814101370250938e+00	5.522698536515235901e-02	3.515662906727010008e-03
4.502887566545476616e+00	5.445881560444831848e-02	3.490637463291867970e-03
4.520961031720701406e+00	5.389666557312011719e-02	3.475648409704132184e-03
4.539034496895927084e+00	5.320247262716293335e-02	3.456404163727041633e-03
4.557107962071152762e+00	5.257046595215797424e-02	3.438106378346834999e-03
4.575181427246377552e+00	5.205331742763519287e-02	3.422840871309772506e-03
4.593254892421603230e+00	5.154439061880111694e-02	3.406901423160304480e-03
4.611328357596828909e+00	5.105146020650863647e-02	3.391117404390328865e-03
4.629401822772054587e+00	5.074254423379898071e-02	3.379279356355215959e-03
4.647475287947279377e+00	5.032033473253250122e-02	3.360475243145986772e-03
4.665548753122505055e+00	4.974950477480888367e-02	3.336493600242011748e-03
4.683622218297730733e+00	4.946494847536087036e-02	3.325226903856160626e-03
4.701695683472955523e+00	4.907548427581787109e-02	3.310706658252411411e-03
4.719769148648181201e+00	4.868261143565177917e-02	3.298277433791319772e-03
4.737842613823406879e+00	4.847013577818870544e-02	3.327325665117940659e-03
4.755916078998632557e+00	4.795405268669128418e-02	3.333134747508798967e-03
4.773989544173857347e+00	4.751981794834136963e-02	3.335783697160665719e-03
4.792063009349083025e+00	4.732136800885200500e-02	3.343461762068157539e-03
4.810136474524308703e+00	4.671274498105049133e-02	3.333775922157278682e-03
4.828209939699533493e+00	4.648043587803840637e-02	3.336729070031862771e-03
4.846283404874759171e+00	4.610325023531913757e-02	3.333075329554294891e-03
4.864356870049984849e+00	4.587650299072265625e-02	3.335101039726178114e-03
4.882430335225210527e+00	4.553671181201934814e-02	3.355175417512137447e-03
4.900503800400435317e+00	4.511340335011482239e-02	3.369707655657452807e-03
4.918577265575660995e+00	4.480249062180519104e-02	3.383814943557942028e-03
4.936650730750886673e+00	4.442172124981880188e-02	3.403811456394683840e-03
4.954724195926111463e+00	4.397994279861450195e-02	3.428736403900923928e-03
4.972797661101337141e+00	4.370463266968727112e-02	3.450820200881432858e-03
4.990871126276562819e+00	4.336403682827949524e-02	3.459391381623582156e-03
5.008944591451788497e+00	4.294401034712791443e-02	3.459472292611275816e-03
5.027018056627013287e+00	4.248668998479843140e-02	3.457400542078089677e-03
5.045091521802238965e+00	4.219192638993263245e-02	3.460099960487275986e-03
5.063164986977464643e+00	4.203759506344795227e-02	3.467278880154856403e-03
5.081238452152689433e+00	4.171518236398696899e-02	3.466209854684002434e-03
5.099311917327915111e+00	4.136373102664947510e-02	3.516368759424200793e-03
5.117385382503140789e+00	4.078697040677070618e-02	3.551930210944452028e-03
5.135458847678366467e+00	4.055875912308692932e-02	3.575232245146255528e-03
5.153532312853591257e+00	4.019983485341072083e-02	3.582684906405635920e-03
5.171605778028816935e+00	4.000892117619514465e-02	3.598414039615047220e-03
5.189679243204042614e+00	3.960317373275756836e-02	3.600098907085945779e-03
5.207752708379267403e+00	3.923533111810684204e-02	3.601769770747705567e-03
5.225826173554493081e+00	3.900232538580894470e-02	3.608556535971004300e-03
5.243899638729718760e+00	3.854371979832649231e-02	3.603271540049688467e-03
5.261973103904943549e+00	3.844208270311355591e-02	3.608811217024922736e-03
5.280046569080169228e+00	3.805910795927047729e-02	3.597447984264908437e-03
5.298120034255394906e+00	3.771399334073066711e-02	3.590075938406815659e-03
5.316193499430620584e+00	3.739853575825691223e-02	3.588405620165958324e-03
5.334266964605845374e+00	3.710675612092018127e-02	3.587337734022547509e-03
5.352340429781071052e+00	3.665193170309066772e-02	3.577810815801215922e-03
5.370413894956296730e+00	3.647385165095329285e-02	3.581710359457813877e-03
5.388487360131521520e+00	3.619486466050148010e-02	3.579510097263420999e-03
5.406560825306747198e+00	3.580110892653465271e-02	3.619094870708449135e-03
5.424634290481972876e+00	3.571712970733642578e-02	3.693822617507380116e-03
5.442707755657198554e+00	3.538703918457031250e-02	3.733992078319747169e-03
5.460781220832423344e+00	3.496803343296051025e-02	3.761476332376249062e-03
5.478854686007649022e+00	3.477514162659645081e-02	3.797131700466729355e-03
5.496928151182874700e+00	3.447551652789115906e-02	3.824255178296514200e-03
5.515001616358099490e+00	3.435626998543739319e-02	3.859855902561877810e-03
5.533075081533325168e+00	3.400449082255363464e-02	3.880649229645467043e-03
5.551148546708550846e+00	3.370114043354988098e-02	3.902044612858584973e-03
5.569222011883776524e+00	3.338465094566345215e-02	3.917381037826766187e-03
5.587295477059001314e+00	3.326448053121566772e-02	3.942821951489396820e-03
5.605368942234226992e+00	3.297390043735504150e-02	3.957124455023742875e-03
5.623442407409452670e+00	3.273040801286697388e-02	3.973571784987926618e-03
5.641515872584677460e+00	3.258362412452697754e-02	3.995589571410277513e-03
5.659589337759903138e+00	3.229616954922676086e-02	4.011656127638942547e-03
5.677662802935128816e+00	3.207518532872200012e-02	4.035136713033888808e-03
5.695736268110354494e+00	3.189677745103836060e-02	4.061554824166922414e-03
5.713809733285579284e+00	3.159284964203834534e-02	4.080530077918643507e-03
5.731883198460804962e+00	3.145515546202659607e-02	4.108162663114488071e-03
5.749956663636030640e+00	3.112732060253620148e-02	4.118800431919037580e-03
5.768030128811255430e+00	3.095751069486141205e-02	4.136050146537732959e-03
5.786103593986481108e+00	3.084612824022769928e-02	4.157231809702713679e-03
5.804177059161706786e+00	3.049296699464321136e-02	4.161931010492088759e-03
5.822250524336932465e+00	3.042306751012802124e-02	4.189274780435780880e-03
5.840323989512157254e+00	3.008426725864410400e-02	4.203820151700168525e-03
5.858397454687382933e+00	3.004946187138557434e-02	4.240796105682025433e-03
5.876470919862608611e+00	2.989059872925281525e-02	4.268922495089855045e-03
5.894544385037833401e+00	2.971292473375797272e-02	4.296205608356999314e-03
5.912617850213059079e+00	2.960332855582237244e-02	4.328900892243189163e-03
5.930691315388284757e+00	2.928484790027141571e-02	4.346554836301227791e-03
5.948764780563510435e+00	2.923922240734100342e-02	4.385101190754795396e-03
5.966838245738735225e+00	2.901511639356613159e-02	4.410415309432966224e-03
5.984911710913960903e+00	2.885936014354228973e-02	4.441908622223215281e-03
6.002985176089186581e+00	2.880177460610866547e-02	4.481359748024916177e-03
6.021058641264411371e+00	2.850965410470962524e-02	4.503182201703248393e-03
6.039132106439637049e+00	2.851118519902229309e-02	4.548859606392186179e-03
6.057205571614862727e+00	2.826059050858020782e-02	4.576788886635889744e-03
6.075279036790087517e+00	2.824234776198863983e-02	4.621179776108669951e-03
6.093352501965313195e+00	2.810791879892349243e-02	4.648393914441024434e-03
6.111425967140538873e+00	2.790712751448154449e-02	4.667131580634927002e-03
6.129499432315764551e+00	2.767715416848659515e-02	4.683537287857947318e-03
6.147572897490989341e+00	2.765008248388767242e-02	4.717282886482448805e-03
6.165646362666215019e+00	2.740798890590667725e-02	4.735311941040476306e-03
6.183719827841440697e+00	2.721448615193367004e-02	4.764499164970710000e-03
6.201793293016665487e+00	2.724458836019039154e-02	4.820262423155726242e-03
6.219866758191891165e+00	2.712999843060970306e-02	4.864365008788067331e-03
6.237940223367116843e+00	2.709073387086391449e-02	4.917045020101882061e-03
6.256013688542342521e+00	2.687665447592735291e-02	4.955019070224109257e-03
6.274087153717567311e+00	2.694355696439743042e-02	5.020470502910632377e-03
6.292160618892792989e+00	2.677739225327968597e-02	5.067934652709714036e-03
6.310234084068018667e+00	2.685307897627353668e-02	5.136329748734080186e-03
6.328307549243243457e+00	2.658996358513832092e-02	5.175053727504500857e-03
6.346381014418469135e+00	2.671854943037033081e-02	5.255174607938836902e-03
6.364454479593694813e+00	2.656859531998634338e-02	5.309172281961115937e-03
6.382527944768920491e+00	2.653036452829837799e-02	5.376935125045789916e-03
6.400601409944145281e+00	2.622682973742485046e-02	5.419700049470587734e-03
6.418674875119370959e+00	2.635781653225421906e-02	5.509918156789750388e-03
6.436748340294596638e+00	2.613274194300174713e-02	5.565504454789330091e-03
6.454821805469821427e+00	2.609131112694740295e-02	5.643543479451317187e-03
6.472895270645047106e+00	2.614434994757175446e-02	5.735550138759589606e-03
6.490968735820272784e+00	2.617988735437393188e-02	5.834588766343357623e-03
6.509042200995498462e+00	2.602828480303287506e-02	5.908362187267333920e-03
6.527115666170723252e+00	2.613127976655960083e-02	6.015536058417775972e-03
6.545189131345948930e+00	2.607391588389873505e-02	6.112278701172106990e-03
6.563262596521174608e+00	2.593903802335262299e-02	6.211108242962068773e-03
6.581336061696399398e+00	2.605571597814559937e-02	6.330656693421777073e-03
6.599409526871625076e+00	2.604722790420055389e-02	6.447871298459262497e-03
6.617482992046850754e+00	2.596856653690338135e-02	6.564212930854439361e-03
6.635556457222076432e+00	2.619191072881221771e-02	6.725336786462684201e-03
6.653629922397301222e+00	2.580955997109413147e-02	6.815807779719133125e-03
6.671703387572526900e+00	2.585916407406330109e-02	6.971857612454058530e-03
6.689776852747752578e+00	2.617125771939754486e-02	7.173927310430423636e-03
6.707850317922977368e+00	2.621324732899665833e-02	7.349979209723230510e-03
6.725923783098203046e+00	2.618406899273395538e-02	7.530062457010137759e-03
6.743997248273428724e+00	2.621806226670742035e-02	7.731113134046260597e-03
6.762070713448653514e+00	2.636663243174552917e-02	7.966499587950889513e-03
6.780144178623879192e+00	2.662708796560764313e-02	8.239973745701779234e-03
6.798217643799104870e+00	2.631350234150886536e-02	8.442931323195993279e-03
6.816291108974330548e+00	2.680400386452674866e-02	8.846688961145831448e-03
6.834364574149555338e+00	2.689343318343162537e-02	9.284311214900394307e-03
6.852438039324781016e+00	2.642260864377021790e-02	9.673014555379283105e-03
6.870511504500006694e+00	2.607788704335689545e-02	1.027953934195495293e-02
6.888584969675231484e+00	2.606342546641826630e-02	1.079360778056326006e-02
6.906658434850457162e+00	2.603589370846748352e-02	1.117852160365192214e-02
6.924731900025682840e+00	2.666228264570236206e-02	1.164964812049427284e-02
6.942805365200908518e+00	2.642491832375526428e-02	1.183885614473885635e-02
6.960878830376133308e+00	2.632491104304790497e-02	1.207029352814872371e-02
6.978952295551358986e+00	2.681118622422218323e-02	1.245759894179791598e-02
6.997025760726584664e+00	2.730215713381767273e-02	1.286738117361252952e-02
7.015099225901809454e+00	2.691315487027168274e-02	1.308754103894860070e-02
7.033172691077035132e+00	2.666350454092025757e-02	1.336070146858819169e-02
7.051246156252260811e+00	2.721330896019935608e-02	1.388579406981701320e-02
7.069319621427486489e+00	2.652827836573123932e-02	1.411581306161506164e-02
7.087393086602711278e+00	2.729177474975585938e-02	1.471498259266459593e-02
7.105466551777936957e+00	2.777513116598129272e-02	1.531988196792377112e-02
7.123540016953162635e+00	2.708121016621589661e-02	1.565149387167469666e-02
7.141613482128387425e+00	2.754312008619308472e-02	1.636184351680064833e-02
7.159686947303613103e+00	2.770844288170337677e-02	1.705596222111455812e-02
7.177760412478838781e+00	2.761725708842277527e-02	1.776676635825600800e-02
7.195833877654064459e+00	2.769804559648036957e-02	1.862899082515055010e-02
7.213907342829289249e+00	2.757227234542369843e-02	1.953840995158743696e-02
7.231980808004514927e+00	2.790438942611217499e-02	2.078828477443096442e-02
7.250054273179740605e+00	2.854279056191444397e-02	2.239336370711216342e-02
7.268127738354965395e+00	2.772893942892551422e-02	2.369635163020767862e-02
7.286201203530191073e+00	2.812207117676734924e-02	2.595291638408875681e-02
7.304274668705416751e+00	3.024007380008697510e-02	2.979776672488426356e-02
7.322348133880642429e+00	2.882865630090236664e-02	3.294877511419965627e-02
7.340421599055867219e+00	2.975369989871978760e-02	3.965226631843739302e-02
7.358495064231092897e+00	2.990857325494289398e-02	5.127055844258099349e-02
7.376568529406317687e+00	3.125052154064178467e-02	8.955168368995014561e-02
