# Normalized	8304.0 eV	Empty Kapton
# q	I	Poisson error
# nm-1	cm-1	cm-1
1.529343905150668814e-01	-1.069611907005310059e+00	nan
1.696602923870779989e-01	-8.239133954048156738e-01	nan
1.863861942590890886e-01	-6.448681354522705078e-01	nan
2.031120961311002060e-01	-5.213484764099121094e-01	nan
2.198379980031113234e-01	-4.326086342334747314e-01	nan
2.365638998751224409e-01	-3.746140301227569580e-01	nan
2.532898017471335583e-01	-3.364229202270507812e-01	nan
2.700157036191446203e-01	-3.063655495643615723e-01	nan
2.867416054911557932e-01	-2.826146781444549561e-01	nan
3.034675073631668551e-01	-2.639498114585876465e-01	nan
3.201934092351780281e-01	-2.492955923080444336e-01	nan
3.369193111071890900e-01	-2.380999326705932617e-01	nan
3.536452129792002075e-01	-2.258821129798889160e-01	nan
3.703711148512113249e-01	-2.185364365577697754e-01	nan
3.870970167232223869e-01	-2.116517722606658936e-01	nan
4.038229185952335598e-01	-2.056742310523986816e-01	nan
4.205488204672446217e-01	-2.008398324251174927e-01	nan
4.372747223392557947e-01	-1.979520171880722046e-01	nan
4.540006242112668566e-01	-1.933492422103881836e-01	nan
4.707265260832780296e-01	-1.905941218137741089e-01	nan
4.874524279552890915e-01	-1.891215145587921143e-01	nan
5.041783298273001535e-01	-1.870081424713134766e-01	nan
5.209042316993113264e-01	-1.866406947374343872e-01	nan
5.376301335713223883e-01	-1.870471686124801636e-01	nan
5.543560354433335613e-01	-1.860960274934768677e-01	nan
5.710819373153446232e-01	-1.856788694858551025e-01	nan
5.878078391873557962e-01	-1.863574087619781494e-01	nan
6.045337410593668581e-01	-1.863420605659484863e-01	nan
6.212596429313779200e-01	-1.870071142911911011e-01	nan
6.379855448033890930e-01	-1.899519860744476318e-01	nan
6.547114466754001549e-01	-1.907170414924621582e-01	nan
6.714373485474113279e-01	-1.920393109321594238e-01	nan
6.881632504194223898e-01	-1.943760365247726440e-01	nan
7.048891522914334518e-01	-1.955889910459518433e-01	nan
7.216150541634446247e-01	-1.971836537122726440e-01	nan
7.383409560354556866e-01	-2.004149705171585083e-01	nan
7.550668579074668596e-01	-2.022853940725326538e-01	nan
7.717927597794779215e-01	-2.026485502719879150e-01	nan
7.885186616514890945e-01	-2.043646126985549927e-01	nan
8.052445635235001564e-01	-2.052130848169326782e-01	nan
8.219704653955113294e-01	-2.054964452981948853e-01	nan
8.386963672675223913e-01	-2.071723341941833496e-01	nan
8.554222691395334532e-01	-2.068954706192016602e-01	nan
8.721481710115446262e-01	-2.076483815908432007e-01	nan
8.888740728835556881e-01	-2.080696970224380493e-01	nan
9.055999747555668611e-01	-2.083147317171096802e-01	nan
9.223258766275779230e-01	-2.090791761875152588e-01	nan
9.390517784995890960e-01	-2.079250961542129517e-01	nan
9.557776803716001579e-01	-2.082460820674896240e-01	nan
9.725035822436112198e-01	-2.087607681751251221e-01	nan
9.892294841156223928e-01	-2.080655395984649658e-01	nan
1.005955385987633566e+00	-2.080037295818328857e-01	nan
1.022681287859644739e+00	-2.077561914920806885e-01	nan
1.039407189731655690e+00	-2.069041132926940918e-01	nan
1.056133091603666863e+00	-2.068820744752883911e-01	nan
1.072858993475678036e+00	-2.064346969127655029e-01	nan
1.089584895347688986e+00	-2.059840708971023560e-01	nan
1.106310797219700159e+00	-2.050140798091888428e-01	nan
1.123036699091711332e+00	-2.047554552555084229e-01	nan
1.139762600963722505e+00	-2.042538225650787354e-01	nan
1.156488502835733456e+00	-2.032726407051086426e-01	nan
1.173214404707744629e+00	-2.024506628513336182e-01	nan
1.189940306579755802e+00	-2.011802494525909424e-01	nan
1.206666208451766753e+00	-1.994253993034362793e-01	nan
1.223392110323777926e+00	-1.988563686609268188e-01	nan
1.240118012195789099e+00	-1.979832649230957031e-01	nan
1.256843914067800050e+00	-1.969047188758850098e-01	nan
1.273569815939811223e+00	-1.951021403074264526e-01	nan
1.290295717811822396e+00	-1.942098587751388550e-01	nan
1.307021619683833569e+00	-1.933204680681228638e-01	nan
1.323747521555844520e+00	-1.921264976263046265e-01	nan
1.340473423427855693e+00	-1.907799988985061646e-01	nan
1.357199325299866866e+00	-1.902268230915069580e-01	nan
1.373925227171877816e+00	-1.899539083242416382e-01	nan
1.390651129043888989e+00	-1.889013051986694336e-01	nan
1.407377030915900162e+00	-1.878013163805007935e-01	nan
1.424102932787911335e+00	-1.863122135400772095e-01	nan
1.440828834659922286e+00	-1.854176819324493408e-01	nan
1.457554736531933459e+00	-1.842223554849624634e-01	nan
1.474280638403944632e+00	-1.825446337461471558e-01	nan
1.491006540275955805e+00	-1.812160164117813110e-01	nan
1.507732442147966756e+00	-1.793248951435089111e-01	nan
1.524458344019977929e+00	-1.781359165906906128e-01	nan
1.541184245891989102e+00	-1.765831261873245239e-01	nan
1.557910147764000053e+00	-1.750296205282211304e-01	nan
1.574636049636011226e+00	-1.730233430862426758e-01	nan
1.591361951508022399e+00	-1.721614599227905273e-01	nan
1.608087853380033572e+00	-1.702026575803756714e-01	nan
1.624813755252044523e+00	-1.685911715030670166e-01	nan
1.641539657124055696e+00	-1.668476611375808716e-01	nan
1.658265558996066869e+00	-1.650670915842056274e-01	nan
1.674991460868077819e+00	-1.636929214000701904e-01	nan
1.691717362740088992e+00	-1.619785875082015991e-01	nan
1.708443264612100165e+00	-1.601892411708831787e-01	nan
1.725169166484111338e+00	-1.582435071468353271e-01	nan
1.741895068356122289e+00	-1.569547355175018311e-01	nan
1.758620970228133462e+00	-1.551177799701690674e-01	nan
1.775346872100144635e+00	-1.532843858003616333e-01	nan
1.792072773972155586e+00	-1.515418142080307007e-01	nan
1.808798675844166759e+00	-1.494762748479843140e-01	nan
1.825524577716177932e+00	-1.478965878486633301e-01	nan
1.842250479588189105e+00	-1.461655348539352417e-01	nan
1.858976381460200056e+00	-1.443950980901718140e-01	nan
1.875702283332211229e+00	-1.423488408327102661e-01	nan
1.892428185204222402e+00	-1.399716287851333618e-01	nan
1.909154087076233353e+00	-1.380104720592498779e-01	nan
1.925879988948244526e+00	-1.364483386278152466e-01	nan
1.942605890820255699e+00	-1.345932483673095703e-01	nan
1.959331792692266871e+00	-1.325501799583435059e-01	nan
1.976057694564277822e+00	-1.306069791316986084e-01	nan
1.992783596436288995e+00	-1.285190284252166748e-01	nan
2.009509498308300390e+00	-1.265741735696792603e-01	nan
2.026235400180311341e+00	-1.246675848960876465e-01	nan
2.042961302052322292e+00	-1.226228848099708557e-01	nan
2.059687203924333687e+00	-1.205537468194961548e-01	nan
2.076413105796344638e+00	-1.184678748250007629e-01	nan
2.093139007668355589e+00	-1.166768893599510193e-01	nan
2.109864909540366984e+00	-1.152234375476837158e-01	nan
2.126590811412377935e+00	-1.127736270427703857e-01	nan
2.143316713284389330e+00	-1.105547100305557251e-01	nan
2.160042615156400281e+00	-1.084608957171440125e-01	nan
2.176768517028411232e+00	-1.065895855426788330e-01	nan
2.193494418900422627e+00	-1.048453971743583679e-01	nan
2.210220320772433578e+00	-1.028143391013145447e-01	nan
2.226946222644444973e+00	-1.006376966834068298e-01	nan
2.243672124516455924e+00	-9.881852567195892334e-02	nan
2.260398026388466874e+00	-9.694965183734893799e-02	nan
2.277123928260478269e+00	-9.529843181371688843e-02	nan
2.293849830132489220e+00	-9.295720607042312622e-02	nan
2.310575732004500171e+00	-9.101462364196777344e-02	nan
2.327301633876511566e+00	-8.916740864515304565e-02	nan
2.344027535748522517e+00	-8.727347850799560547e-02	nan
2.360753437620533468e+00	-8.553353697061538696e-02	nan
2.377479339492544863e+00	-8.334685117006301880e-02	nan
2.394205241364555814e+00	-8.164300769567489624e-02	nan
2.410931143236567209e+00	-7.978215068578720093e-02	nan
2.427657045108578160e+00	-7.745727896690368652e-02	nan
2.444382946980589111e+00	-7.587671279907226562e-02	nan
2.461108848852600506e+00	-7.400455325841903687e-02	nan
2.477834750724611457e+00	-7.210642099380493164e-02	nan
2.494560652596622408e+00	-6.974740326404571533e-02	nan
2.511286554468633803e+00	-6.805841624736785889e-02	nan
2.528012456340644754e+00	-6.648314744234085083e-02	nan
2.544738358212655704e+00	-6.456596404314041138e-02	nan
2.561464260084667099e+00	-6.252568960189819336e-02	nan
2.578190161956678050e+00	-6.083963066339492798e-02	nan
2.594916063828689001e+00	-5.881584063172340393e-02	nan
2.611641965700700396e+00	-5.702991411089897156e-02	nan
2.628367867572711347e+00	-5.549732968211174011e-02	nan
2.645093769444722742e+00	-5.378841236233711243e-02	nan
2.661819671316733693e+00	-5.220555514097213745e-02	nan
2.678545573188744644e+00	-5.034106597304344177e-02	nan
2.695271475060756039e+00	-4.878448694944381714e-02	nan
2.711997376932766990e+00	-4.696295037865638733e-02	nan
2.728723278804777941e+00	-4.535258933901786804e-02	nan
2.745449180676789336e+00	-4.395028576254844666e-02	nan
2.762175082548800287e+00	-4.229392856359481812e-02	nan
2.778900984420811238e+00	-4.031350463628768921e-02	nan
2.795626886292822633e+00	-3.852255642414093018e-02	nan
2.812352788164833584e+00	-3.701601177453994751e-02	nan
2.829078690036844979e+00	-3.573520854115486145e-02	nan
2.845804591908855929e+00	-3.414218872785568237e-02	nan
2.862530493780866880e+00	-3.233831375837326050e-02	nan
2.879256395652878275e+00	-3.063792549073696136e-02	nan
2.895982297524889226e+00	-2.922246605157852173e-02	nan
2.912708199396900177e+00	-2.776356041431427002e-02	nan
2.929434101268911572e+00	-2.608589082956314087e-02	nan
2.946160003140922523e+00	-2.465810999274253845e-02	nan
2.962885905012933474e+00	-2.315273135900497437e-02	nan
2.979611806884944869e+00	-2.138023823499679565e-02	nan
2.996337708756955820e+00	-2.005745843052864075e-02	nan
3.013063610628966771e+00	-1.845204085111618042e-02	nan
3.029789512500978166e+00	-1.715689338743686676e-02	nan
3.046515414372989117e+00	-1.575221307575702667e-02	nan
3.063241316245000512e+00	-1.431698445230722427e-02	nan
3.079967218117011463e+00	-1.290105376392602921e-02	nan
3.096693119989022414e+00	-1.123929768800735474e-02	nan
3.113419021861033809e+00	-9.811616502702236176e-03	nan
3.130144923733044759e+00	-8.265032432973384857e-03	nan
3.146870825605055710e+00	-6.902122870087623596e-03	nan
3.163596727477067105e+00	-5.421205423772335052e-03	nan
3.180322629349078056e+00	-3.943469841033220291e-03	nan
3.197048531221089007e+00	-2.502885647118091583e-03	nan
3.213774433093100402e+00	-9.669639985077083111e-04	nan
3.230500334965111353e+00	3.772492636926472187e-04	3.249641596035430700e-04
3.247226236837122304e+00	1.810228801332414150e-03	7.147548939606836443e-04
3.263952138709133699e+00	2.987471874803304672e-03	9.103933524367457042e-04
3.280678040581144650e+00	4.490443039685487747e-03	1.107580141726479664e-03
3.297403942453156045e+00	5.767650902271270752e-03	1.248360104503233332e-03
3.314129844325166996e+00	7.091854698956012726e-03	1.378360550965778558e-03
3.330855746197177947e+00	8.476108312606811523e-03	1.501444516175651049e-03
3.347581648069189342e+00	9.803788736462593079e-03	1.609339618084942598e-03
3.364307549941200293e+00	1.149421557784080505e-02	1.737605538474115479e-03
3.381033451813211244e+00	1.295455452054738998e-02	1.839419420213623136e-03
3.397759353685222639e+00	1.449033059179782867e-02	1.940305058103846845e-03
3.414485255557233589e+00	1.591467484831809998e-02	2.027993770197178240e-03
3.431211157429244540e+00	1.759199053049087524e-02	2.126888808656485046e-03
3.447937059301255935e+00	1.926831714808940887e-02	2.220873204426912408e-03
3.464662961173266886e+00	2.101007662713527679e-02	2.313786581995744534e-03
3.481388863045278281e+00	2.269844338297843933e-02	2.399424521694939680e-03
3.498114764917289232e+00	2.461856976151466370e-02	2.493832895875434680e-03
3.514840666789300183e+00	2.662191167473793030e-02	2.587657841869753748e-03
3.531566568661311578e+00	2.845068834722042084e-02	2.669652938368423552e-03
3.548292470533322529e+00	3.067430108785629272e-02	2.766766103728042145e-03
3.565018372405333480e+00	3.289156034588813782e-02	2.859286024150553031e-03
3.581744274277344875e+00	3.525283560156822205e-02	2.955127169144375256e-03
3.598470176149355826e+00	3.797784820199012756e-02	3.062135157169053497e-03
3.615196078021366777e+00	4.027185216546058655e-02	3.147119403906417298e-03
3.631921979893378172e+00	4.322154819965362549e-02	3.255945411672290981e-03
3.648647881765389123e+00	4.622720181941986084e-02	3.361592539834605022e-03
3.665373783637400074e+00	4.946085438132286072e-02	3.471741701473800464e-03
3.682099685509411469e+00	5.281959474086761475e-02	3.582918114477559850e-03
3.698825587381422419e+00	5.609966814517974854e-02	3.687165015277609533e-03
3.715551489253433814e+00	6.001962348818778992e-02	3.809104131581080455e-03
3.732277391125444765e+00	6.389307230710983276e-02	3.925100573915583403e-03
3.749003292997455716e+00	6.824877113103866577e-02	4.052570685041491545e-03
3.765729194869467111e+00	7.248581945896148682e-02	4.172261717751951648e-03
3.782455096741478062e+00	7.687363773584365845e-02	4.292676002900971607e-03
3.799180998613489013e+00	8.184147626161575317e-02	4.424759634546359365e-03
3.815906900485500408e+00	8.664026111364364624e-02	4.548276005404010107e-03
3.832632802357511359e+00	9.170272201299667358e-02	4.674959004398436709e-03
3.849358704229522310e+00	9.683507680892944336e-02	4.799769599799381774e-03
3.866084606101533705e+00	1.020903810858726501e-01	4.923278512131462788e-03
3.882810507973544656e+00	1.075251102447509766e-01	5.048246693123493653e-03
3.899536409845555607e+00	1.123280823230743408e-01	5.154362034237818316e-03
3.916262311717567002e+00	1.171809881925582886e-01	5.258944929738957469e-03
3.932988213589577953e+00	1.218553930521011353e-01	5.356451775739043235e-03
3.949714115461589348e+00	1.264056563377380371e-01	5.449567799450311285e-03
3.966440017333600299e+00	1.301239430904388428e-01	5.522420566926202271e-03
3.983165919205611250e+00	1.331387609243392944e-01	5.576291745134752224e-03
3.999891821077622645e+00	1.359496116638183594e-01	5.625929902985413004e-03
4.016617722949633595e+00	1.375783234834671021e-01	5.648801789941757141e-03
4.033343624821644546e+00	1.383187174797058105e-01	5.652195763822572515e-03
4.050069526693655497e+00	1.382976472377777100e-01	5.639071161606541358e-03
4.066795428565666448e+00	1.371711641550064087e-01	5.602086442620496723e-03
4.083521330437677399e+00	1.353730410337448120e-01	5.550577342162624737e-03
4.100247232309689238e+00	1.325023174285888672e-01	5.475277490826650773e-03
4.116973134181700189e+00	1.291974484920501709e-01	5.441196597434799255e-03
4.133699036053711140e+00	1.253234297037124634e-01	5.386623182795345806e-03
4.150424937925722091e+00	1.212479472160339355e-01	5.306389575156637492e-03
4.167150839797733042e+00	1.164777204394340515e-01	5.195411239929991279e-03
4.183876741669743993e+00	1.116329133510589600e-01	5.085266696139192910e-03
4.200602643541754944e+00	1.068120151758193970e-01	4.973709642096605689e-03
4.217328545413766783e+00	1.019545719027519226e-01	4.857212478513210467e-03
4.234054447285777734e+00	9.736946970224380493e-02	4.743882495331367549e-03
4.250780349157788685e+00	9.301549941301345825e-02	4.632843884375899973e-03
4.267506251029799635e+00	8.901606500148773193e-02	4.528412000765006003e-03
4.284232152901810586e+00	8.537690341472625732e-02	4.428525290269549712e-03
4.300958054773822425e+00	8.186168223619461060e-02	4.326417783034955389e-03
4.317683956645833376e+00	7.880581915378570557e-02	4.235674847849930924e-03
4.334409858517844327e+00	7.609548419713973999e-02	4.156924398104444585e-03
4.351135760389855278e+00	7.378208637237548828e-02	4.089083189873905094e-03
4.367861662261866229e+00	7.146755605936050415e-02	4.023016715749175125e-03
4.384587564133877180e+00	6.960181891918182373e-02	4.011440954368046194e-03
4.401313466005889019e+00	6.812385469675064087e-02	3.995588161921268498e-03
4.418039367877899970e+00	6.680151820182800293e-02	3.976633323875252389e-03
4.434765269749910921e+00	6.525051593780517578e-02	3.945635614905078532e-03
4.451491171621921872e+00	6.409626454114913940e-02	3.923949247297190031e-03
4.468217073493932823e+00	6.338144093751907349e-02	3.914564657948600701e-03
4.484942975365944662e+00	6.248043105006217957e-02	3.897581751766332567e-03
4.501668877237955613e+00	6.170185282826423645e-02	3.884406048810773102e-03
4.518394779109966564e+00	6.113491579890251160e-02	3.903905178451854037e-03
4.535120680981977515e+00	6.053463742136955261e-02	3.919513919097708868e-03
4.551846582853988465e+00	5.987793952226638794e-02	3.927569647973481841e-03
4.568572484725999416e+00	5.960033088922500610e-02	3.958557920336883661e-03
4.585298386598011255e+00	5.901378020644187927e-02	3.987487412131918499e-03
4.602024288470022206e+00	5.828800424933433533e-02	4.000275608549472284e-03
4.618750190342033157e+00	5.793152749538421631e-02	4.013577429177577101e-03
4.635476092214044108e+00	5.757856369018554688e-02	4.021083251248665918e-03
4.652201994086055059e+00	5.697562173008918762e-02	4.018894882371332536e-03
4.668927895958066898e+00	5.672132223844528198e-02	4.027116649566266082e-03
4.685653797830077849e+00	5.689565837383270264e-02	4.049512225013702886e-03
4.702379699702088800e+00	5.574787408113479614e-02	4.021599869642225253e-03
4.719105601574099751e+00	5.528908967971801758e-02	4.079875862647522160e-03
4.735831503446110702e+00	5.517259985208511353e-02	4.146341773569244687e-03
4.752557405318121653e+00	5.479742214083671570e-02	4.170738841664180414e-03
4.769283307190133492e+00	5.428847298026084900e-02	4.178311435102245557e-03
4.786009209062144443e+00	5.387228354811668396e-02	4.190148639789132573e-03
4.802735110934155394e+00	5.352720245718955994e-02	4.200132916149762474e-03
4.819461012806166345e+00	5.303745344281196594e-02	4.202243859055449643e-03
4.836186914678177295e+00	5.254188179969787598e-02	4.202584897968945389e-03
4.852912816550188246e+00	5.244670808315277100e-02	4.218061864461082090e-03
4.869638718422200085e+00	5.184799060225486755e-02	4.205227291038243602e-03
4.886364620294211036e+00	5.142181739211082458e-02	4.195699223494986189e-03
4.903090522166221987e+00	5.111467465758323669e-02	4.193752936764402403e-03
4.919816424038232938e+00	5.045057460665702820e-02	4.181575189659303762e-03
4.936542325910243889e+00	5.021739378571510315e-02	4.187137626764628542e-03
4.953268227782255728e+00	4.976755008101463318e-02	4.183079093055531300e-03
4.969994129654266679e+00	4.936493933200836182e-02	4.180533300493418508e-03
4.986720031526277630e+00	4.900131747126579285e-02	4.178484267920754697e-03
5.003445933398288581e+00	4.861353710293769836e-02	4.230916975121937554e-03
5.020171835270299532e+00	4.819797351956367493e-02	4.304112436267608539e-03
5.036897737142310483e+00	4.771997407078742981e-02	4.349124378692524606e-03
5.053623639014322322e+00	4.732990637421607971e-02	4.389245720712429792e-03
5.070349540886333273e+00	4.699479416012763977e-02	4.427069021352788084e-03
5.087075442758344224e+00	4.660963267087936401e-02	4.459459475292951516e-03
5.103801344630355175e+00	4.631312936544418335e-02	4.494066263555818348e-03
5.120527246502366125e+00	4.587658867239952087e-02	4.519987552640870182e-03
5.137253148374377965e+00	4.555027186870574951e-02	4.548982586710682667e-03
5.153979050246388915e+00	4.528895020484924316e-02	4.575335768701128611e-03
5.170704952118399866e+00	4.494920000433921814e-02	4.595656759429285997e-03
5.187430853990410817e+00	4.428539425134658813e-02	4.597749543268426706e-03
5.204156755862421768e+00	4.401214420795440674e-02	4.619620346510249810e-03
5.220882657734432719e+00	4.379461705684661865e-02	4.644002117585132108e-03
5.237608559606444558e+00	4.332764819264411926e-02	4.658085726071375943e-03
5.254334461478455509e+00	4.294134676456451416e-02	4.680186912042741051e-03
5.271060363350466460e+00	4.252246022224426270e-02	4.700505225855934437e-03
5.287786265222477411e+00	4.229756072163581848e-02	4.732652595235408224e-03
5.304512167094488362e+00	4.189872741699218750e-02	4.752135884209908630e-03
5.321238068966500201e+00	4.164911434054374695e-02	4.775291569510870839e-03
5.337963970838511152e+00	4.126988351345062256e-02	4.786171433312723898e-03
5.354689872710522103e+00	4.076782986521720886e-02	4.789383204973364158e-03
5.371415774582533054e+00	4.054466262459754944e-02	4.809470565151352517e-03
5.388141676454544005e+00	4.043077677488327026e-02	4.839693894641647169e-03
5.404867578326554955e+00	4.020034521818161011e-02	4.869979557231033859e-03
5.421593480198566795e+00	3.970184549689292908e-02	4.884369465944869877e-03
5.438319382070577745e+00	3.945326060056686401e-02	4.914184891460675504e-03
5.455045283942588696e+00	3.921625763177871704e-02	4.945313049430608704e-03
5.471771185814599647e+00	3.855107352137565613e-02	4.948828566802063351e-03
5.488497087686610598e+00	3.843571618199348450e-02	4.988753994726641619e-03
5.505222989558622437e+00	3.825283050537109375e-02	5.024660102373471916e-03
5.521948891430633388e+00	3.794769197702407837e-02	5.052733811658324976e-03
5.538674793302644339e+00	3.732909262180328369e-02	5.060093506226725352e-03
5.555400695174655290e+00	3.722015395760536194e-02	5.102538205487436307e-03
5.572126597046666241e+00	3.690623119473457336e-02	5.131770827424249684e-03
5.588852498918677192e+00	3.668875992298126221e-02	5.168010268034366195e-03
5.605578400790689031e+00	3.647048771381378174e-02	5.207208395165622943e-03
5.622304302662699982e+00	3.632273152470588684e-02	5.248497177669834111e-03
5.639030204534710933e+00	3.599342703819274902e-02	5.267675344357560137e-03
5.655756106406721884e+00	3.573740646243095398e-02	5.288909312786600932e-03
5.672482008278732835e+00	3.535043448209762573e-02	5.300359043843386533e-03
5.689207910150743785e+00	3.511377424001693726e-02	5.322919973744124136e-03
5.705933812022755625e+00	3.478231281042098999e-02	5.341297749987546951e-03
5.722659713894766575e+00	3.465942665934562683e-02	5.383835029849702580e-03
5.739385615766777526e+00	3.455979377031326294e-02	5.435743490555477141e-03
5.756111517638788477e+00	3.420678526163101196e-02	5.468532779565093808e-03
5.772837419510799428e+00	3.399800509214401245e-02	5.514555751926635517e-03
5.789563321382811267e+00	3.377912193536758423e-02	5.561215347364588911e-03
5.806289223254822218e+00	3.366567939519882202e-02	5.617881073193154579e-03
5.823015125126833169e+00	3.328097611665725708e-02	5.655633840515504607e-03
5.839741026998844120e+00	3.296840190887451172e-02	5.696318866150784470e-03
5.856466928870855071e+00	3.275454044342041016e-02	5.748916364762748400e-03
5.873192830742866022e+00	3.245756402611732483e-02	5.796721929434531413e-03
5.889918732614877861e+00	3.229982405900955200e-02	5.858459891166879763e-03
5.906644634486888812e+00	3.228515759110450745e-02	5.936135507911154477e-03
5.923370536358899763e+00	3.213723003864288330e-02	6.004281406982984841e-03
5.940096438230910714e+00	3.188794106245040894e-02	6.064770584334166700e-03
5.956822340102921665e+00	3.161071985960006714e-02	6.125390623034402370e-03
5.973548241974933504e+00	3.160059079527854919e-02	6.215198851879922409e-03
5.990274143846944455e+00	3.110999614000320435e-02	6.260132105009664875e-03
6.007000045718955406e+00	3.130793944001197815e-02	6.384269526327270537e-03
6.023725947590966356e+00	3.100103139877319336e-02	6.451698195967888252e-03
6.040451849462977307e+00	3.073687665164470673e-02	6.527204492107013117e-03
6.057177751334988258e+00	3.076884336769580841e-02	6.642998708764970110e-03
6.073903653207000097e+00	3.034305199980735779e-02	6.720515484914007208e-03
6.090629555079011048e+00	3.028578869998455048e-02	6.827758660990783553e-03
6.107355456951021999e+00	3.000261820852756500e-02	6.922299331792660868e-03
6.124081358823032950e+00	2.996406890451908112e-02	7.053356539262230565e-03
6.140807260695043901e+00	2.995479479432106018e-02	7.194095635162275383e-03
6.157533162567055740e+00	2.988655306398868561e-02	7.336760009888173943e-03
6.174259064439066691e+00	2.970200963318347931e-02	7.473975554695110914e-03
6.190984966311077642e+00	2.935984916985034943e-02	7.599464138311523911e-03
6.207710868183088593e+00	2.938349172472953796e-02	7.782794675132205346e-03
6.224436770055099544e+00	2.940543368458747864e-02	7.980951150889285459e-03
6.241162671927110495e+00	2.979927696287631989e-02	8.243835531627982660e-03
6.257888573799122334e+00	2.955766208469867706e-02	8.435861297813974230e-03
6.274614475671133285e+00	2.942848019301891327e-02	8.663079181659380859e-03
6.291340377543144236e+00	2.948820590972900391e-02	8.938778551058972413e-03
6.308066279415155186e+00	2.920278348028659821e-02	9.233985090411555088e-03
6.324792181287166137e+00	2.876892872154712677e-02	9.601783116488396205e-03
6.341518083159177088e+00	2.849562466144561768e-02	1.004481173218843212e-02
6.358243985031188927e+00	2.853888459503650665e-02	1.075373456751444086e-02
6.374969886903199878e+00	2.825712971389293671e-02	1.123839905422894213e-02
6.391695788775210829e+00	2.851081453263759613e-02	1.169787134738968157e-02
6.408421690647221780e+00	2.845927886664867401e-02	1.203495276795935563e-02
6.425147592519232731e+00	2.790296077728271484e-02	1.216416130257145546e-02
6.441873494391244570e+00	2.787400037050247192e-02	1.241917945342160996e-02
6.458599396263255521e+00	2.808720804750919342e-02	1.274900958561639257e-02
6.475325298135266472e+00	2.858167514204978943e-02	1.316378016585469449e-02
6.492051200007277423e+00	2.807391062378883362e-02	1.336502690709227489e-02
6.508777101879288374e+00	2.780150063335895538e-02	1.364108103663520463e-02
6.525503003751299325e+00	2.811042591929435730e-02	1.411067444464520274e-02
6.542228905623311164e+00	2.784609980881214142e-02	1.446064857398978408e-02
6.558954807495322115e+00	2.721972577273845673e-02	1.469213028261221257e-02
6.575680709367333066e+00	2.829296514391899109e-02	1.545929508397785729e-02
6.592406611239344016e+00	2.802114188671112061e-02	1.591872383699678012e-02
6.609132513111354967e+00	2.813083492219448090e-02	1.653287955382122879e-02
6.625858414983366806e+00	2.713900990784168243e-02	1.687567917201738057e-02
6.642584316855377757e+00	2.753042429685592651e-02	1.773531134149643890e-02
6.659310218727388708e+00	2.734636329114437103e-02	1.850650584121879202e-02
6.676036120599399659e+00	2.805361337959766388e-02	1.970546316800644848e-02
6.692762022471410610e+00	2.755836397409439087e-02	2.065516528475621824e-02
6.709487924343421561e+00	2.707390300929546356e-02	2.180412867844916738e-02
6.726213826215433400e+00	2.761157043278217316e-02	2.364255760929355812e-02
6.742939728087444351e+00	2.821994014084339142e-02	2.599473235601967511e-02
6.759665629959455302e+00	2.840714715421199799e-02	2.887449975403020772e-02
6.776391531831466253e+00	2.805816195905208588e-02	3.250095976262262071e-02
6.793117433703477204e+00	2.712686918675899506e-02	3.785433592696167693e-02
6.809843335575489043e+00	2.625007927417755127e-02	4.802416849427322554e-02
6.826569237447499106e+00	2.610266022384166718e-02	8.183296750031848754e-02
