# Normalized	10000.0 eV	empty Kapton Hexane
# q	I	Poisson error
# nm-1	cm-1	cm-1
1.841697148967067765e-01	-7.327620983123779297e-01	nan
2.043117153216008064e-01	-6.183626055717468262e-01	nan
2.244537157464948640e-01	-5.249208211898803711e-01	nan
2.445957161713888939e-01	-4.522239863872528076e-01	nan
2.647377165962829237e-01	-4.058108329772949219e-01	nan
2.848797170211769814e-01	-3.682774305343627930e-01	nan
3.050217174460709835e-01	-3.457347750663757324e-01	nan
3.251637178709650411e-01	-3.240247666835784912e-01	nan
3.453057182958590987e-01	-3.061235845088958740e-01	nan
3.654477187207531008e-01	-2.934953570365905762e-01	nan
3.855897191456471029e-01	-2.821967601776123047e-01	nan
4.057317195705412161e-01	-2.676400542259216309e-01	nan
4.258737199954352182e-01	-2.588036060333251953e-01	nan
4.460157204203292203e-01	-2.506807148456573486e-01	nan
4.661577208452233334e-01	-2.452193200588226318e-01	nan
4.862997212701173355e-01	-2.385524660348892212e-01	nan
5.064417216950113376e-01	-2.348797023296356201e-01	nan
5.265837221199054508e-01	-2.317961156368255615e-01	nan
5.467257225447994529e-01	-2.304305434226989746e-01	nan
5.668677229696934550e-01	-2.290398031473159790e-01	nan
5.870097233945874571e-01	-2.284012883901596069e-01	nan
6.071517238194815702e-01	-2.272484004497528076e-01	nan
6.272937242443755723e-01	-2.264337390661239624e-01	nan
6.474357246692695744e-01	-2.257069796323776245e-01	nan
6.675777250941636876e-01	-2.263713479042053223e-01	nan
6.877197255190576897e-01	-2.256922125816345215e-01	nan
7.078617259439516918e-01	-2.255414426326751709e-01	nan
7.280037263688456939e-01	-2.254610210657119751e-01	nan
7.481457267937398070e-01	-2.268673926591873169e-01	nan
7.682877272186338091e-01	-2.263316065073013306e-01	nan
7.884297276435278112e-01	-2.258987575769424438e-01	nan
8.085717280684219244e-01	-2.259884923696517944e-01	nan
8.287137284933159265e-01	-2.249192446470260620e-01	nan
8.488557289182099286e-01	-2.250200062990188599e-01	nan
8.689977293431040417e-01	-2.257353365421295166e-01	nan
8.891397297679980438e-01	-2.263072282075881958e-01	nan
9.092817301928920459e-01	-2.249664664268493652e-01	nan
9.294237306177861591e-01	-2.251307219266891479e-01	nan
9.495657310426801612e-01	-2.249246090650558472e-01	nan
9.697077314675741633e-01	-2.234730571508407593e-01	nan
9.898497318924681654e-01	-2.219221293926239014e-01	nan
1.009991732317362390e+00	-2.210493385791778564e-01	nan
1.030133732742256392e+00	-2.204078733921051025e-01	nan
1.050275733167150394e+00	-2.190705090761184692e-01	nan
1.070417733592044396e+00	-2.177425920963287354e-01	nan
1.090559734016938398e+00	-2.172169536352157593e-01	nan
1.110701734441832400e+00	-2.154625058174133301e-01	nan
1.130843734866726624e+00	-2.145395129919052124e-01	nan
1.150985735291620626e+00	-2.131777852773666382e-01	nan
1.171127735716514628e+00	-2.111748158931732178e-01	nan
1.191269736141408631e+00	-2.099134325981140137e-01	nan
1.211411736566302633e+00	-2.088619768619537354e-01	nan
1.231553736991196635e+00	-2.076944261789321899e-01	nan
1.251695737416090637e+00	-2.058674693107604980e-01	nan
1.271837737840984639e+00	-2.033338695764541626e-01	nan
1.291979738265878863e+00	-2.021501213312149048e-01	nan
1.312121738690772865e+00	-2.007338702678680420e-01	nan
1.332263739115666867e+00	-1.994723677635192871e-01	nan
1.352405739540560869e+00	-1.976937800645828247e-01	nan
1.372547739965454872e+00	-1.953566670417785645e-01	nan
1.392689740390348874e+00	-1.943733692169189453e-01	nan
1.412831740815243098e+00	-1.916248500347137451e-01	nan
1.432973741240137100e+00	-1.902089267969131470e-01	nan
1.453115741665031102e+00	-1.878578215837478638e-01	nan
1.473257742089925104e+00	-1.858167946338653564e-01	nan
1.493399742514819106e+00	-1.835391968488693237e-01	nan
1.513541742939713108e+00	-1.817223727703094482e-01	nan
1.533683743364607110e+00	-1.792328953742980957e-01	nan
1.553825743789501335e+00	-1.767051666975021362e-01	nan
1.573967744214395337e+00	-1.757606118917465210e-01	nan
1.594109744639289339e+00	-1.739963144063949585e-01	nan
1.614251745064183341e+00	-1.711143255233764648e-01	nan
1.634393745489077343e+00	-1.692858040332794189e-01	nan
1.654535745913971345e+00	-1.673793941736221313e-01	nan
1.674677746338865569e+00	-1.653017252683639526e-01	nan
1.694819746763759571e+00	-1.628256887197494507e-01	nan
1.714961747188653574e+00	-1.615304797887802124e-01	nan
1.735103747613547576e+00	-1.587101072072982788e-01	nan
1.755245748038441578e+00	-1.563855707645416260e-01	nan
1.775387748463335580e+00	-1.540818959474563599e-01	nan
1.795529748888229582e+00	-1.519480943679809570e-01	nan
1.815671749313123806e+00	-1.497225016355514526e-01	nan
1.835813749738017808e+00	-1.476548761129379272e-01	nan
1.855955750162911810e+00	-1.453315168619155884e-01	nan
1.876097750587805812e+00	-1.422076374292373657e-01	nan
1.896239751012699815e+00	-1.405080109834671021e-01	nan
1.916381751437593817e+00	-1.377823203802108765e-01	nan
1.936523751862488041e+00	-1.355447322130203247e-01	nan
1.956665752287382043e+00	-1.333857029676437378e-01	nan
1.976807752712276045e+00	-1.306620836257934570e-01	nan
1.996949753137170047e+00	-1.283867061138153076e-01	nan
2.017091753562064049e+00	-1.268829554319381714e-01	nan
2.037233753986958273e+00	-1.240150555968284607e-01	nan
2.057375754411852498e+00	-1.217642053961753845e-01	nan
2.077517754836746278e+00	-1.191245242953300476e-01	nan
2.097659755261640502e+00	-1.166003048419952393e-01	nan
2.117801755686534282e+00	-1.144664213061332703e-01	nan
2.137943756111428506e+00	-1.123844012618064880e-01	nan
2.158085756536322286e+00	-1.097789704799652100e-01	nan
2.178227756961216510e+00	-1.075692325830459595e-01	nan
2.198369757386110734e+00	-1.047363504767417908e-01	nan
2.218511757811004514e+00	-1.030799821019172668e-01	nan
2.238653758235898739e+00	-1.007800772786140442e-01	nan
2.258795758660792963e+00	-9.842374920845031738e-02	nan
2.278937759085686743e+00	-9.616828709840774536e-02	nan
2.299079759510580967e+00	-9.401835501194000244e-02	nan
2.319221759935474747e+00	-9.183605760335922241e-02	nan
2.339363760360368971e+00	-8.960230648517608643e-02	nan
2.359505760785262751e+00	-8.661159873008728027e-02	nan
2.379647761210156975e+00	-8.481455594301223755e-02	nan
2.399789761635051200e+00	-8.209205418825149536e-02	nan
2.419931762059944980e+00	-7.945688813924789429e-02	nan
2.440073762484839204e+00	-7.749981433153152466e-02	nan
2.460215762909732984e+00	-7.583184540271759033e-02	nan
2.480357763334627208e+00	-7.314945012331008911e-02	nan
2.500499763759520988e+00	-7.155111432075500488e-02	nan
2.520641764184415212e+00	-6.919641047716140747e-02	nan
2.540783764609309436e+00	-6.701084971427917480e-02	nan
2.560925765034203216e+00	-6.492988020181655884e-02	nan
2.581067765459097441e+00	-6.211190670728683472e-02	nan
2.601209765883991221e+00	-6.045222282409667969e-02	nan
2.621351766308885445e+00	-5.845367908477783203e-02	nan
2.641493766733779669e+00	-5.644433945417404175e-02	nan
2.661635767158673449e+00	-5.426368862390518188e-02	nan
2.681777767583567673e+00	-5.225862562656402588e-02	nan
2.701919768008461453e+00	-4.993729293346405029e-02	nan
2.722061768433355677e+00	-4.804261773824691772e-02	nan
2.742203768858249457e+00	-4.625838622450828552e-02	nan
2.762345769283143682e+00	-4.396504536271095276e-02	nan
2.782487769708037906e+00	-4.204273968935012817e-02	nan
2.802629770132931686e+00	-4.025159776210784912e-02	nan
2.822771770557825910e+00	-3.811895847320556641e-02	nan
2.842913770982719690e+00	-3.639228269457817078e-02	nan
2.863055771407613914e+00	-3.468474373221397400e-02	nan
2.883197771832507694e+00	-3.291676566004753113e-02	nan
2.903339772257401918e+00	-3.076588176190853119e-02	nan
2.923481772682296143e+00	-2.894472144544124603e-02	nan
2.943623773107189923e+00	-2.708852663636207581e-02	nan
2.963765773532084147e+00	-2.529370412230491638e-02	nan
2.983907773956977927e+00	-2.360170520842075348e-02	nan
3.004049774381872151e+00	-2.172535657882690430e-02	nan
3.024191774806766375e+00	-2.015904337167739868e-02	nan
3.044333775231660155e+00	-1.839477568864822388e-02	nan
3.064475775656554379e+00	-1.692273095250129700e-02	nan
3.084617776081448159e+00	-1.490640267729759216e-02	nan
3.104759776506342384e+00	-1.298564951866865158e-02	nan
3.124901776931236164e+00	-1.151229068636894226e-02	nan
3.145043777356130388e+00	-9.956906549632549286e-03	nan
3.165185777781024612e+00	-8.578263223171234131e-03	nan
3.185327778205918392e+00	-6.685857661068439484e-03	nan
3.205469778630812616e+00	-5.135956685990095139e-03	nan
3.225611779055706396e+00	-3.754495643079280853e-03	nan
3.245753779480600620e+00	-2.106598811224102974e-03	nan
3.265895779905494400e+00	-4.284916794858872890e-04	nan
3.286037780330388625e+00	1.116136205382645130e-03	5.941292254504078980e-04
3.306179780755282849e+00	2.840863075107336044e-03	9.460391478224318938e-04
3.326321781180176629e+00	4.407713655382394791e-03	1.175459955003831016e-03
3.346463781605070853e+00	5.995600949972867966e-03	1.367113816799887154e-03
3.366605782029964633e+00	7.653696928173303604e-03	1.540574305587991176e-03
3.386747782454858857e+00	9.231531992554664612e-03	1.687476786321492330e-03
3.406889782879752637e+00	1.099971681833267212e-02	1.837072596386601269e-03
3.427031783304646861e+00	1.270289160311222076e-02	1.968948499908040623e-03
3.447173783729541086e+00	1.483151223510503769e-02	2.121805834776357459e-03
3.467315784154434866e+00	1.672647893428802490e-02	2.247522567048857584e-03
3.487457784579329090e+00	1.899083703756332397e-02	2.389290387023929041e-03
3.507599785004222870e+00	2.144841291010379791e-02	2.533421494886962250e-03
3.527741785429117094e+00	2.338875830173492432e-02	2.638760630351407767e-03
3.547883785854011318e+00	2.606225013732910156e-02	2.779557341709080510e-03
3.568025786278905098e+00	2.874908037483692169e-02	2.912680452033405455e-03
3.588167786703799322e+00	3.121959045529365540e-02	3.028387166745653315e-03
3.608309787128693102e+00	3.463055565953254700e-02	3.183535087509950599e-03
3.628451787553587327e+00	3.805248066782951355e-02	3.330818120443227153e-03
3.648593787978481107e+00	4.147413000464439392e-02	3.470259440638623089e-03
3.668735788403375331e+00	4.526037350296974182e-02	3.619205702828055208e-03
3.688877788828269555e+00	4.921476170420646667e-02	3.766769816092010482e-03
3.709019789253163335e+00	5.358783155679702759e-02	3.924721766302978476e-03
3.729161789678057559e+00	5.831894278526306152e-02	4.087747787243419841e-03
3.749303790102951339e+00	6.309518963098526001e-02	4.295356218014030614e-03
3.769445790527845563e+00	6.815847754478454590e-02	4.493091841249977070e-03
3.789587790952739343e+00	7.390974462032318115e-02	4.701464979817600136e-03
3.809729791377633568e+00	7.980012148618698120e-02	4.903706936316877193e-03
3.829871791802527792e+00	8.585848659276962280e-02	5.102778315265491318e-03
3.850013792227421572e+00	9.224676340818405151e-02	5.303368777994319286e-03
3.870155792652315796e+00	9.808583557605743408e-02	5.480013373465978353e-03
3.890297793077209576e+00	1.040271297097206116e-01	5.653826634112392620e-03
3.910439793502103800e+00	1.104364320635795593e-01	5.835634895365950786e-03
3.930581793926998024e+00	1.163450330495834351e-01	5.937590278660617553e-03
3.950723794351891804e+00	1.213145330548286438e-01	6.013453847887697754e-03
3.970865794776786029e+00	1.258864551782608032e-01	6.090992296483530369e-03
3.991007795201679809e+00	1.299408376216888428e-01	6.160296796550179983e-03
4.011149795626574033e+00	1.322731524705886841e-01	6.189151264599530161e-03
4.031291796051467813e+00	1.338961571455001831e-01	6.202206849014583502e-03
4.051433796476361593e+00	1.338320523500442505e-01	6.175539264508669163e-03
4.071575796901256261e+00	1.324166506528854370e-01	6.117552792122154387e-03
4.091717797326150041e+00	1.294707208871841431e-01	6.023611315760697867e-03
4.111859797751043821e+00	1.258375942707061768e-01	5.912869749802145136e-03
4.132001798175937601e+00	1.214360520243644714e-01	5.782722101434782137e-03
4.152143798600832270e+00	1.155722215771675110e-01	5.615673716417180633e-03
4.172285799025726050e+00	1.097170263528823853e-01	5.446323641049554895e-03
4.192427799450620718e+00	1.037856563925743103e-01	5.272510366315988177e-03
4.212569799875514498e+00	9.778193384408950806e-02	5.094625620136366932e-03
4.232711800300408278e+00	9.199930727481842041e-02	4.918492110814759281e-03
4.252853800725302058e+00	8.663681894540786743e-02	4.752178565489501710e-03
4.272995801150196726e+00	8.167365938425064087e-02	4.594008246199110697e-03
4.293137801575090506e+00	7.705827057361602783e-02	4.442847977150777596e-03
4.313279801999984286e+00	7.327455282211303711e-02	4.315532360725180157e-03
4.333421802424878955e+00	6.991217285394668579e-02	4.198957156292019814e-03
4.353563802849772735e+00	6.675840169191360474e-02	4.087060526271929679e-03
4.373705803274666515e+00	6.406685709953308105e-02	3.989990313567766921e-03
4.393847803699560295e+00	6.201340258121490479e-02	3.911470254565419316e-03
4.413989804124454963e+00	6.033797562122344971e-02	3.845130164473588383e-03
4.434131804549348743e+00	5.869147554039955139e-02	3.780230566692159653e-03
4.454273804974242523e+00	5.714240297675132751e-02	3.718034583526231077e-03
4.474415805399137192e+00	5.610933154821395874e-02	3.673125041391566564e-03
4.494557805824030972e+00	5.508335679769515991e-02	3.628435461246159489e-03
4.514699806248924752e+00	5.439100041985511780e-02	3.595601512101581545e-03
4.534841806673818532e+00	5.371744558215141296e-02	3.563722877501345095e-03
4.554983807098713200e+00	5.307304486632347107e-02	3.533071020999511199e-03
4.575125807523606980e+00	5.242279544472694397e-02	3.501454095952245479e-03
4.595267807948500760e+00	5.200528353452682495e-02	3.478427954676511537e-03
4.615409808373395428e+00	5.130140855908393860e-02	3.445436540174865846e-03
4.635551808798289208e+00	5.084305256605148315e-02	3.421214788070248061e-03
4.655693809223182988e+00	5.043655261397361755e-02	3.398361896673971969e-03
4.675835809648076768e+00	5.005542561411857605e-02	3.376901467865908637e-03
4.695977810072971437e+00	4.938773810863494873e-02	3.345466178651030666e-03
4.716119810497865217e+00	4.926121979951858521e-02	3.333067973302099828e-03
4.736261810922758997e+00	4.882122203707695007e-02	3.309482597327237027e-03
4.756403811347653665e+00	4.831784218549728394e-02	3.284158947287172878e-03
4.776545811772547445e+00	4.777777194976806641e-02	3.257885819620751772e-03
4.796687812197441225e+00	4.754748195409774780e-02	3.241438368154609794e-03
4.816829812622335005e+00	4.708441719412803650e-02	3.217497011273738605e-03
4.836971813047229674e+00	4.670073837041854858e-02	3.196310865720211180e-03
4.857113813472123454e+00	4.629179462790489197e-02	3.174345737148449777e-03
4.877255813897017234e+00	4.567179456353187561e-02	3.144923423170298705e-03
4.897397814321911902e+00	4.538421705365180969e-02	3.127470208932807069e-03
4.917539814746805682e+00	4.508494585752487183e-02	3.109688175546708889e-03
4.937681815171699462e+00	4.453062266111373901e-02	3.082681388992092753e-03
4.957823815596594130e+00	4.411372542381286621e-02	3.090515760249051922e-03
4.977965816021487910e+00	4.374503344297409058e-02	3.096498141888348338e-03
4.998107816446381690e+00	4.318828880786895752e-02	3.084098770768581299e-03
5.018249816871275470e+00	4.301368817687034607e-02	3.078160061604692625e-03
5.038391817296170139e+00	4.250331223011016846e-02	3.062609682551164884e-03
5.058533817721063919e+00	4.219688475131988525e-02	3.054881807880395136e-03
5.078675818145957699e+00	4.200064390897750854e-02	3.050361475176165908e-03
5.098817818570852367e+00	4.160999134182929993e-02	3.037792328831379323e-03
5.118959818995746147e+00	4.094256833195686340e-02	3.013841142726850046e-03
5.139101819420639927e+00	4.052907973527908325e-02	2.999147753655836707e-03
5.159243819845533707e+00	4.025768861174583435e-02	2.987730433179769905e-03
5.179385820270428376e+00	4.000515490770339966e-02	2.974341717187896014e-03
5.199527820695322156e+00	3.952188789844512939e-02	2.952069585181611375e-03
5.219669821120215936e+00	3.915947675704956055e-02	2.936862947126325438e-03
5.239811821545110604e+00	3.886261209845542908e-02	2.924561383163157453e-03
5.259953821970004384e+00	3.835808113217353821e-02	2.906100480024713124e-03
5.280095822394898164e+00	3.817290067672729492e-02	2.931273499124600456e-03
5.300237822819791944e+00	3.772562742233276367e-02	2.935016706463156131e-03
5.320379823244686612e+00	3.738201409578323364e-02	2.937478290500993797e-03
5.340521823669580392e+00	3.710919991135597229e-02	2.939603845409673958e-03
5.360663824094474172e+00	3.681332245469093323e-02	2.938787753297945286e-03
5.380805824519368841e+00	3.645075112581253052e-02	2.934060367909931740e-03
5.400947824944262621e+00	3.609294444322586060e-02	2.928397101537638225e-03
5.421089825369156401e+00	3.582860901951789856e-02	2.926633269074964232e-03
5.441231825794050181e+00	3.557980805635452271e-02	2.945233877048069378e-03
5.461373826218944849e+00	3.520562127232551575e-02	2.956390043221561893e-03
5.481515826643838629e+00	3.489595651626586914e-02	2.966056848970319727e-03
5.501657827068732409e+00	3.454050421714782715e-02	2.981259970775734531e-03
5.521799827493627078e+00	3.443086892366409302e-02	3.014000228082246852e-03
5.541941827918520858e+00	3.402720391750335693e-02	3.025065115518680951e-03
5.562083828343414638e+00	3.392420709133148193e-02	3.040271742726420937e-03
5.582225828768308418e+00	3.351320698857307434e-02	3.036693002021140231e-03
5.602367829193203086e+00	3.307806700468063354e-02	3.031382083362242456e-03
5.622509829618096866e+00	3.292281925678253174e-02	3.037422461555473654e-03
5.642651830042990646e+00	3.284049779176712036e-02	3.045651589651322908e-03
5.662793830467885314e+00	3.239816427230834961e-02	3.035690440148329852e-03
5.682935830892779094e+00	3.220225498080253601e-02	3.083846137959676999e-03
5.703077831317672874e+00	3.177925944328308105e-02	3.116796319713585704e-03
5.723219831742566654e+00	3.170971572399139404e-02	3.142981219071468851e-03
5.743361832167461323e+00	3.155678510665893555e-02	3.156293638292368298e-03
5.763503832592355103e+00	3.121070750057697296e-02	3.160136908955092205e-03
5.783645833017248883e+00	3.089625388383865356e-02	3.161916971011378367e-03
5.803787833442143551e+00	3.073166497051715851e-02	3.170039144121750922e-03
5.823929833867037331e+00	3.063300810754299164e-02	3.180616363801788433e-03
5.844071834291931111e+00	3.026586025953292847e-02	3.175764202666400780e-03
5.864213834716825779e+00	3.010953404009342194e-02	3.176583463591264953e-03
5.884355835141719560e+00	2.970592305064201355e-02	3.161051869791069256e-03
5.904497835566613340e+00	2.951321564614772797e-02	3.158901499954239883e-03
5.924639835991507120e+00	2.951949834823608398e-02	3.171526058371809155e-03
5.944781836416401788e+00	2.930369041860103607e-02	3.171510821194061750e-03
5.964923836841295568e+00	2.906395122408866882e-02	3.169923133231709791e-03
5.985065837266189348e+00	2.892901189625263214e-02	3.173826798754613484e-03
6.005207837691084016e+00	2.874225191771984100e-02	3.173941173437442361e-03
6.025349838115977796e+00	2.852776646614074707e-02	3.215054404388116918e-03
6.045491838540871576e+00	2.853078767657279968e-02	3.285921102892126484e-03
6.065633838965765356e+00	2.815698646008968353e-02	3.315341865205322612e-03
6.085775839390660025e+00	2.811014465987682343e-02	3.357576225158291888e-03
6.105917839815553805e+00	2.799340710043907166e-02	3.391999743976757079e-03
6.126059840240447585e+00	2.765649184584617615e-02	3.410440374825886734e-03
6.146201840665342253e+00	2.760765329003334045e-02	3.445361303520448875e-03
6.166343841090236033e+00	2.751584537327289581e-02	3.476482198317453528e-03
6.186485841515129813e+00	2.742967940866947174e-02	3.506262239836071149e-03
6.206627841940023593e+00	2.727120183408260345e-02	3.526774481258363337e-03
6.226769842364918262e+00	2.716022171080112457e-02	3.548965240671147353e-03
6.246911842789812042e+00	2.714691497385501862e-02	3.577088963871998244e-03
6.267053843214705822e+00	2.714269049465656281e-02	3.605426896657473648e-03
6.287195843639600490e+00	2.685413323342800140e-02	3.614106952202393499e-03
6.307337844064494270e+00	2.698223292827606201e-02	3.654088890147390040e-03
6.327479844489388050e+00	2.664652653038501740e-02	3.665062787975836671e-03
6.347621844914281830e+00	2.676639519631862640e-02	3.708181533245917972e-03
6.367763845339176498e+00	2.668627165257930756e-02	3.738185159452046390e-03
6.387905845764070278e+00	2.658722922205924988e-02	3.764878957526103694e-03
6.408047846188964058e+00	2.657768502831459045e-02	3.794282926944479457e-03
6.428189846613858727e+00	2.643998712301254272e-02	3.810822900683163636e-03
6.448331847038752507e+00	2.657174132764339447e-02	3.847196248896240199e-03
6.468473847463646287e+00	2.635803259909152985e-02	3.858437724863794573e-03
6.488615847888540067e+00	2.655273675918579102e-02	3.903015751469814457e-03
6.508757848313434735e+00	2.649501152336597443e-02	3.934748035818570397e-03
6.528899848738328515e+00	2.619853988289833069e-02	3.949126202588688732e-03
6.549041849163222295e+00	2.620193548500537872e-02	3.986438844187005157e-03
6.569183849588116964e+00	2.604991011321544647e-02	4.012337898617894874e-03
6.589325850013010744e+00	2.622172422707080841e-02	4.064155203956892025e-03
6.609467850437904524e+00	2.608123235404491425e-02	4.092189418809386893e-03
6.629609850862798304e+00	2.642278186976909637e-02	4.159272763555274879e-03
6.649751851287692972e+00	2.633589133620262146e-02	4.192776640074438385e-03
6.669893851712586752e+00	2.609837986528873444e-02	4.214945079136779918e-03
6.690035852137480532e+00	2.627872116863727570e-02	4.271717004526315482e-03
6.710177852562375200e+00	2.637425810098648071e-02	4.322903604746457240e-03
6.730319852987268980e+00	2.625595964491367340e-02	4.356759371963559759e-03
6.750461853412162760e+00	2.634086273610591888e-02	4.410557080987232391e-03
6.770603853837057429e+00	2.636131830513477325e-02	4.456636765645762867e-03
6.790745854261951209e+00	2.645340561866760254e-02	4.501803795025592636e-03
6.810887854686844989e+00	2.653714828193187714e-02	4.543802285025360516e-03
6.831029855111738769e+00	2.641530521214008331e-02	4.568371210053866552e-03
6.851171855536633437e+00	2.641606703400611877e-02	4.603699915344046378e-03
6.871313855961527217e+00	2.654488757252693176e-02	4.653527587949377736e-03
6.891455856386420997e+00	2.667166478931903839e-02	4.710541743340849324e-03
6.911597856811315665e+00	2.661729790270328522e-02	4.758136903566159009e-03
6.931739857236209446e+00	2.663082256913185120e-02	4.813272053966088926e-03
6.951881857661103226e+00	2.680951170623302460e-02	4.885595027902551318e-03
6.972023858085997006e+00	2.733750641345977783e-02	4.992405878225135950e-03
6.992165858510891674e+00	2.707184478640556335e-02	5.027073547297519762e-03
7.012307858935785454e+00	2.698640152812004089e-02	5.082473294328978403e-03
7.032449859360679234e+00	2.699932456016540527e-02	5.145002397860593511e-03
7.052591859785573902e+00	2.703052386641502380e-02	5.212869708068550156e-03
7.072733860210467682e+00	2.736078761518001556e-02	5.313299858786400126e-03
7.092875860635361462e+00	2.733302861452102661e-02	5.380532812038883554e-03
7.113017861060255242e+00	2.731598354876041412e-02	5.451521722368313574e-03
7.133159861485149911e+00	2.770713716745376587e-02	5.567034132591124063e-03
7.153301861910043691e+00	2.768264152109622955e-02	5.642957753471305841e-03
7.173443862334937471e+00	2.794593945145606995e-02	5.752267685502623559e-03
7.193585862759832139e+00	2.823032252490520477e-02	5.867665771811932281e-03
7.213727863184725919e+00	2.832164429128170013e-02	5.966987286857431023e-03
7.233869863609619699e+00	2.855412103235721588e-02	6.091041713584586549e-03
7.254011864034513479e+00	2.837844006717205048e-02	6.166965550240186694e-03
7.274153864459408148e+00	2.877430617809295654e-02	6.310406288980097839e-03
7.294295864884301928e+00	2.920005843043327332e-02	6.466942281862769065e-03
7.314437865309195708e+00	2.905603870749473572e-02	6.572339689717132324e-03
7.334579865734090376e+00	2.940402925014495850e-02	6.724038855894928605e-03
7.354721866158984156e+00	2.939129807054996490e-02	6.848185038975973180e-03
7.374863866583877936e+00	2.978908270597457886e-02	7.030057402941327152e-03
7.395005867008771716e+00	3.024523518979549408e-02	7.226816488672165723e-03
7.415147867433666384e+00	3.020707331597805023e-02	7.373965293853082179e-03
7.435289867858560164e+00	3.063993342220783234e-02	7.589846740277116435e-03
7.455431868283453944e+00	3.080199472606182098e-02	7.783335149936580245e-03
7.475573868708348613e+00	3.117076866328716278e-02	8.015917882326658792e-03
7.495715869133242393e+00	3.150665387511253357e-02	8.261509017789124554e-03
7.515857869558136173e+00	3.191350027918815613e-02	8.531590351023793720e-03
7.535999869983030841e+00	3.250446543097496033e-02	8.847833428694188915e-03
7.556141870407924621e+00	3.267972171306610107e-02	9.130958592849690997e-03
7.576283870832818401e+00	3.308628872036933899e-02	9.470766939839206713e-03
7.596425871257712181e+00	3.369791060686111450e-02	9.922817610687797649e-03
7.616567871682606850e+00	3.387909382581710815e-02	1.042417188126925839e-02
7.636709872107500630e+00	3.402309492230415344e-02	1.098096864453603806e-02
7.656851872532394410e+00	3.474848344922065735e-02	1.187213483794473737e-02
7.676993872957289078e+00	3.526204079389572144e-02	1.256150981866245575e-02
7.697135873382182858e+00	3.529498353600502014e-02	1.302227708156122703e-02
7.717277873807076638e+00	3.570064529776573181e-02	1.348687270940066539e-02
7.737419874231970418e+00	3.608492761850357056e-02	1.384201247193872497e-02
7.757561874656865086e+00	3.784264996647834778e-02	1.448200721319441164e-02
7.777703875081758866e+00	3.699579834938049316e-02	1.464174761779132514e-02
7.797845875506652646e+00	3.786756098270416260e-02	1.516244023416333901e-02
7.817987875931547315e+00	3.788879886269569397e-02	1.553775171150084504e-02
7.838129876356441095e+00	3.815252706408500671e-02	1.599204966515202150e-02
7.858271876781334875e+00	3.897419944405555725e-02	1.662788001981152161e-02
7.878413877206228655e+00	3.928973153233528137e-02	1.719061134900604429e-02
7.898555877631123323e+00	3.899993002414703369e-02	1.760056974971055399e-02
7.918697878056017103e+00	3.932517766952514648e-02	1.823880152467879587e-02
7.938839878480910883e+00	3.952612727880477905e-02	1.892008805761749915e-02
7.958981878905805551e+00	4.055185243487358093e-02	1.986521323943460718e-02
7.979123879330699332e+00	3.984135389328002930e-02	2.046274151539804673e-02
7.999265879755593112e+00	3.940190374851226807e-02	2.123171303824937864e-02
8.019407880180486003e+00	4.014538228511810303e-02	2.243868585936594634e-02
8.039549880605381560e+00	3.952188044786453247e-02	2.340268910634199853e-02
8.059691881030275340e+00	3.924129158258438110e-02	2.466157129145476329e-02
8.079833881455169120e+00	3.909594938158988953e-02	2.621639345974130855e-02
8.099975881880062900e+00	3.802906721830368042e-02	2.775864856807654796e-02
8.120117882304956680e+00	3.827319294214248657e-02	3.028451328573281143e-02
8.140259882729850460e+00	3.962634503841400146e-02	3.411628762602025161e-02
8.160401883154744240e+00	3.899665176868438721e-02	3.832884480420813145e-02
8.180543883579639797e+00	3.918762505054473877e-02	4.551248418121002504e-02
8.200685884004533577e+00	3.803828731179237366e-02	5.782458803191650731e-02
8.220827884429427357e+00	3.744227066636085510e-02	9.802331614873184551e-02
