# Normalized	8004.0 eV	empty Kapton Hexane
# q	I	Poisson error
# nm-1	cm-1	cm-1
1.474094827239109673e-01	1.177116751670837402e+00	2.729560014345239205e-01
1.635311436027687693e-01	9.780324697494506836e-01	1.376481267958313270e-01
1.796528044816265435e-01	8.084470033645629883e-01	9.707385067592248784e-02
1.957744653604843177e-01	6.854946613311767578e-01	7.590694864980261636e-02
2.118961262393421197e-01	5.871956348419189453e-01	6.093803012971141242e-02
2.280177871181999216e-01	5.200251340866088867e-01	5.058620619369520732e-02
2.441394479970576958e-01	4.702702760696411133e-01	4.327753523755266396e-02
2.602611088759154701e-01	4.288236498832702637e-01	4.113694329234009184e-02
2.763827697547732720e-01	3.986708819866180420e-01	3.910028803329721608e-02
2.925044306336310740e-01	3.749218881130218506e-01	3.739138509256981213e-02
3.086260915124888760e-01	3.562287092208862305e-01	3.614534676168518201e-02
3.247477523913466224e-01	3.412568867206573486e-01	3.431794472666647305e-02
3.408694132702044244e-01	3.280128836631774902e-01	3.176122473489401132e-02
3.569910741490622264e-01	3.191559016704559326e-01	3.017594496261682274e-02
3.731127350279199728e-01	3.102108538150787354e-01	2.883277114132855312e-02
3.892343959067777748e-01	3.030342161655426025e-01	2.762811369997756131e-02
4.053560567856355767e-01	2.974568307399749756e-01	2.663951933042119080e-02
4.214777176644933787e-01	2.915980219841003418e-01	2.579837724627675327e-02
4.375993785433511807e-01	2.850723266601562500e-01	2.497110837884728221e-02
4.537210394222089271e-01	2.803307175636291504e-01	2.428439801273223411e-02
4.698427003010667291e-01	2.746065855026245117e-01	2.359305418443382110e-02
4.859643611799245311e-01	2.695945501327514648e-01	2.289612250364215368e-02
5.020860220587822775e-01	2.648540139198303223e-01	2.224606287828089987e-02
5.182076829376400795e-01	2.597993910312652588e-01	2.167113888436291921e-02
5.343293438164978815e-01	2.540394663810729980e-01	2.108575530224456387e-02
5.504510046953556834e-01	2.480522394180297852e-01	2.100757191848363556e-02
5.665726655742134854e-01	2.433563768863677979e-01	2.096670132585662372e-02
5.826943264530712874e-01	2.368005812168121338e-01	2.066854556621384661e-02
5.988159873319289783e-01	2.319317907094955444e-01	2.038567448792392295e-02
6.149376482107868913e-01	2.267964184284210205e-01	1.999233374794813153e-02
6.310593090896445823e-01	2.212136834859848022e-01	1.954474818431743699e-02
6.471809699685023842e-01	2.159983515739440918e-01	1.918744754014043222e-02
6.633026308473601862e-01	2.115964889526367188e-01	1.887944063450250690e-02
6.794242917262179882e-01	2.061430066823959351e-01	1.852049120995752363e-02
6.955459526050757901e-01	2.005639225244522095e-01	1.782530482437903394e-02
7.116676134839335921e-01	1.963023990392684937e-01	1.708283002711022402e-02
7.277892743627913941e-01	1.917246431112289429e-01	1.654207717914394499e-02
7.439109352416490850e-01	1.867319196462631226e-01	1.606479409310056575e-02
7.600325961205068870e-01	1.824860125780105591e-01	1.570211897389713410e-02
7.761542569993646890e-01	1.779180914163589478e-01	1.529845181820876227e-02
7.922759178782224909e-01	1.733733564615249634e-01	1.489429933792434969e-02
8.083975787570802929e-01	1.696015000343322754e-01	1.453935186874819041e-02
8.245192396359380949e-01	1.654864996671676636e-01	1.418295794648220982e-02
8.406409005147958968e-01	1.618996560573577881e-01	1.386040415469985514e-02
8.567625613936535878e-01	1.579561233520507812e-01	1.352834422534674938e-02
8.728842222725113897e-01	1.548410654067993164e-01	1.324497545663960718e-02
8.890058831513691917e-01	1.515856087207794189e-01	1.295899063190042791e-02
9.051275440302269937e-01	1.476062685251235962e-01	1.264950216354345826e-02
9.212492049090847956e-01	1.449997127056121826e-01	1.241039693580408936e-02
9.373708657879425976e-01	1.423307955265045166e-01	1.217119884280100026e-02
9.534925266668003996e-01	1.393166929483413696e-01	1.192238613253197854e-02
9.696141875456582016e-01	1.366749852895736694e-01	1.169371367286693199e-02
9.857358484245160035e-01	1.338281184434890747e-01	1.145663750669730779e-02
1.001857509303373694e+00	1.314951479434967041e-01	1.125605011283731770e-02
1.017979170182231385e+00	1.294067353010177612e-01	1.106634502331361319e-02
1.034100831061089298e+00	1.273543089628219604e-01	1.087979449307696633e-02
1.050222491939947211e+00	1.251771003007888794e-01	1.069522980122415180e-02
1.066344152818804902e+00	1.230252534151077271e-01	1.051228889005649189e-02
1.082465813697662593e+00	1.213113218545913696e-01	1.035217202606305079e-02
1.098587474576520506e+00	1.194400265812873840e-01	1.018805007070129262e-02
1.114709135455378197e+00	1.173394322395324707e-01	1.001701687127494987e-02
1.130830796334235888e+00	1.156818717718124390e-01	9.874238932241185748e-03
1.146952457213093801e+00	1.140101999044418335e-01	9.738336839327866104e-03
1.163074118091951714e+00	1.122842803597450256e-01	9.772464960082234003e-03
1.179195778970809405e+00	1.108951196074485779e-01	9.767823893740514019e-03
1.195317439849667096e+00	1.095405295491218567e-01	9.693591518939391125e-03
1.211439100728525009e+00	1.080451905727386475e-01	9.615862990378443512e-03
1.227560761607382700e+00	1.065334975719451904e-01	9.539388901790259861e-03
1.243682422486240613e+00	1.054276600480079651e-01	9.477264028287409742e-03
1.259804083365098304e+00	1.040379926562309265e-01	9.398365012758109344e-03
1.275925744243956217e+00	1.029795780777931213e-01	9.333847739125569060e-03
1.292047405122813908e+00	1.016036123037338257e-01	9.252345854570988987e-03
1.308169066001671821e+00	1.004441455006599426e-01	9.022178005799864550e-03
1.324290726880529512e+00	9.975948184728622437e-02	8.828386114886401306e-03
1.340412387759387203e+00	9.864114969968795776e-02	8.701116373487355685e-03
1.356534048638245116e+00	9.771097451448440552e-02	8.604177851237140850e-03
1.372655709517102807e+00	9.683381766080856323e-02	8.517889277914594826e-03
1.388777370395960720e+00	9.600730985403060913e-02	8.437079282472500358e-03
1.404899031274818411e+00	9.497626125812530518e-02	8.351231324642096818e-03
1.421020692153676324e+00	9.424602985382080078e-02	8.279050913116838689e-03
1.437142353032534015e+00	9.337399899959564209e-02	8.201144916438181040e-03
1.453264013911391705e+00	9.224008023738861084e-02	8.112891511014420562e-03
1.469385674790249618e+00	9.160505235195159912e-02	8.050728356934150690e-03
1.485507335669107309e+00	9.095677733421325684e-02	7.987226890713759742e-03
1.501628996547965222e+00	9.034666419029235840e-02	7.925618798274502649e-03
1.517750657426822913e+00	8.928342163562774658e-02	7.845502010403159962e-03
1.533872318305680826e+00	8.875130861997604370e-02	7.788929449498314429e-03
1.549993979184538517e+00	8.800092339515686035e-02	7.713417130537932216e-03
1.566115640063396208e+00	8.745662122964859009e-02	7.639327595037874452e-03
1.582237300942254121e+00	8.673316985368728638e-02	7.540376450523681405e-03
1.598358961821111812e+00	8.609022945165634155e-02	7.438056535502839302e-03
1.614480622699969725e+00	8.567346632480621338e-02	7.350799716930847029e-03
1.630602283578827416e+00	8.527801930904388428e-02	7.273317564968797069e-03
1.646723944457685329e+00	8.464395999908447266e-02	7.186998340243317893e-03
1.662845605336543020e+00	8.405902236700057983e-02	7.106771707205557578e-03
1.678967266215400933e+00	8.378754556179046631e-02	7.036615549809496946e-03
1.695088927094258624e+00	8.331577479839324951e-02	6.960572141582283164e-03
1.711210587973116315e+00	8.260530978441238403e-02	6.877610834857033478e-03
1.727332248851974228e+00	8.230164647102355957e-02	6.817603343250818598e-03
1.743453909730831919e+00	8.182667195796966553e-02	6.758474317812813818e-03
1.759575570609689832e+00	8.148057758808135986e-02	6.710029645296860384e-03
1.775697231488547523e+00	8.120396733283996582e-02	6.665772265300127716e-03
1.791818892367405436e+00	8.072681725025177002e-02	6.614760170529949447e-03
1.807940553246263127e+00	8.037558943033218384e-02	6.566642477559963935e-03
1.824062214125121040e+00	7.986330240964889526e-02	6.513286758539141297e-03
1.840183875003978731e+00	7.959530502557754517e-02	6.471787357614694480e-03
1.856305535882836422e+00	7.952368259429931641e-02	6.440429239639094278e-03
1.872427196761694335e+00	7.932948321104049683e-02	6.402843739674136253e-03
1.888548857640552026e+00	7.887701690196990967e-02	6.354227303185720939e-03
1.904670518519409939e+00	7.857938110828399658e-02	6.313220836821365270e-03
1.920792179398267630e+00	7.820972800254821777e-02	6.270349549687118454e-03
1.936913840277125542e+00	7.791900634765625000e-02	6.230837506135132424e-03
1.953035501155983233e+00	7.771749049425125122e-02	6.196496048829483981e-03
1.969157162034840924e+00	7.755541056394577026e-02	6.163364136639010171e-03
1.985278822913698837e+00	7.732493430376052856e-02	6.128988234106838226e-03
2.001400483792556528e+00	7.704685628414154053e-02	6.091230324633117692e-03
2.017522144671414441e+00	7.685528695583343506e-02	6.059448531427292194e-03
2.033643805550272354e+00	7.677438110113143921e-02	6.030923986651488475e-03
2.049765466429129823e+00	7.666566222906112671e-02	6.002890919617697406e-03
2.065887127307987736e+00	7.629391551017761230e-02	5.962946814417480722e-03
2.082008788186845649e+00	7.618221640586853027e-02	5.935629513984825613e-03
2.098130449065703118e+00	7.609593123197555542e-02	5.909419511905813702e-03
2.114252109944561031e+00	7.574004679918289185e-02	5.872002887582898102e-03
2.130373770823418944e+00	7.577760517597198486e-02	5.850899497438431275e-03
2.146495431702276413e+00	7.574123144149780273e-02	5.826302844309670138e-03
2.162617092581134770e+00	7.562357187271118164e-02	5.800479032961864886e-03
2.178738753459992239e+00	7.538684457540512085e-02	5.768731884144702796e-03
2.194860414338849708e+00	7.543862611055374146e-02	5.750254380662854319e-03
2.210982075217708065e+00	7.524085789918899536e-02	5.720784863981686133e-03
2.227103736096565534e+00	7.511941343545913696e-02	5.695581433136458031e-03
2.243225396975423003e+00	7.505548000335693359e-02	5.672702978471650011e-03
2.259347057854281360e+00	7.505792379379272461e-02	5.652337852953524117e-03
2.275468718733138829e+00	7.502356916666030884e-02	5.631212762186281126e-03
2.291590379611997186e+00	7.484713196754455566e-02	5.604517912843874974e-03
2.307712040490854655e+00	7.509206980466842651e-02	5.588697338707570780e-03
2.323833701369712124e+00	7.486842572689056396e-02	5.556025519997933627e-03
2.339955362248570481e+00	7.461123913526535034e-02	5.526361421250604311e-03
2.356077023127427950e+00	7.483729720115661621e-02	5.516785380278403129e-03
2.372198684006285418e+00	7.481430470943450928e-02	5.497490385991437439e-03
2.388320344885143776e+00	7.471728324890136719e-02	5.513561805062653851e-03
2.404442005764001244e+00	7.470171898603439331e-02	5.557939508010600188e-03
2.420563666642858713e+00	7.468477636575698853e-02	5.574361214639118010e-03
2.436685327521717070e+00	7.488923519849777222e-02	5.595171813771133290e-03
2.452806988400574539e+00	7.492986321449279785e-02	5.605867558054936084e-03
2.468928649279432896e+00	7.484185695648193359e-02	5.609012625717363365e-03
2.485050310158290365e+00	7.494745403528213501e-02	5.616386638402994652e-03
2.501171971037147834e+00	7.497332245111465454e-02	5.620543873094770507e-03
2.517293631916006191e+00	7.496096938848495483e-02	5.620801517289621650e-03
2.533415292794863660e+00	7.502938061952590942e-02	5.592106085072232578e-03
2.549536953673721129e+00	7.533103972673416138e-02	5.531688849374548009e-03
2.565658614552579486e+00	7.516662776470184326e-02	5.486289733647349565e-03
2.581780275431436955e+00	7.521799206733703613e-02	5.453639229999544293e-03
2.597901936310294424e+00	7.527708262205123901e-02	5.426737350476175913e-03
2.614023597189152781e+00	7.541348785161972046e-02	5.405816223401664275e-03
2.630145258068010250e+00	7.566288113594055176e-02	5.390760500354058182e-03
2.646266918946867719e+00	7.564368098974227905e-02	5.366114689139030516e-03
2.662388579825726076e+00	7.578136026859283447e-02	5.349796416974845689e-03
2.678510240704583545e+00	7.585768401622772217e-02	5.331128432497541335e-03
2.694631901583441902e+00	7.593178004026412964e-02	5.313910689688798074e-03
2.710753562462299371e+00	7.614518702030181885e-02	5.303044225532444964e-03
2.726875223341156840e+00	7.635193318128585815e-02	5.291535799848021138e-03
2.742996884220015197e+00	7.636711001396179199e-02	5.273579592485275712e-03
2.759118545098872666e+00	7.638721168041229248e-02	5.254732408019366363e-03
2.775240205977730135e+00	7.665915042161941528e-02	5.247180122869117384e-03
2.791361866856588492e+00	7.673116773366928101e-02	5.232572726039338463e-03
2.807483527735445961e+00	7.719280570745468140e-02	5.232616451089965558e-03
2.823605188614303430e+00	7.726746052503585815e-02	5.218338507723659439e-03
2.839726849493161787e+00	7.744221389293670654e-02	5.208362285813705403e-03
2.855848510372019255e+00	7.758482545614242554e-02	5.196777399685004357e-03
2.871970171250876724e+00	7.774871587753295898e-02	5.186751132694847159e-03
2.888091832129735081e+00	7.792479544878005981e-02	5.177304591523356966e-03
2.904213493008592550e+00	7.816349714994430542e-02	5.170405146708308142e-03
2.920335153887450907e+00	7.851835340261459351e-02	5.167260738928263972e-03
2.936456814766308376e+00	7.860626280307769775e-02	5.155826436996335457e-03
2.952578475645165845e+00	7.884530723094940186e-02	5.148595251201725821e-03
2.968700136524024202e+00	7.915017753839492798e-02	5.145339480540979046e-03
2.984821797402881671e+00	7.927497476339340210e-02	5.134746397810315000e-03
3.000943458281739140e+00	7.960527390241622925e-02	5.188232923136110175e-03
3.017065119160597497e+00	7.978495210409164429e-02	5.218407290470686993e-03
3.033186780039454966e+00	7.974976301193237305e-02	5.232618753047399256e-03
3.049308440918312435e+00	7.995982468128204346e-02	5.250810853488488937e-03
3.065430101797170792e+00	8.008805662393569946e-02	5.263379285324120554e-03
3.081551762676028261e+00	8.030441403388977051e-02	5.276440501177865131e-03
3.097673423554886618e+00	8.086173981428146362e-02	5.299873484614891703e-03
3.113795084433744087e+00	8.088140934705734253e-02	5.302643178915911713e-03
3.129916745312601556e+00	8.111721277236938477e-02	5.312605277103510902e-03
3.146038406191459913e+00	8.136066049337387085e-02	5.271225390081660592e-03
3.162160067070317382e+00	8.155483752489089966e-02	5.232069736770231412e-03
3.178281727949174851e+00	8.189424872398376465e-02	5.211202362241056443e-03
3.194403388828033208e+00	8.217341452836990356e-02	5.194486595888564949e-03
3.210525049706890677e+00	8.250372111797332764e-02	5.182938064690532226e-03
3.226646710585748146e+00	8.288019150495529175e-02	5.174851797370923039e-03
3.242768371464606503e+00	8.327685296535491943e-02	5.168795389384753941e-03
3.258890032343463972e+00	8.353333920240402222e-02	5.159065310450260990e-03
3.275011693222321441e+00	8.372625708580017090e-02	5.148280951839614809e-03
3.291133354101179798e+00	8.413273096084594727e-02	5.145106786019348552e-03
3.307255014980037267e+00	8.459685742855072021e-02	5.144140835375152036e-03
3.323376675858895624e+00	8.497611433267593384e-02	5.141480574950320348e-03
3.339498336737753093e+00	8.571387827396392822e-02	5.150728919140105423e-03
3.355619997616610561e+00	8.598082512617111206e-02	5.144342131466656670e-03
3.371741658495468918e+00	8.631018549203872681e-02	5.140940716448471823e-03
3.387863319374326387e+00	8.688625693321228027e-02	5.144821482474034625e-03
3.403984980253183856e+00	8.757888525724411011e-02	5.153763562018525042e-03
3.420106641132042213e+00	8.822179585695266724e-02	5.160744139018425339e-03
3.436228302010899682e+00	8.881747722625732422e-02	5.165741006672168630e-03
3.452349962889757151e+00	8.957947045564651489e-02	5.177292938675674520e-03
3.468471623768615508e+00	9.041889756917953491e-02	5.190739506091000474e-03
3.484593284647472977e+00	9.125867486000061035e-02	5.203687979333924095e-03
3.500714945526331334e+00	9.215563535690307617e-02	5.219932896454569475e-03
3.516836606405188803e+00	9.323581308126449585e-02	5.240240098816290396e-03
3.532958267284046272e+00	9.451860934495925903e-02	5.266918070424393521e-03
3.549079928162904629e+00	9.587363898754119873e-02	5.296564230275555701e-03
3.565201589041762098e+00	9.722600877285003662e-02	5.325508553935004268e-03
3.581323249920619567e+00	9.875242412090301514e-02	5.359458691461115899e-03
3.597444910799477924e+00	1.004271358251571655e-01	5.397558272354967789e-03
3.613566571678335393e+00	1.022055447101593018e-01	5.438911892772506362e-03
3.629688232557192862e+00	1.041010096669197083e-01	5.483641877582601243e-03
3.645809893436051219e+00	1.062067225575447083e-01	5.534309906781579788e-03
3.661931554314908688e+00	1.085352897644042969e-01	5.589720226174366841e-03
3.678053215193766157e+00	1.111334711313247681e-01	5.652833132796704525e-03
3.694174876072624514e+00	1.138534694910049438e-01	5.718470379010621302e-03
3.710296536951481983e+00	1.165384426712989807e-01	5.782440601120573259e-03
3.726418197830340340e+00	1.198036596179008484e-01	5.860980720912096521e-03
3.742539858709197809e+00	1.231014356017112732e-01	5.939885525327588504e-03
3.758661519588055278e+00	1.264071166515350342e-01	6.017880349839199033e-03
3.774783180466913635e+00	1.300608217716217041e-01	6.104048099540138224e-03
3.790904841345771104e+00	1.339207440614700317e-01	6.194011720119081688e-03
3.807026502224628572e+00	1.381249874830245972e-01	6.292360307089287473e-03
3.823148163103486930e+00	1.420837640762329102e-01	6.383338159662104404e-03
3.839269823982344398e+00	1.464239358901977539e-01	6.480683393518434955e-03
3.855391484861201867e+00	1.508591175079345703e-01	6.580108621823698746e-03
3.871513145740060224e+00	1.551873385906219482e-01	6.675151456746450385e-03
3.887634806618917693e+00	1.595587432384490967e-01	6.769991451367403032e-03
3.903756467497775162e+00	1.639333665370941162e-01	6.863609388538139712e-03
3.919878128376633519e+00	1.679785549640655518e-01	6.948077329358616321e-03
3.935999789255490988e+00	1.719930171966552734e-01	7.030785708453344933e-03
3.952121450134349345e+00	1.755469143390655518e-01	7.101304854040786131e-03
3.968243111013206814e+00	1.785647720098495483e-01	7.218528725538879941e-03
3.984364771892064283e+00	1.813342422246932983e-01	7.323422521845114434e-03
4.000486432770922640e+00	1.839316785335540771e-01	7.401415853143276241e-03
4.016608093649780109e+00	1.850450038909912109e-01	7.428740896583016680e-03
4.032729754528637578e+00	1.852707415819168091e-01	7.441227730498717850e-03
4.048851415407495935e+00	1.848910152912139893e-01	7.440105628377260624e-03
4.064973076286353404e+00	1.836645156145095825e-01	7.417113599664907492e-03
4.081094737165210873e+00	1.816398054361343384e-01	7.373657455853872486e-03
4.097216398044069230e+00	1.784993708133697510e-01	7.301722075395505884e-03
4.113338058922926699e+00	1.749029159545898438e-01	7.217719545031609299e-03
4.129459719801785056e+00	1.706302911043167114e-01	7.112271740309611227e-03
4.145581380680642525e+00	1.659061163663864136e-01	6.989429661184486629e-03
4.161703041559499994e+00	1.609342396259307861e-01	6.859543905536559863e-03
4.177824702438358351e+00	1.557844877243041992e-01	6.728921830794106808e-03
4.193946363317215820e+00	1.504514068365097046e-01	6.592971750845484299e-03
4.210068024196074177e+00	1.451532244682312012e-01	6.460117048334363885e-03
4.226189685074931646e+00	1.402021646499633789e-01	6.394188193495492500e-03
4.242311345953789115e+00	1.354400962591171265e-01	6.309177962166094208e-03
4.258433006832647472e+00	1.309778839349746704e-01	6.219606818488153908e-03
4.274554667711504941e+00	1.263344883918762207e-01	6.116853259567185674e-03
4.290676328590362409e+00	1.222081109881401062e-01	6.022595913173047974e-03
4.306797989469220767e+00	1.188150569796562195e-01	5.945270924174383617e-03
4.322919650348078235e+00	1.157317385077476501e-01	5.873583303156160694e-03
4.339041311226935704e+00	1.127556413412094116e-01	5.803893649191862666e-03
4.355162972105794061e+00	1.101014614105224609e-01	5.777259872328889545e-03
4.371284632984651530e+00	1.077990382909774780e-01	5.756169734003805868e-03
4.387406293863509887e+00	1.053759455680847168e-01	5.722928171149642591e-03
4.403527954742367356e+00	1.034715175628662109e-01	5.717759519436355249e-03
4.419649615621224825e+00	1.018450036644935608e-01	5.731742068544406869e-03
4.435771276500083182e+00	9.993009269237518311e-02	5.721249846704602564e-03
4.451892937378940651e+00	9.867040812969207764e-02	5.714714345105594354e-03
4.468014598257798120e+00	9.748485684394836426e-02	5.702514938021491751e-03
4.484136259136656477e+00	9.607598185539245605e-02	5.681936597086556691e-03
4.500257920015513946e+00	9.497396647930145264e-02	5.668161050720960104e-03
4.516379580894371415e+00	9.401402622461318970e-02	5.656667132364166274e-03
4.532501241773229772e+00	9.307660907506942749e-02	5.644148562035549918e-03
4.548622902652087241e+00	9.215040504932403564e-02	5.710248737394998594e-03
4.564744563530944710e+00	9.164785593748092651e-02	5.784331433856318254e-03
4.580866224409803067e+00	9.104479104280471802e-02	5.813494562303194238e-03
4.596987885288660536e+00	8.997166901826858521e-02	5.811062107815528725e-03
4.613109546167518893e+00	8.942960202693939209e-02	5.828313996602422012e-03
4.629231207046376362e+00	8.878599107265472412e-02	5.835855211185547384e-03
4.645352867925233831e+00	8.800265938043594360e-02	5.835733452788284363e-03
4.661474528804092188e+00	8.726505935192108154e-02	5.835348922117941650e-03
4.677596189682949657e+00	8.690305054187774658e-02	5.846972278673128603e-03
4.693717850561807126e+00	8.602625131607055664e-02	5.829992214309023639e-03
4.709839511440665483e+00	8.551415801048278809e-02	5.821638374062130736e-03
4.725961172319522952e+00	8.494082838296890259e-02	5.814317765392919453e-03
4.742082833198380420e+00	8.413563668727874756e-02	5.804647857959931850e-03
4.758204494077238778e+00	8.359913527965545654e-02	5.804329750160108943e-03
4.774326154956096246e+00	8.292821794748306274e-02	5.798487880760085263e-03
4.790447815834954604e+00	8.227504789829254150e-02	5.792659780744823309e-03
4.806569476713812072e+00	8.172950893640518188e-02	5.789453268941316226e-03
4.822691137592669541e+00	8.099032193422317505e-02	5.850401619094711125e-03
4.838812798471527898e+00	8.040969073772430420e-02	5.946067272419264423e-03
4.854934459350385367e+00	7.964897900819778442e-02	6.001881924967852888e-03
4.871056120229242836e+00	7.896818965673446655e-02	6.049342667699517291e-03
4.887177781108101193e+00	7.846406102180480957e-02	6.097837406249731820e-03
4.903299441986958662e+00	7.778234034776687622e-02	6.134940977345672460e-03
4.919421102865816131e+00	7.733455300331115723e-02	6.179307165620771640e-03
4.935542763744674488e+00	7.663455605506896973e-02	6.210569876967759681e-03
4.951664424623531957e+00	7.602570950984954834e-02	6.242584167542155303e-03
4.967786085502389426e+00	7.551620155572891235e-02	6.271235279604894797e-03
4.983907746381247783e+00	7.510936260223388672e-02	6.302003213221458316e-03
5.000029407260105252e+00	7.447580248117446899e-02	6.321234406180602401e-03
5.016151068138963609e+00	7.389964908361434937e-02	6.341975233368516048e-03
5.032272729017821078e+00	7.322571426630020142e-02	6.357357551606808953e-03
5.048394389896678547e+00	7.252398133277893066e-02	6.375558225929008928e-03
5.064516050775536904e+00	7.202278077602386475e-02	6.408015996282567274e-03
5.080637711654394373e+00	7.153750211000442505e-02	6.441487868125219361e-03
5.096759372533251842e+00	7.099276036024093628e-02	6.473204186456803753e-03
5.112881033412110199e+00	7.056349515914916992e-02	6.507133573676820472e-03
5.129002694290967668e+00	6.989379227161407471e-02	6.522672452344191810e-03
5.145124355169825137e+00	6.937743723392486572e-02	6.539777183088684061e-03
5.161246016048683494e+00	6.899538636207580566e-02	6.563478889602493427e-03
5.177367676927540963e+00	6.838649511337280273e-02	6.575883466495804908e-03
5.193489337806398431e+00	6.794901192188262939e-02	6.601450485858985882e-03
5.209610998685256789e+00	6.737858802080154419e-02	6.629206153498316823e-03
5.225732659564114257e+00	6.686602532863616943e-02	6.661036962063346910e-03
5.241854320442972615e+00	6.650028377771377563e-02	6.700562191924642162e-03
5.257975981321830083e+00	6.581009924411773682e-02	6.723209979319307028e-03
5.274097642200687552e+00	6.526881456375122070e-02	6.754188725303524217e-03
5.290219303079545909e+00	6.487230956554412842e-02	6.793971938844178826e-03
5.306340963958403378e+00	6.445405632257461548e-02	6.832947902597101900e-03
5.322462624837260847e+00	6.403998285531997681e-02	6.872627920936750547e-03
5.338584285716119204e+00	6.356742978096008301e-02	6.910253450286250876e-03
5.354705946594976673e+00	6.305718421936035156e-02	6.945758595822024324e-03
5.370827607473834142e+00	6.262361258268356323e-02	6.987067436402828388e-03
5.386949268352692499e+00	6.223446503281593323e-02	7.031283913630289630e-03
5.403070929231549968e+00	6.172415241599082947e-02	7.072045629545439110e-03
5.419192590110408325e+00	6.131241098046302795e-02	7.114619247219023876e-03
5.435314250989265794e+00	6.078209355473518372e-02	7.138446086493833477e-03
5.451435911868123263e+00	6.040168926119804382e-02	7.167213242332109643e-03
5.467557572746981620e+00	6.002031639218330383e-02	7.196252633386923843e-03
5.483679233625839089e+00	5.972388014197349548e-02	7.230456031593576402e-03
5.499800894504696558e+00	5.905647948384284973e-02	7.244989137010894240e-03
5.515922555383554915e+00	5.868512764573097229e-02	7.288750501693736991e-03
5.532044216262412384e+00	5.829531326889991760e-02	7.340804877979925994e-03
5.548165877141269853e+00	5.791214108467102051e-02	7.394818044733863366e-03
5.564287538020128210e+00	5.761353299021720886e-02	7.456737495909203199e-03
5.580409198898985679e+00	5.740306526422500610e-02	7.526766634458731051e-03
5.596530859777843148e+00	5.679512396454811096e-02	7.570650985731531939e-03
5.612652520656701505e+00	5.633877217769622803e-02	7.630279446660760689e-03
5.628774181535558974e+00	5.590255558490753174e-02	7.687372905050123863e-03
5.644895842414417331e+00	5.579103901982307434e-02	7.772493847503946472e-03
5.661017503293274800e+00	5.518507212400436401e-02	7.824996743519557416e-03
5.677139164172132269e+00	5.494134873151779175e-02	7.906051309440505215e-03
5.693260825050990626e+00	5.449313670396804810e-02	7.974858545475655563e-03
5.709382485929848094e+00	5.412351340055465698e-02	8.052855846965790293e-03
5.725504146808705563e+00	5.367103964090347290e-02	8.126745450810763174e-03
5.741625807687563920e+00	5.349194258451461792e-02	8.226273393462813638e-03
5.757747468566421389e+00	5.321628972887992859e-02	8.321936610810631504e-03
5.773869129445278858e+00	5.285578221082687378e-02	8.415017257565859596e-03
5.789990790324137215e+00	5.241984128952026367e-02	8.513295024150515505e-03
5.806112451202994684e+00	5.209704861044883728e-02	8.614538319612058750e-03
5.822234112081852153e+00	5.169302597641944885e-02	8.713786317630589640e-03
5.838355772960710510e+00	5.141523107886314392e-02	8.834621557920793733e-03
5.854477433839567979e+00	5.109458789229393005e-02	8.967114853864092266e-03
5.870599094718426336e+00	5.072320625185966492e-02	9.080286193051722091e-03
5.886720755597283805e+00	5.024306103587150574e-02	9.199792537529012659e-03
5.902842416476141274e+00	5.014671757817268372e-02	9.366003821048336439e-03
5.918964077354999631e+00	4.986488819122314453e-02	9.521681963327751491e-03
5.935085738233857100e+00	4.960021749138832092e-02	9.689936901236491373e-03
5.951207399112714569e+00	4.911804199218750000e-02	9.847008323871812158e-03
5.967329059991572926e+00	4.875355586409568787e-02	1.002708896739746072e-02
5.983450720870430395e+00	4.857122898101806641e-02	1.023942694087076263e-02
5.999572381749287864e+00	4.835816100239753723e-02	1.046655410679507743e-02
6.015694042628146221e+00	4.793119430541992188e-02	1.068394315970638657e-02
6.031815703507003690e+00	4.741882905364036560e-02	1.091096869587733845e-02
6.047937364385862047e+00	4.716751724481582642e-02	1.119239063758517214e-02
6.064059025264719516e+00	4.654095694422721863e-02	1.145087425228350116e-02
6.080180686143576985e+00	4.631286486983299255e-02	1.184884409522975190e-02
6.096302347022435342e+00	4.585442319512367249e-02	1.234047191089412444e-02
6.112424007901292811e+00	4.556019231677055359e-02	1.291828925923605396e-02
6.128545668780150280e+00	4.624494537711143494e-02	1.391000854568095677e-02
6.144667329659008637e+00	4.636362195014953613e-02	1.461773919070575092e-02
6.160788990537866106e+00	4.624812677502632141e-02	1.511978013984533430e-02
6.176910651416723574e+00	4.614000767469406128e-02	1.554447005009704751e-02
6.193032312295581931e+00	4.585490003228187561e-02	1.581353793856941567e-02
6.209153973174439400e+00	4.562526196241378784e-02	1.610748267179603135e-02
6.225275634053296869e+00	4.565690830349922180e-02	1.647289335597711471e-02
6.241397294932155226e+00	4.562128335237503052e-02	1.684835226393254989e-02
6.257518955811012695e+00	4.527251422405242920e-02	1.718820031598117595e-02
6.273640616689871052e+00	4.494139179587364197e-02	1.755818667109263972e-02
6.289762277568728521e+00	4.486154392361640930e-02	1.803951539595430656e-02
6.305883938447585990e+00	4.490926116704940796e-02	1.857864421592718418e-02
6.322005599326444347e+00	4.499836266040802002e-02	1.910636868561949378e-02
6.338127260205301816e+00	4.446212947368621826e-02	1.959065814799060279e-02
6.354248921084159285e+00	4.394128918647766113e-02	2.014274305045146013e-02
6.370370581963017642e+00	4.378405213356018066e-02	2.083332352894949266e-02
6.386492242841875111e+00	4.370118305087089539e-02	2.162316916904504296e-02
6.402613903720732580e+00	4.332114383578300476e-02	2.245322099784649930e-02
6.418735564599590937e+00	4.366458952426910400e-02	2.359303352873838924e-02
6.434857225478448406e+00	4.359006136655807495e-02	2.476959058742975867e-02
6.450978886357306763e+00	4.320128262042999268e-02	2.606614526534435997e-02
6.467100547236164232e+00	4.276330396533012390e-02	2.760623464043017797e-02
6.483222208115021701e+00	4.327080771327018738e-02	2.980217225125261077e-02
6.499343868993880058e+00	4.310886561870574951e-02	3.233167146926370361e-02
6.515465529872737527e+00	4.301679879426956177e-02	3.573444675080807847e-02
6.531587190751594996e+00	4.224479570984840393e-02	4.007822303864400776e-02
6.547708851630453353e+00	4.300350695848464966e-02	4.786595452951092344e-02
6.563830512509310822e+00	4.173307493329048157e-02	6.075141308863341028e-02
6.579952173388169179e+00	3.819261863827705383e-02	9.916422172731480245e-02
