# Normalized	8239.0 eV	Empty
# q	I	Poisson error
# nm-1	cm-1	cm-1
1.517373003233184192e-01	-2.301912605762481689e-01	nan
1.683322808144483151e-01	-1.857206076383590698e-01	nan
1.849272613055782111e-01	-1.502220481634140015e-01	nan
2.015222417967081348e-01	-1.247521489858627319e-01	nan
2.181172222878380307e-01	-1.050852090120315552e-01	nan
2.347122027789679266e-01	-9.242572635412216187e-02	nan
2.513071832700978225e-01	-8.321224898099899292e-02	nan
2.679021637612277185e-01	-7.573983073234558105e-02	nan
2.844971442523576144e-01	-7.028030604124069214e-02	nan
3.010921247434875103e-01	-6.579452008008956909e-02	nan
3.176871052346174062e-01	-6.242943182587623596e-02	nan
3.342820857257473022e-01	-5.968462675809860229e-02	nan
3.508770662168771981e-01	-5.701372772455215454e-02	nan
3.674720467080071495e-01	-5.522785335779190063e-02	nan
3.840670271991369900e-01	-5.353511869907379150e-02	nan
4.006620076902669414e-01	-5.213059112429618835e-02	nan
4.172569881813967818e-01	-5.104012414813041687e-02	nan
4.338519686725267333e-01	-4.994996264576911926e-02	nan
4.504469491636565737e-01	-4.877388849854469299e-02	nan
4.670419296547865251e-01	-4.802421852946281433e-02	nan
4.836369101459163655e-01	-4.712446033954620361e-02	nan
5.002318906370463170e-01	-4.636932164430618286e-02	nan
5.168268711281761574e-01	-4.571314156055450439e-02	nan
5.334218516193061088e-01	-4.518284276127815247e-02	nan
5.500168321104360603e-01	-4.449834302067756653e-02	nan
5.666118126015659007e-01	-4.369121044874191284e-02	nan
5.832067930926958521e-01	-4.340611025691032410e-02	nan
5.998017735838256925e-01	-4.266636446118354797e-02	nan
6.163967540749556440e-01	-4.221701994538307190e-02	nan
6.329917345660854844e-01	-4.188762977719306946e-02	nan
6.495867150572154358e-01	-4.138994961977005005e-02	nan
6.661816955483452762e-01	-4.089383035898208618e-02	nan
6.827766760394752277e-01	-4.064254462718963623e-02	nan
6.993716565306051791e-01	-4.021932929754257202e-02	nan
7.159666370217350195e-01	-3.977770358324050903e-02	nan
7.325616175128649710e-01	-3.957872092723846436e-02	nan
7.491565980039948114e-01	-3.932046890258789062e-02	nan
7.657515784951247628e-01	-3.900064900517463684e-02	nan
7.823465589862546032e-01	-3.860993683338165283e-02	nan
7.989415394773845547e-01	-3.823936730623245239e-02	nan
8.155365199685143951e-01	-3.785602748394012451e-02	nan
8.321315004596443465e-01	-3.760901466012001038e-02	nan
8.487264809507741870e-01	-3.721008077263832092e-02	nan
8.653214614419041384e-01	-3.692635148763656616e-02	nan
8.819164419330339788e-01	-3.666254505515098572e-02	nan
8.985114224241639302e-01	-3.626642376184463501e-02	nan
9.151064029152937707e-01	-3.609136864542961121e-02	nan
9.317013834064237221e-01	-3.553729876875877380e-02	nan
9.482963638975536735e-01	-3.543443977832794189e-02	nan
9.648913443886835140e-01	-3.517829999327659607e-02	nan
9.814863248798134654e-01	-3.480829298496246338e-02	nan
9.980813053709433058e-01	-3.456636518239974976e-02	nan
1.014676285862073257e+00	-3.429153934121131897e-02	nan
1.031271266353203098e+00	-3.397287428379058838e-02	nan
1.047866246844332938e+00	-3.380211815237998962e-02	nan
1.064461227335462778e+00	-3.351867944002151489e-02	nan
1.081056207826592841e+00	-3.325518593192100525e-02	nan
1.097651188317722681e+00	-3.294738009572029114e-02	nan
1.114246168808852522e+00	-3.270613774657249451e-02	nan
1.130841149299982362e+00	-3.242849558591842651e-02	nan
1.147436129791112425e+00	-3.222502395510673523e-02	nan
1.164031110282242265e+00	-3.201808035373687744e-02	nan
1.180626090773372106e+00	-3.171015158295631409e-02	nan
1.197221071264502168e+00	-3.141448274254798889e-02	nan
1.213816051755632008e+00	-3.119083121418952942e-02	nan
1.230411032246761849e+00	-3.101701848208904266e-02	nan
1.247006012737891911e+00	-3.070833534002304077e-02	nan
1.263600993229021752e+00	-3.042176179587841034e-02	nan
1.280195973720151592e+00	-3.021268174052238464e-02	nan
1.296790954211281433e+00	-2.997859194874763489e-02	nan
1.313385934702411495e+00	-2.977069653570652008e-02	nan
1.329980915193541335e+00	-2.949879504740238190e-02	nan
1.346575895684671176e+00	-2.931578457355499268e-02	nan
1.363170876175801016e+00	-2.921023592352867126e-02	nan
1.379765856666931079e+00	-2.901859395205974579e-02	nan
1.396360837158060919e+00	-2.880188636481761932e-02	nan
1.412955817649190760e+00	-2.857586182653903961e-02	nan
1.429550798140320600e+00	-2.842308953404426575e-02	nan
1.446145778631450662e+00	-2.816777862608432770e-02	nan
1.462740759122580503e+00	-2.797629497945308685e-02	nan
1.479335739613710343e+00	-2.774984203279018402e-02	nan
1.495930720104840406e+00	-2.747775614261627197e-02	nan
1.512525700595970246e+00	-2.727933228015899658e-02	nan
1.529120681087100087e+00	-2.706974558532238007e-02	nan
1.545715661578229927e+00	-2.686384506523609161e-02	nan
1.562310642069359989e+00	-2.658286504447460175e-02	nan
1.578905622560489830e+00	-2.639253810048103333e-02	nan
1.595500603051619670e+00	-2.617016062140464783e-02	nan
1.612095583542749511e+00	-2.596326358616352081e-02	nan
1.628690564033879573e+00	-2.571023814380168915e-02	nan
1.645285544525009414e+00	-2.546798624098300934e-02	nan
1.661880525016139254e+00	-2.526333183050155640e-02	nan
1.678475505507269094e+00	-2.504091709852218628e-02	nan
1.695070485998399157e+00	-2.485604770481586456e-02	nan
1.711665466489528997e+00	-2.463615499436855316e-02	nan
1.728260446980658838e+00	-2.445979230105876923e-02	nan
1.744855427471788900e+00	-2.421127259731292725e-02	nan
1.761450407962918741e+00	-2.397798001766204834e-02	nan
1.778045388454048581e+00	-2.379823103547096252e-02	nan
1.794640368945178421e+00	-2.353825047612190247e-02	nan
1.811235349436308484e+00	-2.330650016665458679e-02	nan
1.827830329927438324e+00	-2.316503040492534637e-02	nan
1.844425310418568165e+00	-2.286090329289436340e-02	nan
1.861020290909698005e+00	-2.265905030071735382e-02	nan
1.877615271400828068e+00	-2.240816317498683929e-02	nan
1.894210251891957908e+00	-2.217280864715576172e-02	nan
1.910805232383087748e+00	-2.199429087340831757e-02	nan
1.927400212874217589e+00	-2.178863808512687683e-02	nan
1.943995193365347651e+00	-2.157847024500370026e-02	nan
1.960590173856477492e+00	-2.137932926416397095e-02	nan
1.977185154347607332e+00	-2.109736204147338867e-02	nan
1.993780134838737172e+00	-2.087330631911754608e-02	nan
2.010375115329867235e+00	-2.068311348557472229e-02	nan
2.026970095820996853e+00	-2.047702111303806305e-02	nan
2.043565076312126916e+00	-2.026579529047012329e-02	nan
2.060160056803256978e+00	-2.004042640328407288e-02	nan
2.076755037294386597e+00	-1.982378959655761719e-02	nan
2.093350017785516659e+00	-1.968238502740859985e-02	nan
2.109944998276646277e+00	-1.943625882267951965e-02	nan
2.126539978767776340e+00	-1.919708400964736938e-02	nan
2.143134959258906402e+00	-1.894878409802913666e-02	nan
2.159729939750036465e+00	-1.877588406205177307e-02	nan
2.176324920241166083e+00	-1.857396401464939117e-02	nan
2.192919900732296146e+00	-1.835714280605316162e-02	nan
2.209514881223425764e+00	-1.816434226930141449e-02	nan
2.226109861714555826e+00	-1.795387081801891327e-02	nan
2.242704842205685889e+00	-1.773534901440143585e-02	nan
2.259299822696815507e+00	-1.754934526979923248e-02	nan
2.275894803187945570e+00	-1.732610911130905151e-02	nan
2.292489783679075632e+00	-1.712273433804512024e-02	nan
2.309084764170205251e+00	-1.694125682115554810e-02	nan
2.325679744661335313e+00	-1.676944643259048462e-02	nan
2.342274725152465376e+00	-1.658314280211925507e-02	nan
2.358869705643594994e+00	-1.635921932756900787e-02	nan
2.375464686134725056e+00	-1.622269302606582642e-02	nan
2.392059666625854675e+00	-1.601554453372955322e-02	nan
2.408654647116984737e+00	-1.577645353972911835e-02	nan
2.425249627608114800e+00	-1.564537547528743744e-02	nan
2.441844608099244418e+00	-1.543688308447599411e-02	nan
2.458439588590374481e+00	-1.524583622813224792e-02	nan
2.475034569081504543e+00	-1.505751907825469971e-02	nan
2.491629549572634161e+00	-1.485474314540624619e-02	nan
2.508224530063764224e+00	-1.470520626753568649e-02	nan
2.524819510554893842e+00	-1.450038980692625046e-02	nan
2.541414491046023905e+00	-1.433739438652992249e-02	nan
2.558009471537153967e+00	-1.418924238532781601e-02	nan
2.574604452028283585e+00	-1.398472022265195847e-02	nan
2.591199432519413648e+00	-1.382507383823394775e-02	nan
2.607794413010543710e+00	-1.364155951887369156e-02	nan
2.624389393501673329e+00	-1.350934244692325592e-02	nan
2.640984373992803391e+00	-1.333741098642349243e-02	nan
2.657579354483933454e+00	-1.320003345608711243e-02	nan
2.674174334975063072e+00	-1.303708925843238831e-02	nan
2.690769315466193135e+00	-1.288808323442935944e-02	nan
2.707364295957322753e+00	-1.274734176695346832e-02	nan
2.723959276448452815e+00	-1.257517281919717789e-02	nan
2.740554256939582878e+00	-1.243905909359455109e-02	nan
2.757149237430712496e+00	-1.227164454758167267e-02	nan
2.773744217921842559e+00	-1.214233320206403732e-02	nan
2.790339198412972621e+00	-1.201478857547044754e-02	nan
2.806934178904102239e+00	-1.187431067228317261e-02	nan
2.823529159395232302e+00	-1.168944779783487320e-02	nan
2.840124139886362364e+00	-1.155695784837007523e-02	nan
2.856719120377491983e+00	-1.142338104546070099e-02	nan
2.873314100868622045e+00	-1.129873003810644150e-02	nan
2.889909081359751664e+00	-1.116320583969354630e-02	nan
2.906504061850881726e+00	-1.105294004082679749e-02	nan
2.923099042342011789e+00	-1.092384755611419678e-02	nan
2.939694022833141407e+00	-1.077596656978130341e-02	nan
2.956289003324271469e+00	-1.065111719071865082e-02	nan
2.972883983815401532e+00	-1.052009779959917068e-02	nan
2.989478964306531150e+00	-1.039539556950330734e-02	nan
3.006073944797661213e+00	-1.029544416815042496e-02	nan
3.022668925288790831e+00	-1.015065424144268036e-02	nan
3.039263905779920893e+00	-1.004079077392816544e-02	nan
3.055858886271050956e+00	-9.942961856722831726e-03	nan
3.072453866762180574e+00	-9.810240007936954498e-03	nan
3.089048847253310637e+00	-9.694740176200866699e-03	nan
3.105643827744440699e+00	-9.567990899085998535e-03	nan
3.122238808235570318e+00	-9.429858997464179993e-03	nan
3.138833788726700380e+00	-9.306918829679489136e-03	nan
3.155428769217830443e+00	-9.188977070152759552e-03	nan
3.172023749708960061e+00	-9.064583107829093933e-03	nan
3.188618730200090123e+00	-8.982037194073200226e-03	nan
3.205213710691219742e+00	-8.870809338986873627e-03	nan
3.221808691182349804e+00	-8.743381127715110779e-03	nan
3.238403671673479867e+00	-8.644336834549903870e-03	nan
3.254998652164609485e+00	-8.551591075956821442e-03	nan
3.271593632655739547e+00	-8.457867428660392761e-03	nan
3.288188613146869610e+00	-8.367852307856082916e-03	nan
3.304783593637999228e+00	-8.267921395599842072e-03	nan
3.321378574129129291e+00	-8.180860430002212524e-03	nan
3.337973554620259353e+00	-8.079220540821552277e-03	nan
3.354568535111388972e+00	-7.985482923686504364e-03	nan
3.371163515602519034e+00	-7.889172062277793884e-03	nan
3.387758496093648652e+00	-7.787566632032394409e-03	nan
3.404353476584778715e+00	-7.705304771661758423e-03	nan
3.420948457075908777e+00	-7.616568822413682938e-03	nan
3.437543437567038396e+00	-7.558174896985292435e-03	nan
3.454138418058168458e+00	-7.462807465344667435e-03	nan
3.470733398549298521e+00	-7.369855884462594986e-03	nan
3.487328379040428139e+00	-7.285069208592176437e-03	nan
3.503923359531558201e+00	-7.196415681391954422e-03	nan
3.520518340022687820e+00	-7.128361612558364868e-03	nan
3.537113320513817882e+00	-7.039821706712245941e-03	nan
3.553708301004947945e+00	-6.978024262934923172e-03	nan
3.570303281496077563e+00	-6.895340513437986374e-03	nan
3.586898261987207626e+00	-6.816748995333909988e-03	nan
3.603493242478337688e+00	-6.720913108438253403e-03	nan
3.620088222969467306e+00	-6.662843748927116394e-03	nan
3.636683203460597369e+00	-6.592261139303445816e-03	nan
3.653278183951727431e+00	-6.516460329294204712e-03	nan
3.669873164442857050e+00	-6.449697073549032211e-03	nan
3.686468144933987112e+00	-6.362562999129295349e-03	nan
3.703063125425116731e+00	-6.298211403191089630e-03	nan
3.719658105916246793e+00	-6.238579284399747849e-03	nan
3.736253086407376856e+00	-6.162980571389198303e-03	nan
3.752848066898506474e+00	-6.102567538619041443e-03	nan
3.769443047389636536e+00	-6.039342842996120453e-03	nan
3.786038027880766599e+00	-5.973789840936660767e-03	nan
3.802633008371896217e+00	-5.926856305450201035e-03	nan
3.819227988863026280e+00	-5.843932274729013443e-03	nan
3.835822969354155898e+00	-5.784483160823583603e-03	nan
3.852417949845285960e+00	-5.733212921768426895e-03	nan
3.869012930336416023e+00	-5.665795877575874329e-03	nan
3.885607910827545641e+00	-5.611439701169729233e-03	nan
3.902202891318675704e+00	-5.544451065361499786e-03	nan
3.918797871809805766e+00	-5.502889864146709442e-03	nan
3.935392852300935385e+00	-5.438898224383592606e-03	nan
3.951987832792065447e+00	-5.377551075071096420e-03	nan
3.968582813283195510e+00	-5.333498120307922363e-03	nan
3.985177793774325128e+00	-5.269443616271018982e-03	nan
4.001772774265455190e+00	-5.209573078900575638e-03	nan
4.018367754756584809e+00	-5.164659582078456879e-03	nan
4.034962735247714427e+00	-5.102481693029403687e-03	nan
4.051557715738844934e+00	-5.064069759100675583e-03	nan
4.068152696229974552e+00	-5.008801817893981934e-03	nan
4.084747676721104170e+00	-4.965598229318857193e-03	nan
4.101342657212234677e+00	-4.914043005555868149e-03	nan
4.117937637703364295e+00	-4.885381087660789490e-03	nan
4.134532618194493914e+00	-4.827144555747509003e-03	nan
4.151127598685624420e+00	-4.791286308318376541e-03	nan
4.167722579176754039e+00	-4.738963674753904343e-03	nan
4.184317559667883657e+00	-4.684095736593008041e-03	nan
4.200912540159013275e+00	-4.657469689846038818e-03	nan
4.217507520650143782e+00	-4.602148663252592087e-03	nan
4.234102501141273400e+00	-4.555265419185161591e-03	nan
4.250697481632403019e+00	-4.516005050390958786e-03	nan
4.267292462123532637e+00	-4.460823256522417068e-03	nan
4.283887442614663144e+00	-4.430884029716253281e-03	nan
4.300482423105792762e+00	-4.390919115394353867e-03	nan
4.317077403596922380e+00	-4.349133465439081192e-03	nan
4.333672384088052887e+00	-4.306625109165906906e-03	nan
4.350267364579182505e+00	-4.258145112544298172e-03	nan
4.366862345070312124e+00	-4.221022594720125198e-03	nan
4.383457325561442630e+00	-4.183836281299591064e-03	nan
4.400052306052572249e+00	-4.135206807404756546e-03	nan
4.416647286543701867e+00	-4.098518285900354385e-03	nan
4.433242267034832373e+00	-4.057619720697402954e-03	nan
4.449837247525961992e+00	-4.019106738269329071e-03	nan
4.466432228017091610e+00	-3.989544697105884552e-03	nan
4.483027208508222117e+00	-3.941455855965614319e-03	nan
4.499622188999351735e+00	-3.908987157046794891e-03	nan
4.516217169490481353e+00	-3.870109096169471741e-03	nan
4.532812149981611860e+00	-3.839242039248347282e-03	nan
4.549407130472741478e+00	-3.805439220741391182e-03	nan
4.566002110963871097e+00	-3.746105358004570007e-03	nan
4.582597091455000715e+00	-3.739087842404842377e-03	nan
4.599192071946131222e+00	-3.704596776515245438e-03	nan
4.615787052437260840e+00	-3.671097103506326675e-03	nan
4.632382032928390458e+00	-3.638006281107664108e-03	nan
4.648977013419520965e+00	-3.591945627704262733e-03	nan
4.665571993910650583e+00	-3.553529269993305206e-03	nan
4.682166974401780202e+00	-3.535601077601313591e-03	nan
4.698761954892910708e+00	-3.522134851664304733e-03	nan
4.715356935384040327e+00	-3.495129290968179703e-03	nan
4.731951915875169945e+00	-3.459952771663665771e-03	nan
4.748546896366300452e+00	-3.441382665187120438e-03	nan
4.765141876857430070e+00	-3.414264181628823280e-03	nan
4.781736857348559688e+00	-3.376362845301628113e-03	nan
4.798331837839690195e+00	-3.353989450260996819e-03	nan
4.814926818330819813e+00	-3.328243736177682877e-03	nan
4.831521798821949432e+00	-3.303970908746123314e-03	nan
4.848116779313079938e+00	-3.280907636508345604e-03	nan
4.864711759804209557e+00	-3.254299284890294075e-03	nan
4.881306740295339175e+00	-3.230916336178779602e-03	nan
4.897901720786468793e+00	-3.205347340553998947e-03	nan
4.914496701277599300e+00	-3.178513143211603165e-03	nan
4.931091681768728918e+00	-3.153557423502206802e-03	nan
4.947686662259858537e+00	-3.132086712867021561e-03	nan
4.964281642750989043e+00	-3.101439680904150009e-03	nan
4.980876623242118661e+00	-3.072817344218492508e-03	nan
4.997471603733248280e+00	-3.034459659829735756e-03	nan
5.014066584224378786e+00	-3.012261120602488518e-03	nan
5.030661564715508405e+00	-2.996491733938455582e-03	nan
5.047256545206638023e+00	-2.977114869281649590e-03	nan
5.063851525697768530e+00	-2.955205738544464111e-03	nan
5.080446506188898148e+00	-2.922039944678544998e-03	nan
5.097041486680027766e+00	-2.894272096455097198e-03	nan
5.113636467171158273e+00	-2.885153517127037048e-03	nan
5.130231447662287891e+00	-2.857309766113758087e-03	nan
5.146826428153417510e+00	-2.845264971256256104e-03	nan
5.163421408644548016e+00	-2.825352596119046211e-03	nan
5.180016389135677635e+00	-2.799746580421924591e-03	nan
5.196611369626807253e+00	-2.776869107037782669e-03	nan
5.213206350117937760e+00	-2.744619501754641533e-03	nan
5.229801330609067378e+00	-2.735282294452190399e-03	nan
5.246396311100196996e+00	-2.707558684051036835e-03	nan
5.262991291591326615e+00	-2.695017727091908455e-03	nan
5.279586272082457121e+00	-2.685285173356533051e-03	nan
5.296181252573586740e+00	-2.661969512701034546e-03	nan
5.312776233064716358e+00	-2.630446804687380791e-03	nan
5.329371213555846865e+00	-2.611600793898105621e-03	nan
5.345966194046976483e+00	-2.602082910016179085e-03	nan
5.362561174538106101e+00	-2.586355898529291153e-03	nan
5.379156155029236608e+00	-2.557555679231882095e-03	nan
5.395751135520366226e+00	-2.543982351198792458e-03	nan
5.412346116011495845e+00	-2.521985443308949471e-03	nan
5.428941096502626351e+00	-2.499291906133294106e-03	nan
5.445536076993755970e+00	-2.489465055987238884e-03	nan
5.462131057484885588e+00	-2.476430730894207954e-03	nan
5.478726037976016094e+00	-2.468293299898505211e-03	nan
5.495321018467145713e+00	-2.443831646814942360e-03	nan
5.511915998958275331e+00	-2.430438995361328125e-03	nan
5.528510979449405838e+00	-2.413663081824779510e-03	nan
5.545105959940535456e+00	-2.400606870651245117e-03	nan
5.561700940431665074e+00	-2.387196524068713188e-03	nan
5.578295920922794693e+00	-2.364988438785076141e-03	nan
5.594890901413925199e+00	-2.346355002373456955e-03	nan
5.611485881905054818e+00	-2.332904143258929253e-03	nan
5.628080862396184436e+00	-2.317771548405289650e-03	nan
5.644675842887314943e+00	-2.290446776896715164e-03	nan
5.661270823378444561e+00	-2.287157811224460602e-03	nan
5.677865803869574179e+00	-2.274297876283526421e-03	nan
5.694460784360704686e+00	-2.264419337734580040e-03	nan
5.711055764851834304e+00	-2.241512294858694077e-03	nan
5.727650745342963923e+00	-2.225764095783233643e-03	nan
5.744245725834094429e+00	-2.217385685071349144e-03	nan
5.760840706325224048e+00	-2.209292724728584290e-03	nan
5.777435686816353666e+00	-2.186052268370985985e-03	nan
5.794030667307484173e+00	-2.174780471250414848e-03	nan
5.810625647798613791e+00	-2.171704079955816269e-03	nan
5.827220628289743409e+00	-2.159415511414408684e-03	nan
5.843815608780873916e+00	-2.132591791450977325e-03	nan
5.860410589272003534e+00	-2.120121847838163376e-03	nan
5.877005569763133153e+00	-2.107742242515087128e-03	nan
5.893600550254262771e+00	-2.084794454276561737e-03	nan
5.910195530745393278e+00	-2.084671985357999802e-03	nan
5.926790511236522896e+00	-2.068410627543926239e-03	nan
5.943385491727652514e+00	-2.053600503131747246e-03	nan
5.959980472218783021e+00	-2.038669539615511894e-03	nan
5.976575452709912639e+00	-2.031022915616631508e-03	nan
5.993170433201042258e+00	-2.008964074775576591e-03	nan
6.009765413692172764e+00	-2.016137586906552315e-03	nan
6.026360394183302382e+00	-1.992118079215288162e-03	nan
6.042955374674432001e+00	-1.988057279959321022e-03	nan
6.059550355165562507e+00	-1.982637681066989899e-03	nan
6.076145335656692126e+00	-1.959475455805659294e-03	nan
6.092740316147821744e+00	-1.947403536178171635e-03	nan
6.109335296638952251e+00	-1.947521464899182320e-03	nan
6.125930277130081869e+00	-1.938522793352603912e-03	nan
6.142525257621211487e+00	-1.905141863971948624e-03	nan
6.159120238112341994e+00	-1.887708320282399654e-03	nan
6.175715218603471612e+00	-1.852292916737496853e-03	nan
6.192310199094601231e+00	-1.839639153331518173e-03	nan
6.208905179585730849e+00	-1.797616016119718552e-03	nan
6.225500160076861356e+00	-1.770691596902906895e-03	nan
6.242095140567990974e+00	-1.713383127935230732e-03	nan
6.258690121059120592e+00	-1.689749537035822868e-03	nan
6.275285101550251099e+00	-1.663803122937679291e-03	nan
6.291880082041380717e+00	-1.665264833718538284e-03	nan
6.308475062532510336e+00	-1.790332025848329067e-03	nan
6.325070043023640842e+00	-1.816612086258828640e-03	nan
6.341665023514770461e+00	-1.796708442270755768e-03	nan
6.358260004005900079e+00	-1.806114451028406620e-03	nan
6.374854984497030586e+00	-1.779647893272340298e-03	nan
6.391449964988160204e+00	-1.779592479579150677e-03	nan
6.408044945479289822e+00	-1.756511745043098927e-03	nan
6.424639925970420329e+00	-1.751833246089518070e-03	nan
6.441234906461549947e+00	-1.740003237500786781e-03	nan
6.457829886952679566e+00	-1.759601291269063950e-03	nan
6.474424867443810072e+00	-1.761838444508612156e-03	nan
6.491019847934939691e+00	-1.765073975548148155e-03	nan
6.507614828426069309e+00	-1.728360541164875031e-03	nan
6.524209808917199815e+00	-1.732561504468321800e-03	nan
6.540804789408329434e+00	-1.687373151071369648e-03	nan
6.557399769899459052e+00	-1.702343113720417023e-03	nan
6.573994750390588671e+00	-1.681117457337677479e-03	nan
6.590589730881719177e+00	-1.643285388126969337e-03	nan
6.607184711372848795e+00	-1.630592742003500462e-03	nan
6.623779691863978414e+00	-1.663415809161961079e-03	nan
6.640374672355108920e+00	-1.684911898337304592e-03	nan
6.656969652846238539e+00	-1.655852654948830605e-03	nan
6.673564633337368157e+00	-1.609470578841865063e-03	nan
6.690159613828498664e+00	-1.593144494108855724e-03	nan
6.706754594319628282e+00	-1.569152576848864555e-03	nan
6.723349574810757900e+00	-1.539401244372129440e-03	nan
6.739944555301888407e+00	-1.564932870678603649e-03	nan
6.756539535793018025e+00	-1.517608063295483589e-03	nan
6.773134516284147644e+00	-1.305417390540242195e-03	nan
