# Normalized	8330 eV	Empty Cap
# q	I	Poisson error
# nm-1	cm-1	cm-1
1.534133308534822715e-01	7.579430472105741501e-03	2.127073256961810668e-02
1.701916127139985468e-01	7.296501193195581436e-03	1.132523336578235632e-02
1.869698945745147944e-01	6.959477905184030533e-03	8.507290806048414464e-03
2.037481764350310698e-01	6.686671636998653412e-03	7.047324169802057607e-03
2.205264582955473451e-01	6.412493996322154999e-03	5.961566951054212554e-03
2.373047401560635927e-01	6.383532192558050156e-03	5.223962751595238700e-03
2.540830220165798403e-01	6.288223899900913239e-03	4.645809754745136057e-03
2.708613038770961157e-01	6.152990739792585373e-03	4.589465546331430654e-03
2.876395857376123910e-01	6.173813715577125549e-03	4.539802508396610300e-03
3.044178675981286664e-01	6.236787419766187668e-03	4.505518158676657774e-03
3.211961494586449417e-01	6.129546090960502625e-03	4.435224540981086080e-03
3.379744313191611615e-01	6.021159235388040543e-03	4.261730712930237447e-03
3.547527131796774924e-01	5.941333714872598648e-03	3.985793305438930720e-03
3.715309950401937122e-01	6.002106703817844391e-03	3.852190510587575386e-03
3.883092769007099876e-01	5.975995678454637527e-03	3.720711506754228667e-03
4.050875587612262629e-01	5.962754134088754654e-03	3.598104566182927771e-03
4.218658406217424828e-01	5.999825429171323776e-03	3.507923934591231693e-03
4.386441224822588136e-01	5.860690958797931671e-03	3.387807390473483900e-03
4.554224043427750335e-01	5.837597884237766266e-03	3.307465119764868480e-03
4.722006862032912533e-01	5.848655477166175842e-03	3.243902400301936894e-03
4.889789680638075842e-01	5.854933988302946091e-03	3.183967766166038819e-03
5.057572499243238040e-01	5.801579449325799942e-03	3.101376916496551266e-03
5.225355317848401349e-01	5.840444471687078476e-03	3.047718210811405700e-03
5.393138136453563547e-01	5.846842657774686813e-03	2.997755262479232744e-03
5.560920955058726856e-01	5.799549166113138199e-03	2.936586541631724424e-03
5.728703773663889054e-01	5.803469102829694748e-03	2.967006201052174805e-03
5.896486592269051252e-01	5.800698418170213699e-03	2.993325239159530960e-03
6.064269410874214561e-01	5.719480104744434357e-03	2.973534935496396393e-03
6.232052229479376759e-01	5.724397953599691391e-03	2.966565574782295545e-03
6.399835048084540068e-01	5.722620058804750443e-03	2.942476551287301692e-03
6.567617866689702266e-01	5.764862056821584702e-03	2.924187245827817271e-03
6.735400685294865575e-01	5.673616193234920502e-03	2.883386773369496416e-03
6.903183503900027773e-01	5.779562052339315414e-03	2.894408128653422341e-03
7.070966322505189972e-01	5.728280637413263321e-03	2.865574850028401038e-03
7.238749141110353280e-01	5.663192365318536758e-03	2.777962687217883000e-03
7.406531959715515478e-01	5.675212014466524124e-03	2.689546233052230850e-03
7.574314778320678787e-01	5.662279203534126282e-03	2.630668561058648828e-03
7.742097596925840985e-01	5.642416886985301971e-03	2.583725991326056657e-03
7.909880415531003184e-01	5.618886556476354599e-03	2.549454364182255576e-03
8.077663234136166492e-01	5.639649461954832077e-03	2.520325747599998743e-03
8.245446052741328691e-01	5.655818618834018707e-03	2.489300899602305255e-03
8.413228871346491999e-01	5.580259021371603012e-03	2.440031424611824491e-03
8.581011689951654198e-01	5.560537334531545639e-03	2.405481795140291396e-03
8.748794508556816396e-01	5.540336016565561295e-03	2.372282399515951001e-03
8.916577327161979705e-01	5.548289511352777481e-03	2.346133492181517143e-03
9.084360145767141903e-01	5.558732431381940842e-03	2.322095637932578872e-03
9.252142964372305212e-01	5.542913451790809631e-03	2.292987794248861795e-03
9.419925782977467410e-01	5.486710928380489349e-03	2.257233931481553765e-03
9.587708601582630719e-01	5.464257206767797470e-03	2.229682734315048629e-03
9.755491420187792917e-01	5.525204818695783615e-03	2.219456929012339139e-03
9.923274238792955115e-01	5.464931484311819077e-03	2.185669490026111595e-03
1.009105705739811842e+00	5.448993295431137085e-03	2.161291587752620525e-03
1.025883987600328062e+00	5.452014971524477005e-03	2.140730563053451063e-03
1.042662269460844282e+00	5.411251448094844818e-03	2.113940932283480366e-03
1.059440551321360502e+00	5.413330625742673874e-03	2.095375732020256492e-03
1.076218833181876722e+00	5.381703842431306839e-03	2.070418389591895288e-03
1.092997115042393164e+00	5.369931925088167191e-03	2.050806932868743260e-03
1.109775396902909383e+00	5.355830769985914230e-03	2.030731826314015939e-03
1.126553678763425603e+00	5.350686609745025635e-03	2.012794912104801017e-03
1.143331960623941823e+00	5.316417198628187180e-03	1.989935950541516126e-03
1.160110242484458043e+00	5.333347711712121964e-03	1.977388121484105823e-03
1.176888524344974263e+00	5.341747310012578964e-03	1.964760024542057480e-03
1.193666806205490705e+00	5.336078349500894547e-03	1.951044982133111685e-03
1.210445088066006925e+00	5.246920045465230942e-03	1.959210813024656571e-03
1.227223369926523144e+00	5.293394438922405243e-03	1.981213643412530184e-03
1.244001651787039364e+00	5.285776220262050629e-03	1.977641151315853545e-03
1.260779933647555584e+00	5.239383317530155182e-03	1.967516987311990727e-03
1.277558215508072026e+00	5.228325258940458298e-03	1.964591545032138252e-03
1.294336497368588246e+00	5.212367046624422073e-03	1.959640737680490817e-03
1.311114779229104466e+00	5.166985560208559036e-03	1.948478396389989207e-03
1.327893061089620685e+00	5.176228005439043045e-03	1.947332422635685966e-03
1.344671342950136905e+00	5.174709018319845200e-03	1.943841477062981755e-03
1.361449624810653347e+00	5.169583018869161606e-03	1.903572273247496971e-03
1.378227906671169567e+00	5.200093146413564682e-03	1.872550677613900707e-03
1.395006188531685787e+00	5.173735786229372025e-03	1.850863428614506201e-03
1.411784470392202007e+00	5.133588332682847977e-03	1.831554084890157181e-03
1.428562752252718226e+00	5.157463718205690384e-03	1.825558727713714503e-03
1.445341034113234668e+00	5.129753146320581436e-03	1.811010182828761295e-03
1.462119315973750888e+00	5.132049787789583206e-03	1.802848993107901161e-03
1.478897597834267108e+00	5.108692683279514313e-03	1.789979874989641858e-03
1.495675879694783328e+00	5.098623689264059067e-03	1.779669953027504352e-03
1.512454161555299548e+00	5.124826915562152863e-03	1.776166345376784710e-03
1.529232443415815990e+00	5.091425962746143341e-03	1.762779416430790584e-03
1.546010725276332209e+00	5.026355851441621780e-03	1.743695412606007921e-03
1.562789007136848429e+00	5.043292418122291565e-03	1.738935481044441523e-03
1.579567288997364649e+00	5.015891510993242264e-03	1.727133171903104869e-03
1.596345570857880869e+00	5.020289216190576553e-03	1.720446813624529336e-03
1.613123852718397311e+00	4.976592492312192917e-03	1.703387826806291834e-03
1.629902134578913531e+00	4.981420002877712250e-03	1.692688700140470908e-03
1.646680416439429750e+00	4.990574438124895096e-03	1.678713962014412439e-03
1.663458698299945970e+00	4.967488348484039307e-03	1.657475274276426925e-03
1.680236980160462190e+00	4.949791356921195984e-03	1.638200854188400380e-03
1.697015262020978632e+00	4.959297366440296173e-03	1.625526423425760134e-03
1.713793543881494852e+00	4.921366926282644272e-03	1.605491647027783471e-03
1.730571825742011072e+00	4.913584329187870026e-03	1.591316911858574497e-03
1.747350107602527292e+00	4.914299584925174713e-03	1.577451746320382778e-03
1.764128389463043733e+00	4.899690393358469009e-03	1.561850031769871500e-03
1.780906671323559953e+00	4.890732001513242722e-03	1.548055744387469420e-03
1.797684953184076173e+00	4.894912708550691605e-03	1.537430379344132065e-03
1.814463235044592393e+00	4.878323990851640701e-03	1.525573538788033623e-03
1.831241516905108613e+00	4.842463880777359009e-03	1.511875596509475693e-03
1.848019798765625055e+00	4.868980031460523605e-03	1.508234382991642530e-03
1.864798080626141275e+00	4.862435627728700638e-03	1.499909324270327611e-03
1.881576362486657494e+00	4.872523713856935501e-03	1.493476811082771567e-03
1.898354644347173714e+00	4.819140769541263580e-03	1.477675827061410803e-03
1.915132926207689934e+00	4.796141758561134338e-03	1.466838817805929569e-03
1.931911208068206376e+00	4.843141883611679077e-03	1.467115059594613921e-03
1.948689489928722596e+00	4.798434209078550339e-03	1.453122340878779247e-03
1.965467771789238816e+00	4.782365635037422180e-03	1.443581131658427854e-03
1.982246053649755035e+00	4.809301346540451050e-03	1.440756704078310912e-03
1.999024335510271255e+00	4.794778767973184586e-03	1.431941663812501654e-03
2.015802617370787697e+00	4.754168912768363953e-03	1.419178088667712601e-03
2.032580899231303917e+00	4.720547702163457870e-03	1.407799378533091316e-03
2.049359181091820137e+00	4.761260468512773514e-03	1.407445220707649646e-03
2.066137462952336357e+00	4.727057181298732758e-03	1.396296934074055512e-03
2.082915744812852576e+00	4.754443652927875519e-03	1.393973160918154626e-03
2.099694026673369240e+00	4.742108751088380814e-03	1.386298721978221349e-03
2.116472308533885460e+00	4.745577927678823471e-03	1.380581384485970271e-03
2.133250590394401680e+00	4.697439726442098618e-03	1.367706084529159713e-03
2.150028872254917900e+00	4.696812480688095093e-03	1.361637024291548334e-03
2.166807154115434120e+00	4.722610581666231155e-03	1.359789297666775263e-03
2.183585435975950340e+00	4.676059354096651077e-03	1.347416407702568038e-03
2.200363717836466559e+00	4.697130527347326279e-03	1.344911797818660595e-03
2.217141999696982779e+00	4.682424478232860565e-03	1.337144422786839138e-03
2.233920281557499443e+00	4.673921503126621246e-03	1.330187724649900885e-03
2.250698563418015663e+00	4.691493697464466095e-03	1.327507326380446230e-03
2.267476845278531883e+00	4.679867532104253769e-03	1.320402908100467253e-03
2.284255127139048103e+00	4.690671339631080627e-03	1.316795039960388892e-03
2.301033408999564323e+00	4.670855589210987091e-03	1.308690322609966459e-03
2.317811690860080542e+00	4.659662023186683655e-03	1.302083441568760826e-03
2.334589972720596762e+00	4.644258413463830948e-03	1.294875087050134481e-03
2.351368254581112982e+00	4.645572975277900696e-03	1.289968469738891725e-03
2.368146536441629202e+00	4.659081809222698212e-03	1.286948942876876617e-03
2.384924818302145866e+00	4.660241771489381790e-03	1.282255267101759053e-03
2.401703100162662086e+00	4.678187426179647446e-03	1.278299131871597728e-03
2.418481382023178305e+00	4.654037766158580780e-03	1.269085340968034064e-03
2.435259663883694525e+00	4.633604083210229874e-03	1.261476999407153262e-03
2.452037945744210745e+00	4.657178185880184174e-03	1.260043933498358661e-03
2.468816227604726965e+00	4.629294853657484055e-03	1.251658417177525708e-03
2.485594509465243185e+00	4.652963019907474518e-03	1.259871266642807307e-03
2.502372791325759405e+00	4.644627682864665985e-03	1.269952967189963726e-03
2.519151073186275624e+00	4.631752148270606995e-03	1.272434547058840957e-03
2.535929355046791844e+00	4.630954936146736145e-03	1.275426844501396408e-03
2.552707636907308508e+00	4.637384787201881409e-03	1.278569344907237552e-03
2.569485918767824728e+00	4.631994292140007019e-03	1.279496045242052701e-03
2.586264200628340948e+00	4.622186068445444107e-03	1.278885172959886218e-03
2.603042482488857168e+00	4.610852338373661041e-03	1.278069117652486011e-03
2.619820764349373388e+00	4.619886167347431183e-03	1.279522364328316165e-03
2.636599046209889607e+00	4.642667248845100403e-03	1.274869968872143411e-03
2.653377328070405827e+00	4.621894564479589462e-03	1.253980431824827874e-03
2.670155609930922047e+00	4.611319396644830704e-03	1.242922228124785158e-03
2.686933891791438267e+00	4.650681745260953903e-03	1.239641712662500938e-03
2.703712173651954487e+00	4.628465510904788971e-03	1.229394217182098233e-03
2.720490455512471151e+00	4.603458102792501450e-03	1.219534033381873637e-03
2.737268737372987371e+00	4.612702876329421997e-03	1.214635163721175222e-03
2.754047019233503590e+00	4.631034098565578461e-03	1.211159201671382132e-03
2.770825301094019810e+00	4.622548352926969528e-03	1.204683945026621423e-03
2.787603582954536030e+00	4.649141803383827209e-03	1.202827508006304837e-03
2.804381864815052250e+00	4.631069488823413849e-03	1.195504066247600299e-03
2.821160146675568470e+00	4.638075362890958786e-03	1.191712073924651926e-03
2.837938428536084690e+00	4.634732380509376526e-03	1.186493718166875197e-03
2.854716710396600909e+00	4.634341225028038025e-03	1.181877113462992705e-03
2.871494992257117129e+00	4.640464670956134796e-03	1.177832714270584486e-03
2.888273274117633793e+00	4.607127048075199127e-03	1.169174842978998709e-03
2.905051555978150013e+00	4.633502103388309479e-03	1.168297316755239007e-03
2.921829837838666233e+00	4.604366142302751541e-03	1.160359562823281383e-03
2.938608119699182453e+00	4.631622228771448135e-03	1.159648437891326166e-03
2.955386401559698673e+00	4.656209610402584076e-03	1.158716228570721768e-03
2.972164683420214892e+00	4.628358408808708191e-03	1.151085995645939435e-03
2.988942965280731112e+00	4.663928411900997162e-03	1.151612083493048187e-03
3.005721247141247332e+00	4.656811710447072983e-03	1.146830017203609572e-03
3.022499529001763552e+00	4.652628209441900253e-03	1.142490959909497937e-03
3.039277810862279772e+00	4.691945388913154602e-03	1.143428203153214022e-03
3.056056092722796436e+00	4.671074915677309036e-03	1.137287083692786055e-03
3.072834374583312655e+00	4.666348453611135483e-03	1.132838735344686779e-03
3.089612656443828875e+00	4.676936194300651550e-03	1.130672693341558529e-03
3.106390938304345095e+00	4.693768918514251709e-03	1.129059510283053191e-03
3.123169220164861315e+00	4.706635605543851852e-03	1.140753389364925711e-03
3.139947502025377535e+00	4.698640666902065277e-03	1.145524559724150904e-03
3.156725783885893755e+00	4.665004555135965347e-03	1.145115194922741945e-03
3.173504065746409974e+00	4.662509076297283173e-03	1.147359956956406834e-03
3.190282347606926194e+00	4.664767999202013016e-03	1.149551568212235685e-03
3.207060629467442414e+00	4.673148039728403091e-03	1.151851465034246748e-03
3.223838911327959078e+00	4.694292787462472916e-03	1.155260836438709712e-03
3.240617193188475298e+00	4.696960560977458954e-03	1.156088423103804157e-03
3.257395475048991518e+00	4.701992496848106384e-03	1.157056889106609790e-03
3.274173756909507738e+00	4.702650941908359528e-03	1.145072621388246214e-03
3.290952038770023957e+00	4.683474078774452209e-03	1.131658285462076733e-03
3.307730320630540177e+00	4.710238892585039139e-03	1.127029745939754505e-03
3.324508602491056397e+00	4.718485288321971893e-03	1.121663888948557083e-03
3.341286884351572617e+00	4.712318535894155502e-03	1.115396208779656376e-03
3.358065166212088837e+00	4.722447134554386139e-03	1.111547730363136345e-03
3.374843448072605501e+00	4.719224292784929276e-03	1.106450787965807111e-03
3.391621729933121721e+00	4.706449806690216064e-03	1.100526443880630494e-03
3.408400011793637940e+00	4.722885321825742722e-03	1.098335115082582983e-03
3.425178293654154160e+00	4.717210307717323303e-03	1.093626985510599229e-03
3.441956575514670380e+00	4.736859817057847977e-03	1.091967206477078818e-03
3.458734857375186600e+00	4.721082746982574463e-03	1.086473979050500954e-03
3.475513139235702820e+00	4.775969777256250381e-03	1.089170279457483828e-03
3.492291421096219040e+00	4.764620214700698853e-03	1.084252202244024871e-03
3.509069702956735259e+00	4.744856152683496475e-03	1.078600733533297993e-03
3.525847984817251479e+00	4.779302980750799179e-03	1.078982028796716995e-03
3.542626266677768143e+00	4.794719628989696503e-03	1.077484555150707603e-03
3.559404548538284363e+00	4.787212703377008438e-03	1.073339057095138490e-03
3.576182830398800583e+00	4.794093314558267593e-03	1.070760278285460025e-03
3.592961112259316803e+00	4.793242085725069046e-03	1.067610663340770420e-03
3.609739394119833023e+00	4.797288682311773300e-03	1.064919486333542557e-03
3.626517675980349242e+00	4.819330293685197830e-03	1.064173972565647230e-03
3.643295957840865462e+00	4.798382055014371872e-03	1.059006048887217114e-03
3.660074239701381682e+00	4.808661062270402908e-03	1.056987960567793393e-03
3.676852521561897902e+00	4.804076626896858215e-03	1.053389179535363634e-03
3.693630803422414122e+00	4.828445613384246826e-03	1.053246714054696534e-03
3.710409085282930786e+00	4.853035788983106613e-03	1.053061204134988962e-03
3.727187367143447005e+00	4.844882525503635406e-03	1.049287956304692428e-03
3.743965649003963225e+00	4.825128708034753799e-03	1.044276329425610069e-03
3.760743930864479445e+00	4.873046651482582092e-03	1.046807085594684411e-03
3.777522212724995665e+00	4.890147596597671509e-03	1.046053093475347601e-03
3.794300494585511885e+00	4.861928056925535202e-03	1.040459880917013686e-03
3.811078776446028105e+00	4.872112534940242767e-03	1.038803609061415487e-03
3.827857058306544324e+00	4.856588784605264664e-03	1.034526638953677967e-03
3.844635340167060544e+00	4.863067530095577240e-03	1.032625040367042080e-03
3.861413622027576764e+00	4.882965702563524246e-03	1.032224249983713623e-03
3.878191903888093428e+00	4.903389140963554382e-03	1.031723435411204285e-03
3.894970185748609648e+00	4.923486616462469101e-03	1.031324927340055569e-03
3.911748467609125868e+00	4.914683755487203598e-03	1.027879186507964660e-03
3.928526749469642088e+00	4.935208708047866821e-03	1.027537812082674569e-03
3.945305031330158307e+00	4.931776784360408783e-03	1.024605038393155455e-03
3.962083313190674527e+00	4.964734893292188644e-03	1.025646881815611049e-03
3.978861595051190747e+00	4.968570545315742493e-03	1.023740290916870001e-03
3.995639876911706967e+00	4.958169069141149521e-03	1.019979017765022160e-03
4.012418158772223187e+00	4.963887389749288559e-03	1.018136748168528213e-03
4.029196440632738963e+00	4.980903584510087967e-03	1.017440009723126265e-03
4.045974722493255626e+00	4.982289392501115799e-03	1.015155181498341753e-03
4.062753004353772290e+00	5.019295029342174530e-03	1.016556882815395062e-03
4.079531286214288066e+00	5.024833139032125473e-03	1.014743517831487351e-03
4.096309568074804730e+00	5.007499828934669495e-03	1.010615015758766768e-03
4.113087849935320506e+00	5.017661955207586288e-03	1.009270280821183844e-03
4.129866131795837170e+00	5.048364400863647461e-03	1.020125203575767770e-03
4.146644413656352945e+00	5.067405756562948227e-03	1.028679501464207623e-03
4.163422695516869609e+00	5.075238645076751709e-03	1.032262019133600457e-03
4.180200977377385385e+00	5.058459006249904633e-03	1.030713286757372346e-03
4.196979259237902049e+00	5.113420542329549789e-03	1.037566352031732073e-03
4.213757541098417825e+00	5.101184826344251633e-03	1.037606015760629292e-03
4.230535822958934489e+00	5.098653491586446762e-03	1.038338039079698873e-03
4.247314104819450264e+00	5.131710320711135864e-03	1.042504632807023232e-03
4.264092386679966928e+00	5.087063182145357132e-03	1.038386592808561220e-03
4.280870668540482704e+00	5.130468867719173431e-03	1.043261829818262470e-03
4.297648950400999368e+00	5.147526506334543228e-03	1.044660390325550300e-03
4.314427232261516032e+00	5.120937712490558624e-03	1.040608801204745719e-03
4.331205514122031808e+00	5.142283625900745392e-03	1.041500147911699273e-03
4.347983795982548472e+00	5.189393181353807449e-03	1.045902083855569003e-03
4.364762077843064247e+00	5.200135521590709686e-03	1.046722003177001344e-03
4.381540359703580911e+00	5.185117479413747787e-03	1.045647628776349590e-03
4.398318641564096687e+00	5.180824082344770432e-03	1.057159655622337460e-03
4.415096923424613351e+00	5.225643515586853027e-03	1.069807189995197836e-03
4.431875205285129127e+00	5.234709475189447403e-03	1.076850985195119135e-03
4.448653487145645791e+00	5.244642496109008789e-03	1.082857249330341750e-03
4.465431769006162455e+00	5.230687558650970459e-03	1.085661581376001295e-03
4.482210050866678230e+00	5.239210091531276703e-03	1.090446373657153953e-03
4.498988332727194894e+00	5.275347270071506500e-03	1.097784700442910790e-03
4.515766614587710670e+00	5.312915891408920288e-03	1.105330614590291924e-03
4.532544896448227334e+00	5.303783342242240906e-03	1.115606031444826883e-03
4.549323178308743110e+00	5.316253751516342163e-03	1.127494539597328344e-03
4.566101460169259774e+00	5.307320505380630493e-03	1.135545158299297022e-03
4.582879742029775549e+00	5.312590394169092178e-03	1.148201608897346992e-03
4.599658023890292213e+00	5.337184760719537735e-03	1.165702057128171348e-03
4.616436305750808877e+00	5.334208253771066666e-03	1.176979769515812489e-03
4.633214587611324653e+00	5.365323740988969803e-03	1.188374497712979842e-03
4.649992869471841317e+00	5.420449655503034592e-03	1.200747673942058249e-03
4.666771151332357093e+00	5.372123327106237411e-03	1.201377357042767314e-03
4.683549433192873757e+00	5.399315617978572845e-03	1.209865232345448075e-03
4.700327715053389532e+00	5.368481390178203583e-03	1.211269856396522335e-03
4.717105996913906196e+00	5.405651405453681946e-03	1.220083045856525019e-03
4.733884278774421972e+00	5.392163991928100586e-03	1.242114402396947035e-03
4.750662560634938636e+00	5.461997352540493011e-03	1.272543927923522420e-03
4.767440842495454412e+00	5.464993882924318314e-03	1.285222379989297767e-03
4.784219124355971076e+00	5.483245477080345154e-03	1.296188151684348876e-03
4.800997406216487740e+00	5.492093972861766815e-03	1.306329404682271588e-03
4.817775688077003515e+00	5.507862195372581482e-03	1.315889928788990370e-03
4.834553969937520179e+00	5.509203299880027771e-03	1.323153281879299505e-03
4.851332251798035955e+00	5.510217044502496719e-03	1.329977331476352642e-03
4.868110533658552619e+00	5.540815182030200958e-03	1.340017780765630521e-03
4.884888815519068395e+00	5.595113150775432587e-03	1.350625055242576185e-03
4.901667097379585059e+00	5.585301667451858521e-03	1.352185334144017466e-03
4.918445379240100834e+00	5.605425219982862473e-03	1.358296215562942435e-03
4.935223661100617498e+00	5.619651172310113907e-03	1.365396505043856403e-03
4.952001942961134162e+00	5.583624821156263351e-03	1.366149830331810132e-03
4.968780224821649938e+00	5.632204934954643250e-03	1.377310499685610460e-03
4.985558506682166602e+00	5.638801027089357376e-03	1.383180235146627126e-03
5.002336788542682378e+00	5.701584741473197937e-03	1.395677806111838854e-03
5.019115070403199041e+00	5.686467513442039490e-03	1.417584657218516316e-03
5.035893352263714817e+00	5.676607601344585419e-03	1.447873681051932209e-03
5.052671634124231481e+00	5.694248247891664505e-03	1.473309709618056710e-03
5.069449915984747257e+00	5.692780017852783203e-03	1.493393051679691753e-03
5.086228197845263921e+00	5.714713595807552338e-03	1.515074550758020505e-03
5.103006479705779697e+00	5.727370735257863998e-03	1.534678556317123485e-03
5.119784761566296361e+00	5.756108555942773819e-03	1.555914983528092991e-03
5.136563043426813024e+00	5.770800169557332993e-03	1.574852601002928480e-03
5.153341325287328800e+00	5.787464790046215057e-03	1.593381565590243094e-03
5.170119607147845464e+00	5.830638576298952103e-03	1.613645750602805311e-03
5.186897889008361240e+00	5.835813935846090317e-03	1.628052032535430571e-03
5.203676170868877904e+00	5.835320334881544113e-03	1.641432750810380842e-03
5.220454452729393680e+00	5.844454281032085419e-03	1.656011359832095528e-03
5.237232734589910343e+00	5.873048212379217148e-03	1.673320052672534145e-03
5.254011016450426119e+00	5.888290703296661377e-03	1.690088150976313012e-03
5.270789298310942783e+00	5.886785220354795456e-03	1.705952802687791398e-03
5.287567580171459447e+00	5.887830164283514023e-03	1.722393020315708982e-03
5.304345862031975223e+00	5.932063795626163483e-03	1.745726507085574013e-03
5.321124143892491887e+00	5.961261689662933350e-03	1.766047672499995768e-03
5.337902425753007662e+00	5.948182661086320877e-03	1.778327309320130610e-03
5.354680707613524326e+00	5.971039179712533951e-03	1.794394933661436512e-03
5.371458989474040102e+00	6.017002277076244354e-03	1.814065922810745258e-03
5.388237271334556766e+00	5.989132449030876160e-03	1.822703610227751963e-03
5.405015553195072542e+00	6.020788103342056274e-03	1.841889021849518054e-03
5.421793835055589206e+00	6.035103928297758102e-03	1.861304419058513624e-03
5.438572116916104981e+00	6.080699153244495392e-03	1.886135051731705013e-03
5.455350398776621645e+00	6.072740536183118820e-03	1.902728454007852812e-03
5.472128680637138309e+00	6.094995886087417603e-03	1.924468845318095828e-03
5.488906962497654085e+00	6.108163390308618546e-03	1.945088684195972646e-03
5.505685244358170749e+00	6.127616390585899353e-03	1.967173269607546369e-03
5.522463526218686525e+00	6.175972521305084229e-03	1.994289245979708174e-03
5.539241808079203189e+00	6.226072087883949280e-03	2.022103897800663162e-03
5.556020089939718964e+00	6.187457591295242310e-03	2.035943834896014430e-03
5.572798371800235628e+00	6.229327991604804993e-03	2.063326078255257618e-03
5.589576653660751404e+00	6.228295620530843735e-03	2.084196268844784074e-03
5.606354935521268068e+00	6.238803267478942871e-03	2.107277941416973305e-03
5.623133217381784732e+00	6.237155292183160782e-03	2.129697311777100938e-03
5.639911499242300508e+00	6.246081087738275528e-03	2.152816016034755225e-03
5.656689781102817172e+00	6.287739612162113190e-03	2.178210357609085875e-03
5.673468062963332947e+00	6.299526896327733994e-03	2.197207414596276213e-03
5.690246344823849611e+00	6.318691186606884003e-03	2.217776512958934739e-03
5.707024626684365387e+00	6.316659040749073029e-03	2.234659219255334759e-03
5.723802908544882051e+00	6.361031439155340195e-03	2.261377823986661633e-03
5.740581190405397827e+00	6.341818254441022873e-03	2.280238777907382143e-03
5.757359472265914491e+00	6.402234081178903580e-03	2.316892413390624766e-03
5.774137754126431155e+00	6.444133818149566650e-03	2.351039373645832237e-03
5.790916035986946930e+00	6.441801320761442184e-03	2.378042225139417442e-03
5.807694317847463594e+00	6.481594406068325043e-03	2.413789859117300256e-03
5.824472599707979370e+00	6.550893653184175491e-03	2.455941823754298394e-03
5.841250881568496034e+00	6.487714592367410660e-03	2.475095406638521973e-03
5.858029163429011810e+00	6.498025730252265930e-03	2.507144641641761203e-03
5.874807445289528474e+00	6.571756210178136826e-03	2.553409901851408197e-03
5.891585727150044249e+00	6.537591107189655304e-03	2.580076004299782476e-03
5.908364009010560913e+00	6.522185169160366058e-03	2.611189187950609808e-03
5.925142290871076689e+00	6.469356827437877655e-03	2.635894438713546565e-03
5.941920572731593353e+00	6.581418216228485107e-03	2.695872768040309068e-03
5.958698854592110017e+00	6.604151334613561630e-03	2.738855729403529872e-03
5.975477136452625793e+00	6.634786725044250488e-03	2.785291998194763027e-03
5.992255418313142457e+00	6.666993722319602966e-03	2.833798530008604932e-03
6.009033700173658232e+00	6.678455043584108353e-03	2.879815804864968055e-03
6.025811982034174896e+00	6.705873645842075348e-03	2.933885038581609487e-03
6.042590263894690672e+00	6.665657274425029755e-03	2.971022185419897564e-03
6.059368545755207336e+00	6.700199563056230545e-03	3.027040350761827075e-03
6.076146827615723112e+00	6.710646208375692368e-03	3.081884974024641337e-03
6.092925109476239776e+00	6.777025293558835983e-03	3.155888165038831482e-03
6.109703391336756440e+00	6.778242997825145721e-03	3.209947259493244921e-03
6.126481673197272215e+00	6.762484554201364517e-03	3.266446577429709189e-03
6.143259955057788879e+00	6.799113471060991287e-03	3.339905820091041300e-03
6.160038236918304655e+00	6.812012754380702972e-03	3.410732287327846064e-03
6.176816518778821319e+00	6.858559325337409973e-03	3.494745379417598958e-03
6.193594800639337095e+00	6.825094576925039291e-03	3.562933350018494122e-03
6.210373082499853759e+00	6.787954363971948624e-03	3.634495667066011543e-03
6.227151364360369534e+00	6.729881744831800461e-03	3.705093272467348178e-03
6.243929646220886198e+00	6.685345899313688278e-03	3.785836393555443765e-03
6.260707928081401974e+00	6.715494673699140549e-03	3.893662351345404584e-03
6.277486209941918638e+00	6.562969647347927094e-03	3.955394161966818527e-03
6.294264491802435302e+00	6.524750962853431702e-03	4.059572862860167004e-03
6.311042773662951078e+00	6.390121299773454666e-03	4.141502087098374550e-03
6.327821055523467741e+00	6.327806506305932999e-03	4.278949870934119735e-03
6.344599337383983517e+00	6.378445308655500412e-03	4.501988497160271455e-03
6.361377619244500181e+00	6.521944422274827957e-03	4.786551583902944225e-03
6.378155901105015957e+00	6.844163406640291214e-03	5.247219825222573450e-03
6.394934182965532621e+00	7.168457377701997757e-03	5.641656242045115822e-03
6.411712464826048397e+00	7.110822014510631561e-03	5.823015197387341677e-03
6.428490746686565060e+00	7.150246761739253998e-03	6.013475964108225442e-03
6.445269028547081724e+00	7.133992388844490051e-03	6.132106932424162202e-03
6.462047310407597500e+00	7.197491358965635300e-03	6.292236512143948440e-03
6.478825592268114164e+00	7.177999708801507950e-03	6.426308556597926970e-03
6.495603874128629940e+00	7.042995188385248184e-03	6.515507838767612032e-03
6.512382155989146604e+00	7.189942523837089539e-03	6.744949347115343496e-03
6.529160437849662380e+00	7.230667863041162491e-03	6.938210388468950794e-03
6.545938719710179043e+00	7.158983033150434494e-03	7.102261486463415895e-03
6.562717001570694819e+00	7.299023680388927460e-03	7.384990723649419164e-03
6.579495283431211483e+00	7.323995232582092285e-03	7.603009171614120466e-03
6.596273565291728147e+00	7.447429932653903961e-03	7.912658616825595306e-03
6.613051847152243923e+00	7.318244315683841705e-03	8.116561209656045564e-03
6.629830129012760587e+00	7.497757673263549805e-03	8.516687094843379893e-03
6.646608410873276362e+00	7.232015952467918396e-03	8.693490843405418320e-03
6.663386692733793026e+00	7.218756247311830521e-03	9.063309399194908328e-03
6.680164974594308802e+00	7.619445212185382843e-03	9.750570372571876199e-03
6.696943256454825466e+00	7.409181911498308182e-03	1.010826938527373785e-02
6.713721538315341242e+00	7.571690715849399567e-03	1.080847185853034929e-02
6.730499820175857906e+00	7.518463768064975739e-03	1.147227756612987162e-02
6.747278102036373681e+00	7.634708192199468613e-03	1.241384373802272012e-02
6.764056383896890345e+00	7.437486201524734497e-03	1.332627347537606102e-02
6.780834665757407009e+00	7.642674725502729416e-03	1.495811804387593875e-02
6.797612947617922785e+00	7.124903146177530289e-03	1.635915618364870705e-02
6.814391229478439449e+00	7.745611947029829025e-03	2.020967540747447069e-02
6.831169511338955225e+00	7.489952258765697479e-03	2.563552177633008147e-02
6.847947793199471000e+00	7.087685633450746536e-03	4.262540177071520719e-02
