# Normalized	7000.0 eV	Empty Kapton
# q	I	Poisson error
# nm-1	cm-1	cm-1
1.289189696504384197e-01	-2.113037824630737305e+00	nan
1.430183876667701914e-01	-1.570500612258911133e+00	nan
1.571178056831019632e-01	-1.141474127769470215e+00	nan
1.712172236994337071e-01	-8.521732687950134277e-01	nan
1.853166417157655066e-01	-6.518338322639465332e-01	nan
1.994160597320972506e-01	-5.172539949417114258e-01	nan
2.135154777484290223e-01	-4.322279989719390869e-01	nan
2.276148957647607940e-01	-3.712978065013885498e-01	nan
2.417143137810925657e-01	-3.281517624855041504e-01	nan
2.558137317974243374e-01	-2.921001017093658447e-01	nan
2.699131498137561369e-01	-2.666531205177307129e-01	nan
2.840125678300878809e-01	-2.475029528141021729e-01	nan
2.981119858464196248e-01	-2.303476780652999878e-01	nan
3.122114038627513688e-01	-2.181397527456283569e-01	nan
3.263108218790831683e-01	-2.057181894779205322e-01	nan
3.404102398954149677e-01	-1.981962770223617554e-01	nan
3.545096579117467117e-01	-1.906548291444778442e-01	nan
3.686090759280784557e-01	-1.845696270465850830e-01	nan
3.827084939444102551e-01	-1.787904351949691772e-01	nan
3.968079119607419991e-01	-1.748985499143600464e-01	nan
4.109073299770737986e-01	-1.710377633571624756e-01	nan
4.250067479934055426e-01	-1.687809526920318604e-01	nan
4.391061660097373420e-01	-1.662538498640060425e-01	nan
4.532055840260690860e-01	-1.648807376623153687e-01	nan
4.673050020424008300e-01	-1.626117825508117676e-01	nan
4.814044200587326294e-01	-1.613904088735580444e-01	nan
4.955038380750643734e-01	-1.616241782903671265e-01	nan
5.096032560913961174e-01	-1.612892150878906250e-01	nan
5.237026741077279723e-01	-1.617236435413360596e-01	nan
5.378020921240597163e-01	-1.619158834218978882e-01	nan
5.519015101403914603e-01	-1.629841029644012451e-01	nan
5.660009281567233153e-01	-1.645918786525726318e-01	nan
5.801003461730549482e-01	-1.660318970680236816e-01	nan
5.941997641893868032e-01	-1.677275002002716064e-01	nan
6.082991822057185471e-01	-1.706319153308868408e-01	nan
6.223986002220502911e-01	-1.729300618171691895e-01	nan
6.364980182383821461e-01	-1.752445101737976074e-01	nan
6.505974362547137790e-01	-1.773872375488281250e-01	nan
6.646968542710456340e-01	-1.795820593833923340e-01	nan
6.787962722873774890e-01	-1.815308332443237305e-01	nan
6.928956903037091219e-01	-1.841063648462295532e-01	nan
7.069951083200409769e-01	-1.857189834117889404e-01	nan
7.210945263363726099e-01	-1.872784644365310669e-01	nan
7.351939443527044649e-01	-1.888281106948852539e-01	nan
7.492933623690363198e-01	-1.902995705604553223e-01	nan
7.633927803853679528e-01	-1.914813071489334106e-01	nan
7.774921984016998078e-01	-1.936959922313690186e-01	nan
7.915916164180314407e-01	-1.944874972105026245e-01	nan
8.056910344343632957e-01	-1.961146593093872070e-01	nan
8.197904524506951507e-01	-1.969613283872604370e-01	nan
8.338898704670267836e-01	-1.976578384637832642e-01	nan
8.479892884833586386e-01	-1.991991698741912842e-01	nan
8.620887064996902716e-01	-2.009115815162658691e-01	nan
8.761881245160221265e-01	-2.005872875452041626e-01	nan
8.902875425323539815e-01	-2.016764432191848755e-01	nan
9.043869605486856145e-01	-2.018625140190124512e-01	nan
9.184863785650174695e-01	-2.028007656335830688e-01	nan
9.325857965813491024e-01	-2.028519213199615479e-01	nan
9.466852145976809574e-01	-2.030059844255447388e-01	nan
9.607846326140128124e-01	-2.031953185796737671e-01	nan
9.748840506303444453e-01	-2.038226425647735596e-01	nan
9.889834686466763003e-01	-2.037920951843261719e-01	nan
1.003082886663008155e+00	-2.035109698772430420e-01	nan
1.017182304679339788e+00	-2.031360864639282227e-01	nan
1.031281722695671643e+00	-2.031138539314270020e-01	nan
1.045381140712003276e+00	-2.028765827417373657e-01	nan
1.059480558728335131e+00	-2.020913660526275635e-01	nan
1.073579976744666986e+00	-2.013806104660034180e-01	nan
1.087679394760998619e+00	-2.013835161924362183e-01	nan
1.101778812777330474e+00	-2.010325193405151367e-01	nan
1.115878230793662107e+00	-2.001436948776245117e-01	nan
1.129977648809993962e+00	-1.997888684272766113e-01	nan
1.144077066826325817e+00	-1.997961848974227905e-01	nan
1.158176484842657450e+00	-1.999959945678710938e-01	nan
1.172275902858989305e+00	-1.995414346456527710e-01	nan
1.186375320875321160e+00	-1.991458833217620850e-01	nan
1.200474738891652793e+00	-1.984777450561523438e-01	nan
1.214574156907984648e+00	-1.980507969856262207e-01	nan
1.228673574924316503e+00	-1.972626298666000366e-01	nan
1.242772992940648136e+00	-1.963968724012374878e-01	nan
1.256872410956979991e+00	-1.958415955305099487e-01	nan
1.270971828973311624e+00	-1.946111768484115601e-01	nan
1.285071246989643479e+00	-1.941170543432235718e-01	nan
1.299170665005975334e+00	-1.936551630496978760e-01	nan
1.313270083022306967e+00	-1.929944902658462524e-01	nan
1.327369501038638822e+00	-1.911994665861129761e-01	nan
1.341468919054970454e+00	-1.903667151927947998e-01	nan
1.355568337071302309e+00	-1.896085292100906372e-01	nan
1.369667755087634164e+00	-1.888101845979690552e-01	nan
1.383767173103965797e+00	-1.874653995037078857e-01	nan
1.397866591120297652e+00	-1.867981553077697754e-01	nan
1.411966009136629285e+00	-1.858642995357513428e-01	nan
1.426065427152961140e+00	-1.848788410425186157e-01	nan
1.440164845169292995e+00	-1.836446225643157959e-01	nan
1.454264263185624628e+00	-1.828292012214660645e-01	nan
1.468363681201956483e+00	-1.822080165147781372e-01	nan
1.482463099218288116e+00	-1.806880831718444824e-01	nan
1.496562517234619971e+00	-1.792334616184234619e-01	nan
1.510661935250951826e+00	-1.782928705215454102e-01	nan
1.524761353267283459e+00	-1.769328862428665161e-01	nan
1.538860771283615314e+00	-1.757398992776870728e-01	nan
1.552960189299947169e+00	-1.745905578136444092e-01	nan
1.567059607316278802e+00	-1.733100563287734985e-01	nan
1.581159025332610657e+00	-1.721795201301574707e-01	nan
1.595258443348942290e+00	-1.704130321741104126e-01	nan
1.609357861365274145e+00	-1.692346632480621338e-01	nan
1.623457279381606000e+00	-1.683357059955596924e-01	nan
1.637556697397937633e+00	-1.669401675462722778e-01	nan
1.651656115414269488e+00	-1.653614789247512817e-01	nan
1.665755533430601121e+00	-1.639379858970642090e-01	nan
1.679854951446932976e+00	-1.622790545225143433e-01	nan
1.693954369463264831e+00	-1.608816683292388916e-01	nan
1.708053787479596464e+00	-1.593694239854812622e-01	nan
1.722153205495928319e+00	-1.578079611063003540e-01	nan
1.736252623512259952e+00	-1.563804149627685547e-01	nan
1.750352041528591807e+00	-1.548797637224197388e-01	nan
1.764451459544923662e+00	-1.533618867397308350e-01	nan
1.778550877561255295e+00	-1.872755438089370728e-01	nan
1.792650295577587150e+00	-1.812266111373901367e-01	nan
1.806749713593919004e+00	-1.486630737781524658e-01	nan
1.820849131610250637e+00	-1.471204310655593872e-01	nan
1.834948549626582492e+00	-1.457208245992660522e-01	nan
1.849047967642914125e+00	-1.444459408521652222e-01	nan
1.863147385659245980e+00	-1.426291167736053467e-01	nan
1.877246803675577835e+00	-1.410528868436813354e-01	nan
1.891346221691909468e+00	-1.395400017499923706e-01	nan
1.905445639708241323e+00	-1.379201859235763550e-01	nan
1.919545057724572956e+00	-1.364572942256927490e-01	nan
1.933644475740904811e+00	-1.346065104007720947e-01	nan
1.947743893757236666e+00	-1.329848617315292358e-01	nan
1.961843311773568299e+00	-1.312738806009292603e-01	nan
1.975942729789900154e+00	-1.297058761119842529e-01	nan
1.990042147806231787e+00	-1.280287206172943115e-01	nan
2.004141565822563642e+00	-1.262502670288085938e-01	nan
2.018240983838895275e+00	-1.249074041843414307e-01	nan
2.032340401855226908e+00	-1.231417953968048096e-01	nan
2.046439819871558985e+00	-1.214744374155998230e-01	nan
2.060539237887890618e+00	-1.199982836842536926e-01	nan
2.074638655904222251e+00	-1.182253584265708923e-01	nan
2.088738073920554328e+00	-1.164384782314300537e-01	nan
2.102837491936885961e+00	-1.145143806934356689e-01	nan
2.116936909953217594e+00	-1.128878146409988403e-01	nan
2.131036327969549227e+00	-1.112219840288162231e-01	nan
2.145135745985881304e+00	-1.094876229763031006e-01	nan
2.159235164002212937e+00	-1.076514050364494324e-01	nan
2.173334582018544570e+00	-1.060921102762222290e-01	nan
2.187434000034876203e+00	-1.043410226702690125e-01	nan
2.201533418051208280e+00	-1.028407067060470581e-01	nan
2.215632836067539913e+00	-1.010799407958984375e-01	nan
2.229732254083871545e+00	-9.980519115924835205e-02	nan
2.243831672100203622e+00	-9.820053726434707642e-02	nan
2.257931090116535255e+00	-9.648672491312026978e-02	nan
2.272030508132866888e+00	-9.482163190841674805e-02	nan
2.286129926149198965e+00	-9.326856583356857300e-02	nan
2.300229344165530598e+00	-9.187326580286026001e-02	nan
2.314328762181862231e+00	-9.020719677209854126e-02	nan
2.328428180198194308e+00	-8.868888765573501587e-02	nan
2.342527598214525941e+00	-8.685215562582015991e-02	nan
2.356627016230857574e+00	-8.546631038188934326e-02	nan
2.370726434247189207e+00	-8.388223499059677124e-02	nan
2.384825852263521284e+00	-8.222498744726181030e-02	nan
2.398925270279852917e+00	-8.069497346878051758e-02	nan
2.413024688296184550e+00	-7.913925498723983765e-02	nan
2.427124106312516627e+00	-7.770581543445587158e-02	nan
2.441223524328848260e+00	-7.600820809602737427e-02	nan
2.455322942345179893e+00	-7.468216121196746826e-02	nan
2.469422360361511970e+00	-7.298862934112548828e-02	nan
2.483521778377843603e+00	-7.147901505231857300e-02	nan
2.497621196394175236e+00	-6.994546204805374146e-02	nan
2.511720614410506869e+00	-6.848786771297454834e-02	nan
2.525820032426838946e+00	-6.703215092420578003e-02	nan
2.539919450443170579e+00	-6.546971201896667480e-02	nan
2.554018868459502212e+00	-6.393437832593917847e-02	nan
2.568118286475834289e+00	-6.242043524980545044e-02	nan
2.582217704492165922e+00	-6.101107969880104065e-02	nan
2.596317122508497555e+00	-5.935003235936164856e-02	nan
2.610416540524829632e+00	-5.776985734701156616e-02	nan
2.624515958541161265e+00	-5.658971518278121948e-02	nan
2.638615376557492898e+00	-5.488953739404678345e-02	nan
2.652714794573824975e+00	-5.341302230954170227e-02	nan
2.666814212590156608e+00	-5.189958587288856506e-02	nan
2.680913630606488240e+00	-5.036683380603790283e-02	nan
2.695013048622819873e+00	-4.894587025046348572e-02	nan
2.709112466639151950e+00	-4.739525541663169861e-02	nan
2.723211884655483583e+00	-4.589445143938064575e-02	nan
2.737311302671815216e+00	-4.453352466225624084e-02	nan
2.751410720688147293e+00	-4.308454319834709167e-02	nan
2.765510138704478926e+00	-4.177685081958770752e-02	nan
2.779609556720810559e+00	-4.061378538608551025e-02	nan
2.793708974737142636e+00	-3.922183439135551453e-02	nan
2.807808392753474269e+00	-3.774644806981086731e-02	nan
2.821907810769805902e+00	-3.656213730573654175e-02	nan
2.836007228786137535e+00	-3.511963039636611938e-02	nan
2.850106646802469612e+00	-3.373980894684791565e-02	nan
2.864206064818801245e+00	-3.245343267917633057e-02	nan
2.878305482835132878e+00	-3.116723150014877319e-02	nan
2.892404900851464955e+00	-2.977107465267181396e-02	nan
2.906504318867796588e+00	-2.863237634301185608e-02	nan
2.920603736884128221e+00	-2.737125754356384277e-02	nan
2.934703154900460298e+00	-2.596526779234409332e-02	nan
2.948802572916791931e+00	-2.457310445606708527e-02	nan
2.962901990933123564e+00	-2.314187213778495789e-02	nan
2.977001408949455641e+00	-2.200346253812313080e-02	nan
2.991100826965787274e+00	-2.075770497322082520e-02	nan
3.005200244982118907e+00	-1.964741945266723633e-02	nan
3.019299662998450540e+00	-1.833772473037242889e-02	nan
3.033399081014782617e+00	-1.721709966659545898e-02	nan
3.047498499031114250e+00	-1.581069268286228180e-02	nan
3.061597917047445883e+00	-1.465485244989395142e-02	nan
3.075697335063777960e+00	-1.329370774328708649e-02	nan
3.089796753080109593e+00	-1.216477062553167343e-02	nan
3.103896171096441226e+00	-1.096635591238737106e-02	nan
3.117995589112773303e+00	-9.691717103123664856e-03	nan
3.132095007129104935e+00	-8.506001904606819153e-03	nan
3.146194425145436568e+00	-7.357129361480474472e-03	nan
3.160293843161768645e+00	-6.273697130382061005e-03	nan
3.174393261178100278e+00	-5.073987878859043121e-03	nan
3.188492679194431911e+00	-3.834788221865892410e-03	nan
3.202592097210763544e+00	-2.648074179887771606e-03	nan
3.216691515227095621e+00	-1.353442436084151268e-03	nan
3.230790933243427254e+00	-2.285913360537961125e-04	nan
3.244890351259758887e+00	1.024801866151392460e-03	4.735136210177439070e-04
3.258989769276090964e+00	2.109896857291460037e-03	6.819372322582425592e-04
3.273089187292422597e+00	3.166733775287866592e-03	8.372971066724850574e-04
3.287188605308754230e+00	4.424742888659238815e-03	9.919005320861613590e-04
3.301288023325086307e+00	5.626098252832889557e-03	1.120045374594253905e-03
3.315387441341417940e+00	6.931562907993793488e-03	1.244756564948711584e-03
3.329486859357749573e+00	8.047325536608695984e-03	1.341983267230390962e-03
3.343586277374081206e+00	9.114132262766361237e-03	1.428713219176128493e-03
3.357685695390413283e+00	1.038670819252729416e-02	1.525713552493912538e-03
3.371785113406744916e+00	1.161745842546224594e-02	1.614070049333623776e-03
3.385884531423076549e+00	1.290389150381088257e-02	1.701530222823517376e-03
3.399983949439408626e+00	1.422522962093353271e-02	1.786939872875666253e-03
3.414083367455740259e+00	1.551916077733039856e-02	1.866612018054445874e-03
3.428182785472071892e+00	1.679525896906852722e-02	1.941829090394762590e-03
3.442282203488403969e+00	1.818162389099597931e-02	2.020620706339383565e-03
3.456381621504735602e+00	1.975936442613601685e-02	2.107113920503098092e-03
3.470481039521067235e+00	2.103703282773494720e-02	2.194280454237710221e-03
3.484580457537399312e+00	2.254858613014221191e-02	2.290813274910627299e-03
3.498679875553730945e+00	2.413190156221389771e-02	2.381306606255094004e-03
3.512779293570062578e+00	2.567321993410587311e-02	2.461812586361160002e-03
3.526878711586394211e+00	2.745978347957134247e-02	2.554855900776091277e-03
3.540978129602726288e+00	2.918996103107929230e-02	2.643084605448759242e-03
3.555077547619057921e+00	3.105643391609191895e-02	2.735055738238673009e-03
3.569176965635389553e+00	3.293013572692871094e-02	2.824624043948182305e-03
3.583276383651721630e+00	3.493359312415122986e-02	2.917347629822545935e-03
3.597375801668053263e+00	3.707802295684814453e-02	3.013880781370823977e-03
3.611475219684384896e+00	3.915179520845413208e-02	3.103045641019145772e-03
3.625574637700716973e+00	4.151929169893264771e-02	3.199768223301322715e-03
3.639674055717048606e+00	4.385461658239364624e-02	3.292617280034856268e-03
3.653773473733380239e+00	4.647905379533767700e-02	3.397327778524231526e-03
3.667872891749711872e+00	4.916453361511230469e-02	3.502334029500172013e-03
3.681972309766043949e+00	5.182038992643356323e-02	3.606119804140609213e-03
3.696071727782375582e+00	5.487532541155815125e-02	3.760131417585206755e-03
3.710171145798707215e+00	5.798843502998352051e-02	3.902576206636004363e-03
3.724270563815039292e+00	6.135389581322669983e-02	4.046513608266581914e-03
3.738369981831370925e+00	6.456406414508819580e-02	4.179319806034710247e-03
3.752469399847702558e+00	6.794369220733642578e-02	4.314105728544256543e-03
3.766568817864034635e+00	7.163494825363159180e-02	4.456609106794635032e-03
3.780668235880366268e+00	7.548756152391433716e-02	4.601276860911622871e-03
3.794767653896697901e+00	7.931832969188690186e-02	4.743405914714273093e-03
3.808867071913029978e+00	8.335717767477035522e-02	4.920874998031025439e-03
3.822966489929361611e+00	8.743893355131149292e-02	5.096532514615138669e-03
3.837065907945693244e+00	9.160386770963668823e-02	5.267998853999568409e-03
3.851165325962024877e+00	9.598886221647262573e-02	5.458792613110770992e-03
3.865264743978356954e+00	9.999890625476837158e-02	5.649284448070203413e-03
3.879364161994688587e+00	1.040759310126304626e-01	5.828311494612378046e-03
3.893463580011020220e+00	1.084667816758155823e-01	6.000421163873621844e-03
3.907562998027352297e+00	1.125964522361755371e-01	6.155786078545819051e-03
3.921662416043683930e+00	1.163627207279205322e-01	6.298777062343883723e-03
3.935761834060015563e+00	1.199518069624900818e-01	6.432765390833187005e-03
3.949861252076347640e+00	1.233004555106163025e-01	6.556709163200846908e-03
3.963960670092679273e+00	1.265378892421722412e-01	6.675243846321505907e-03
3.978060088109010906e+00	1.293195337057113647e-01	6.872991941991643712e-03
3.992159506125342538e+00	1.319391280412673950e-01	7.060720321067284234e-03
4.006258924141675060e+00	1.338401734828948975e-01	7.178768365661641893e-03
4.020358342158006693e+00	1.349016875028610229e-01	7.254359265195746594e-03
4.034457760174338325e+00	1.352557688951492310e-01	7.310135191991366972e-03
4.048557178190669958e+00	1.352225691080093384e-01	7.347103968673516193e-03
4.062656596207001591e+00	1.344628483057022095e-01	7.358988431915148079e-03
4.076756014223333224e+00	1.331644058227539062e-01	7.351989116928274101e-03
4.090855432239665745e+00	1.314852982759475708e-01	7.330642902788222712e-03
4.104954850255997378e+00	1.285349279642105103e-01	7.257225362308292703e-03
4.119054268272329011e+00	1.257597804069519043e-01	7.182330166883285627e-03
4.133153686288660644e+00	1.224025413393974304e-01	7.091734976699892549e-03
4.147253104304992277e+00	1.187454462051391602e-01	6.997506365897197649e-03
4.161352522321324798e+00	1.151322796940803528e-01	6.901808389545525772e-03
4.175451940337656431e+00	1.111320033669471741e-01	6.790547178493677380e-03
4.189551358353988064e+00	1.070970296859741211e-01	6.674814250373408905e-03
4.203650776370319697e+00	1.032558530569076538e-01	6.561450009186114464e-03
4.217750194386651330e+00	9.926750510931015015e-02	6.519651537069384196e-03
4.231849612402982963e+00	9.541980177164077759e-02	6.508611704629150251e-03
4.245949030419314596e+00	9.191601723432540894e-02	6.469476929558441551e-03
4.260048448435647117e+00	8.874132484197616577e-02	6.426316898996043900e-03
4.274147866451978750e+00	8.559435606002807617e-02	6.373600353978262599e-03
4.288247284468310383e+00	8.278442919254302979e-02	6.326899412738961476e-03
4.302346702484642016e+00	8.016241341829299927e-02	6.281966812848676328e-03
4.316446120500973649e+00	7.763067632913589478e-02	6.235692739119658851e-03
4.330545538517305282e+00	7.554164528846740723e-02	6.202943687563624783e-03
4.344644956533637803e+00	7.349731773138046265e-02	6.162329299822522956e-03
4.358744374549969436e+00	7.175879925489425659e-02	6.131223836791263766e-03
4.372843792566301069e+00	7.011827826499938965e-02	6.101913744773995556e-03
4.386943210582632702e+00	6.869267672300338745e-02	6.080364884304382753e-03
4.401042628598964335e+00	6.726263463497161865e-02	6.056742396672169446e-03
4.415142046615295968e+00	6.621187925338745117e-02	6.054634156785311007e-03
4.429241464631627601e+00	6.494333595037460327e-02	6.045560274768272541e-03
4.443340882647960122e+00	6.410317867994308472e-02	6.057271424987131780e-03
4.457440300664291755e+00	6.345376372337341309e-02	6.079342231186300738e-03
4.471539718680623388e+00	6.264229863882064819e-02	6.089478317947179600e-03
4.485639136696955021e+00	6.207058206200599670e-02	6.105710067330723766e-03
4.499738554713286653e+00	6.150845065712928772e-02	6.116639032664543917e-03
4.513837972729618286e+00	6.091079488396644592e-02	6.125312677477850673e-03
4.527937390745950808e+00	6.027443334460258484e-02	6.131979448769621366e-03
4.542036808762282440e+00	5.997458472847938538e-02	6.160940263164058420e-03
4.556136226778614073e+00	5.947107449173927307e-02	6.187360335213108395e-03
4.570235644794945706e+00	5.900743976235389709e-02	6.216944237816154212e-03
4.584335062811277339e+00	5.871722102165222168e-02	6.256136886737968458e-03
4.598434480827608972e+00	5.845495685935020447e-02	6.297721176514707413e-03
4.612533898843940605e+00	5.796447396278381348e-02	6.326674136286595737e-03
4.626633316860273126e+00	5.743847414851188660e-02	6.354207633334803609e-03
4.640732734876604759e+00	5.723132193088531494e-02	6.400806309281744516e-03
4.654832152892936392e+00	5.667753890156745911e-02	6.427275707725955620e-03
4.668931570909268025e+00	5.631297454237937927e-02	6.466214401208082892e-03
4.683030988925599658e+00	5.610495433211326599e-02	6.514933132689336610e-03
4.697130406941931291e+00	5.579882115125656128e-02	6.559095399906685053e-03
4.711229824958263812e+00	5.533416941761970520e-02	6.593645240232317954e-03
4.725329242974595445e+00	5.496912449598312378e-02	6.638032450120747406e-03
4.739428660990927078e+00	5.482425913214683533e-02	6.692738688940126461e-03
4.753528079007258711e+00	5.433590710163116455e-02	6.714652072537824479e-03
4.767627497023590344e+00	5.403990671038627625e-02	6.744962051897841239e-03
4.781726915039921977e+00	5.375092104077339172e-02	6.776116918723962788e-03
4.795826333056253610e+00	5.328728258609771729e-02	6.795364142676857226e-03
4.809925751072586131e+00	5.293432250618934631e-02	6.825938421034036772e-03
4.824025169088917764e+00	5.269946530461311340e-02	6.874301173360214401e-03
4.838124587105249397e+00	5.245404317975044250e-02	6.931110409255809672e-03
4.852224005121581030e+00	5.197799950838088989e-02	6.973324003162579936e-03
4.866323423137912663e+00	5.163002759218215942e-02	7.026442989406787333e-03
4.880422841154244296e+00	5.146183446049690247e-02	7.094332603364205889e-03
4.894522259170575929e+00	5.101739242672920227e-02	7.143602566205818107e-03
4.908621677186908450e+00	5.044761300086975098e-02	7.188459106439725431e-03
4.922721095203240083e+00	5.012024194002151489e-02	7.247517086535360670e-03
4.936820513219571716e+00	4.990098252892494202e-02	7.319035340587107773e-03
4.950919931235903348e+00	4.950119927525520325e-02	7.380121621523073362e-03
4.965019349252234981e+00	4.919012263417243958e-02	7.449715111306393772e-03
4.979118767268566614e+00	4.862886667251586914e-02	7.502212165355990475e-03
4.993218185284899135e+00	4.841987043619155884e-02	7.585982501741602053e-03
5.007317603301230768e+00	4.806415736675262451e-02	7.660205070094358928e-03
5.021417021317562401e+00	4.766553640365600586e-02	7.734388739839778010e-03
5.035516439333894034e+00	4.737476631999015808e-02	7.820976791533313169e-03
5.049615857350225667e+00	4.708777368068695068e-02	7.911975939691303847e-03
5.063715275366557300e+00	4.670032113790512085e-02	8.005068450419022125e-03
5.077814693382888933e+00	4.634037613868713379e-02	8.094258972203088875e-03
5.091914111399221454e+00	4.628717899322509766e-02	8.216337008194844749e-03
5.106013529415553087e+00	4.545026272535324097e-02	8.275489543530297615e-03
5.120112947431884720e+00	4.508319497108459473e-02	8.392201173347288087e-03
5.134212365448216353e+00	4.459515586495399475e-02	8.482957478892215117e-03
5.148311783464547986e+00	4.426553845405578613e-02	8.604610195367229722e-03
5.162411201480879619e+00	4.383549466729164124e-02	8.725240961735292525e-03
5.176510619497212140e+00	4.355049133300781250e-02	8.866907892106843520e-03
5.190610037513543773e+00	4.358369857072830200e-02	9.052700194789559812e-03
5.204709455529875406e+00	4.319257661700248718e-02	9.203810066806972917e-03
5.218808873546207039e+00	4.291661828756332397e-02	9.377919583015977695e-03
5.232908291562538672e+00	4.244680702686309814e-02	9.541522676674425024e-03
5.247007709578870305e+00	4.222683981060981750e-02	9.749967014427545972e-03
5.261107127595201938e+00	4.232519865036010742e-02	1.001082523358177469e-02
5.275206545611534459e+00	4.175203293561935425e-02	1.020932043413061950e-02
5.289305963627866092e+00	4.181399568915367126e-02	1.051014693253143027e-02
5.303405381644197725e+00	4.178515076637268066e-02	1.082406393497782615e-02
5.317504799660529358e+00	4.135528951883316040e-02	1.117017608501197357e-02
5.331604217676860991e+00	4.105355590581893921e-02	1.165065619143881154e-02
5.345703635693192624e+00	4.011409357190132141e-02	1.209380775486084900e-02
5.359803053709525145e+00	3.962987661361694336e-02	1.284530093138509278e-02
5.373902471725856778e+00	3.943618759512901306e-02	1.344911076065319344e-02
5.388001889742188411e+00	3.909606114029884338e-02	1.386857820657784110e-02
5.402101307758520043e+00	3.863090649247169495e-02	1.418938689507125671e-02
5.416200725774851676e+00	3.847983479499816895e-02	1.445256653918877351e-02
5.430300143791183309e+00	3.836923465132713318e-02	1.473804894525081698e-02
5.444399561807514942e+00	3.799109905958175659e-02	1.499211440394815700e-02
5.458498979823847463e+00	3.773973509669303894e-02	1.528905786444777551e-02
5.472598397840179096e+00	3.778570890426635742e-02	1.566904054129642301e-02
5.486697815856510729e+00	3.755474090576171875e-02	1.601714028901231324e-02
5.500797233872842362e+00	3.676722943782806396e-02	1.629582644428760607e-02
5.514896651889173995e+00	3.647835925221443176e-02	1.670781315113913437e-02
5.528996069905505628e+00	3.699396550655364990e-02	1.728874303525795852e-02
5.543095487921837261e+00	3.637423738837242126e-02	1.768418949768774812e-02
5.557194905938169782e+00	3.579355031251907349e-02	1.814432097442928923e-02
5.571294323954501415e+00	3.566272556781768799e-02	1.876703475203687216e-02
5.585393741970833048e+00	3.487347811460494995e-02	1.927900847610541230e-02
5.599493159987164681e+00	3.472569212317466736e-02	2.006628652729805160e-02
5.613592578003496314e+00	3.442559018731117249e-02	2.091056343561361469e-02
5.627691996019827947e+00	3.532048687338829041e-02	2.226109857226255678e-02
5.641791414036160468e+00	3.455533087253570557e-02	2.327585403453968915e-02
5.655890832052492101e+00	3.498084843158721924e-02	2.493426781907270157e-02
5.669990250068823734e+00	3.423304110765457153e-02	2.647015431763954929e-02
5.684089668085155367e+00	3.317294269800186157e-02	2.832207649666928367e-02
5.698189086101487000e+00	3.296495601534843445e-02	3.124164435211369828e-02
5.712288504117818633e+00	3.333237394690513611e-02	3.556350132207720949e-02
5.726387922134150266e+00	3.178635612130165100e-02	4.110903655875688956e-02
5.740487340150482787e+00	3.271276503801345825e-02	5.374976901563619652e-02
5.754586758166814420e+00	3.065942041575908661e-02	8.881713997671346339e-02
