# Normalized	10000.0 eV	Hexane Cap
# q	I	Poisson error
# nm-1	cm-1	cm-1
1.841697148967067765e-01	7.761056721210479736e-02	6.823745650637566551e-02
2.043117153216008064e-01	7.350134849548339844e-02	3.610758481017164317e-02
2.244537157464948640e-01	7.066123187541961670e-02	2.726437798761588774e-02
2.445957161713888939e-01	6.723705679178237915e-02	2.249597303339259322e-02
2.647377165962829237e-01	6.543288379907608032e-02	1.918859763375092495e-02
2.848797170211769814e-01	6.325834244489669800e-02	1.658433573200173219e-02
3.050217174460709835e-01	6.289903819561004639e-02	1.483230890023321501e-02
3.251637178709650411e-01	6.065518036484718323e-02	1.454329059849224920e-02
3.453057182958590987e-01	5.986711010336875916e-02	1.426838993094238853e-02
3.654477187207531008e-01	5.914918705821037292e-02	1.400449961018498425e-02
3.855897191456471029e-01	5.832307785749435425e-02	1.380871895361595290e-02
4.057317195705412161e-01	5.749527737498283386e-02	1.329515995694104460e-02
4.258737199954352182e-01	5.699549242854118347e-02	1.246995840329156308e-02
4.460157204203292203e-01	5.690426379442214966e-02	1.198559310109565887e-02
4.661577208452233334e-01	5.614954978227615356e-02	1.152749049879892365e-02
4.862997212701173355e-01	5.570207163691520691e-02	1.111870004680407323e-02
5.064417216950113376e-01	5.519042536616325378e-02	1.075919080998760137e-02
5.265837221199054508e-01	5.546968057751655579e-02	1.054372903256040918e-02
5.467257225447994529e-01	5.492379516363143921e-02	1.026503299636249630e-02
5.668677229696934550e-01	5.459512025117874146e-02	1.002995212593049343e-02
5.870097233945874571e-01	5.430749431252479553e-02	9.815189255679234934e-03
6.071517238194815702e-01	5.422685667872428894e-02	9.599953493240439423e-03
6.272937242443755723e-01	5.385648459196090698e-02	9.371942912572619327e-03
6.474357246692695744e-01	5.382021889090538025e-02	9.212054058488157796e-03
6.675777250941636876e-01	5.355069041252136230e-02	9.039784697745184908e-03
6.877197255190576897e-01	5.356593802571296692e-02	9.130481456828466735e-03
7.078617259439516918e-01	5.291512981057167053e-02	9.155486495774571576e-03
7.280037263688456939e-01	5.311599746346473694e-02	9.177276822821133981e-03
7.481457267937398070e-01	5.276104062795639038e-02	9.120953719066559121e-03
7.682877272186338091e-01	5.292607843875885010e-02	9.063613820393563725e-03
7.884297276435278112e-01	5.266577005386352539e-02	8.952673989719281758e-03
8.085717280684219244e-01	5.214184895157814026e-02	8.854354785618254522e-03
8.287137284933159265e-01	5.241468548774719238e-02	8.829959109111627791e-03
8.488557289182099286e-01	5.244273319840431213e-02	8.784277966444938024e-03
8.689977293431040417e-01	5.226207152009010315e-02	8.552576785624188202e-03
8.891397297679980438e-01	5.215444788336753845e-02	8.266584171125078082e-03
9.092817301928920459e-01	5.214684084057807922e-02	8.096652538011969366e-03
9.294237306177861591e-01	5.169173330068588257e-02	7.932518652630954001e-03
9.495657310426801612e-01	5.167494341731071472e-02	7.843727323277212282e-03
9.697077314675741633e-01	5.168402194976806641e-02	7.741915388397854064e-03
9.898497318924681654e-01	5.150887742638587952e-02	7.623926397846270304e-03
1.009991732317362390e+00	5.148889869451522827e-02	7.523752198748352715e-03
1.030133732742256392e+00	5.131500586867332458e-02	7.419005237026003209e-03
1.050275733167150394e+00	5.149886384606361389e-02	7.344769100291892970e-03
1.070417733592044396e+00	5.110126733779907227e-02	7.231192414762156045e-03
1.090559734016938398e+00	5.123584717512130737e-02	7.161193496325662586e-03
1.110701734441832400e+00	5.111517757177352905e-02	7.074283466992098424e-03
1.130843734866726624e+00	5.104532837867736816e-02	6.996070828271600678e-03
1.150985735291620626e+00	5.098745971918106079e-02	6.922073414093104365e-03
1.171127735716514628e+00	5.088623985648155212e-02	6.846121147687876836e-03
1.191269736141408631e+00	5.081339552998542786e-02	6.775347987215494389e-03
1.211411736566302633e+00	5.056584626436233521e-02	6.693964061960542763e-03
1.231553736991196635e+00	5.078569799661636353e-02	6.644245851333863660e-03
1.251695737416090637e+00	5.065213516354560852e-02	6.578037251601935587e-03
1.271837737840984639e+00	5.053968355059623718e-02	6.512582083912186494e-03
1.291979738265878863e+00	5.035782977938652039e-02	6.443116547878764526e-03
1.312121738690772865e+00	5.000550672411918640e-02	6.367111709185442094e-03
1.332263739115666867e+00	5.039706081151962280e-02	6.339341014913011871e-03
1.352405739540560869e+00	5.041862651705741882e-02	6.288686348847699788e-03
1.372547739965454872e+00	5.036945268511772156e-02	6.235200292465798745e-03
1.392689740390348874e+00	4.986409097909927368e-02	6.154944044810751330e-03
1.412831740815243098e+00	5.011184886097908020e-02	6.127117916487587711e-03
1.432973741240137100e+00	5.007128417491912842e-02	6.085780550752457364e-03
1.453115741665031102e+00	4.988672584295272827e-02	6.150299191691718619e-03
1.473257742089925104e+00	4.997504875063896179e-02	6.196684653567601127e-03
1.493399742514819106e+00	4.978521540760993958e-02	6.178056351715872051e-03
1.513541742939713108e+00	4.978561773896217346e-02	6.173883308456751262e-03
1.533683743364607110e+00	4.959357157349586487e-02	6.159103654103421574e-03
1.553825743789501335e+00	4.963413253426551819e-02	6.155733756185401660e-03
1.573967744214395337e+00	4.947508871555328369e-02	6.137727953327031839e-03
1.594109744639289339e+00	4.958051070570945740e-02	6.135448431841819192e-03
1.614251745064183341e+00	4.935105144977569580e-02	6.110989593677049192e-03
1.634393745489077343e+00	4.960049688816070557e-02	6.005069652752332253e-03
1.654535745913971345e+00	4.947547987103462219e-02	5.884185436333606509e-03
1.674677746338865569e+00	4.918939247727394104e-02	5.814599351155175407e-03
1.694819746763759571e+00	4.905343055725097656e-02	5.769073312293667051e-03
1.714961747188653574e+00	4.918058216571807861e-02	5.744989541814183621e-03
1.735103747613547576e+00	4.919037967920303345e-02	5.715850454223582108e-03
1.755245748038441578e+00	4.906211793422698975e-02	5.681698820279376325e-03
1.775387748463335580e+00	4.889697581529617310e-02	5.644867365259276411e-03
1.795529748888229582e+00	4.887685924768447876e-02	5.617261487577100351e-03
1.815671749313123806e+00	4.877552390098571777e-02	5.586267351148760038e-03
1.835813749738017808e+00	4.886799678206443787e-02	5.568333771853794384e-03
1.855955750162911810e+00	4.878489673137664795e-02	5.539501157938381617e-03
1.876097750587805812e+00	4.867964610457420349e-02	5.509379524395090731e-03
1.896239751012699815e+00	4.885574057698249817e-02	5.497654631956986997e-03
1.916381751437593817e+00	4.867488145828247070e-02	5.463994840574109245e-03
1.936523751862488041e+00	4.862736538052558899e-02	5.431574411014466162e-03
1.956665752287382043e+00	4.866642877459526062e-02	5.397771325667008978e-03
1.976807752712276045e+00	4.842077195644378662e-02	5.335340899202084368e-03
1.996949753137170047e+00	4.857293143868446350e-02	5.289794092480220103e-03
2.017091753562064049e+00	4.872476682066917419e-02	5.247165218916750862e-03
2.037233753986958273e+00	4.843365773558616638e-02	5.186455209587164002e-03
2.057375754411852498e+00	4.854479804635047913e-02	5.149375969872332925e-03
2.077517754836746278e+00	4.854519292712211609e-02	5.108868930430301297e-03
2.097659755261640502e+00	4.839320853352546692e-02	5.056755094488913672e-03
2.117801755686534282e+00	4.833682999014854431e-02	5.012151343770076053e-03
2.137943756111428506e+00	4.858242347836494446e-02	4.986313515795187841e-03
2.158085756536322286e+00	4.835014417767524719e-02	4.938528983114148438e-03
2.178227756961216510e+00	4.836408048868179321e-02	4.910210915849371090e-03
2.198369757386110734e+00	4.809318482875823975e-02	4.870714615857908887e-03
2.218511757811004514e+00	4.814244061708450317e-02	4.848720253507110209e-03
2.238653758235898739e+00	4.819195717573165894e-02	4.828301889762647361e-03
2.258795758660792963e+00	4.809440672397613525e-02	4.798122646775148346e-03
2.278937759085686743e+00	4.810417443513870239e-02	4.774855128120509586e-03
2.299079759510580967e+00	4.814067855477333069e-02	4.753675346314795158e-03
2.319221759935474747e+00	4.805292561650276184e-02	4.727285626672632531e-03
2.339363760360368971e+00	4.808853939175605774e-02	4.706477460843158482e-03
2.359505760785262751e+00	4.796848073601722717e-02	4.677978732307037230e-03
2.379647761210156975e+00	4.797624051570892334e-02	4.656507577835125068e-03
2.399789761635051200e+00	4.800482466816902161e-02	4.636999123469522088e-03
2.419931762059944980e+00	4.803344234824180603e-02	4.617348807362597202e-03
2.440073762484839204e+00	4.803415015339851379e-02	4.597272249518076677e-03
2.460215762909732984e+00	4.792547971010208130e-02	4.571378741900767456e-03
2.480357763334627208e+00	4.794609174132347107e-02	4.553167618691417000e-03
2.500499763759520988e+00	4.797755181789398193e-02	4.534377328883323378e-03
2.520641764184415212e+00	4.784126952290534973e-02	4.509148198962312053e-03
2.540783764609309436e+00	4.773841425776481628e-02	4.484382513395235477e-03
2.560925765034203216e+00	4.778515547513961792e-02	4.468186937941039799e-03
2.581067765459097441e+00	4.781969264149665833e-02	4.450783718101112250e-03
2.601209765883991221e+00	4.790743812918663025e-02	4.437106826236772265e-03
2.621351766308885445e+00	4.788983613252639771e-02	4.418375523165788896e-03
2.641493766733779669e+00	4.781392216682434082e-02	4.396995612016976057e-03
2.661635767158673449e+00	4.791167378425598145e-02	4.383597749879516482e-03
2.681777767583567673e+00	4.793078824877738953e-02	4.366151761022403488e-03
2.701919768008461453e+00	4.791154339909553528e-02	4.348617980536601500e-03
2.722061768433355677e+00	4.773702099919319153e-02	4.323039560754732454e-03
2.742203768858249457e+00	4.785777628421783447e-02	4.312252877829905046e-03
2.762345769283143682e+00	4.783257842063903809e-02	4.294140319958926651e-03
2.782487769708037906e+00	4.773446172475814819e-02	4.273507919513004107e-03
2.802629770132931686e+00	4.787596315145492554e-02	4.263896421468829981e-03
2.822771770557825910e+00	4.781162738800048828e-02	4.244596905319053884e-03
2.842913770982719690e+00	4.784201085567474365e-02	4.230250409734711940e-03
2.863055771407613914e+00	4.787028953433036804e-02	4.215981906661787036e-03
2.883197771832507694e+00	4.776635766029357910e-02	4.190640389048584831e-03
2.903339772257401918e+00	4.778598994016647339e-02	4.172700559896397147e-03
2.923481772682296143e+00	4.784940183162689209e-02	4.160171268549194001e-03
2.943623773107189923e+00	4.792570695281028748e-02	4.148620675548011193e-03
2.963765773532084147e+00	4.788376763463020325e-02	4.132045909064254417e-03
2.983907773956977927e+00	4.784009605646133423e-02	4.146075687620948830e-03
3.004049774381872151e+00	4.776622727513313293e-02	4.178747931003759346e-03
3.024191774806766375e+00	4.787139594554901123e-02	4.197206594216006462e-03
3.044333775231660155e+00	4.800029098987579346e-02	4.213042071784246258e-03
3.064475775656554379e+00	4.789729788899421692e-02	4.215587526916582221e-03
3.084617776081448159e+00	4.778277128934860229e-02	4.215754652323547118e-03
3.104759776506342384e+00	4.779394343495368958e-02	4.218703446104562875e-03
3.124901776931236164e+00	4.788217321038246155e-02	4.225208142204396958e-03
3.145043777356130388e+00	4.793516546487808228e-02	4.228237240449668130e-03
3.165185777781024612e+00	4.790841042995452881e-02	4.201848167620056071e-03
3.185327778205918392e+00	4.787229746580123901e-02	4.142260168163631497e-03
3.205469778630812616e+00	4.796469211578369141e-02	4.115410788307633481e-03
3.225611779055706396e+00	4.784157872200012207e-02	4.082260483517126393e-03
3.245753779480600620e+00	4.798834770917892456e-02	4.065391757506823557e-03
3.265895779905494400e+00	4.805776476860046387e-02	4.047436995163305670e-03
3.286037780330388625e+00	4.803521558642387390e-02	4.026653331368337113e-03
3.306179780755282849e+00	4.803364351391792297e-02	4.007543013972104419e-03
3.326321781180176629e+00	4.818363487720489502e-02	3.996743251186382975e-03
3.346463781605070853e+00	4.823338240385055542e-02	3.981638592461526904e-03
3.366605782029964633e+00	4.822960495948791504e-02	3.965476131807184855e-03
3.386747782454858857e+00	4.805756360292434692e-02	3.942984465253622159e-03
3.406889782879752637e+00	4.801006987690925598e-02	3.925564056363381286e-03
3.427031783304646861e+00	4.811199009418487549e-02	3.915174524139822254e-03
3.447173783729541086e+00	4.807505011558532715e-02	3.898056536895989910e-03
3.467315784154434866e+00	4.805406928062438965e-02	3.883050041578640574e-03
3.487457784579329090e+00	4.826953262090682983e-02	3.878341181059139463e-03
3.507599785004222870e+00	4.841745272278785706e-02	3.870828719687711104e-03
3.527741785429117094e+00	4.826188087463378906e-02	3.850877414731558503e-03
3.547883785854011318e+00	4.843124747276306152e-02	3.844858871302595221e-03
3.568025786278905098e+00	4.829150810837745667e-02	3.825781542184734929e-03
3.588167786703799322e+00	4.849281162023544312e-02	3.821359935237769474e-03
3.608309787128693102e+00	4.854282736778259277e-02	3.810837437135487175e-03
3.628451787553587327e+00	4.845734685659408569e-02	3.795027473932836414e-03
3.648593787978481107e+00	4.846500977873802185e-02	3.782693023289750069e-03
3.668735788403375331e+00	4.864418134093284607e-02	3.778446975155483681e-03
3.688877788828269555e+00	4.859628900885581970e-02	3.764036301791648213e-03
3.709019789253163335e+00	4.864707589149475098e-02	3.754904972358512599e-03
3.729161789678057559e+00	4.881194978952407837e-02	3.749684496240265116e-03
3.749303790102951339e+00	4.883216693997383118e-02	3.783119479684644588e-03
3.769445790527845563e+00	4.859074205160140991e-02	3.791879634037864048e-03
3.789587790952739343e+00	4.864595830440521240e-02	3.806212182494336706e-03
3.809729791377633568e+00	4.875841364264488220e-02	3.819043293286510793e-03
3.829871791802527792e+00	4.886548221111297607e-02	3.829582715755114677e-03
3.850013792227421572e+00	4.893739148974418640e-02	3.836576511599055182e-03
3.870155792652315796e+00	4.893514513969421387e-02	3.838993827188586037e-03
3.890297793077209576e+00	4.906685650348663330e-02	3.845961949086201294e-03
3.910439793502103800e+00	4.889136552810668945e-02	3.839911541048349457e-03
3.930581793926998024e+00	4.877108335494995117e-02	3.796141848877727064e-03
3.950723794351891804e+00	4.902150109410285950e-02	3.770510235810160815e-03
3.970865794776786029e+00	4.915207624435424805e-02	3.750228014905555071e-03
3.991007795201679809e+00	4.925746843218803406e-02	3.733848373283599892e-03
4.011149795626574033e+00	4.925794526934623718e-02	3.716001864031040318e-03
4.031291796051467813e+00	4.935438185930252075e-02	3.703426418655560420e-03
4.051433796476361593e+00	4.946031048893928528e-02	3.692304145915287650e-03
4.071575796901256261e+00	4.946889355778694153e-02	3.678346089935417493e-03
4.091717797326150041e+00	4.956693947315216064e-02	3.668748620717772642e-03
4.111859797751043821e+00	4.951280727982521057e-02	3.653572039668419921e-03
4.132001798175937601e+00	4.962878674268722534e-02	3.645201582615348150e-03
4.152143798600832270e+00	4.979273304343223572e-02	3.639612839892001402e-03
4.172285799025726050e+00	4.985405877232551575e-02	3.630066879592710669e-03
4.192427799450620718e+00	4.979914054274559021e-02	3.616319215373263278e-03
4.212569799875514498e+00	4.987278953194618225e-02	3.608171095153150411e-03
4.232711800300408278e+00	5.000018700957298279e-02	3.601411093563852521e-03
4.252853800725302058e+00	5.014739930629730225e-02	3.596400408483321851e-03
4.272995801150196726e+00	5.004757270216941833e-02	3.582023626001446144e-03
4.293137801575090506e+00	5.015682429075241089e-02	3.575233374655021994e-03
4.313279801999984286e+00	5.023271590471267700e-02	3.568170112522692401e-03
4.333421802424878955e+00	5.017719417810440063e-02	3.555933159513770953e-03
4.353563802849772735e+00	5.048229545354843140e-02	3.556778693861320853e-03
4.373705803274666515e+00	5.054800584912300110e-02	3.550029231134899099e-03
4.393847803699560295e+00	5.050298571586608887e-02	3.538118250252347743e-03
4.413989804124454963e+00	5.069890990853309631e-02	3.535244572183893468e-03
4.434131804549348743e+00	5.077014863491058350e-02	3.528613883807514475e-03
4.454273804974242523e+00	5.069227889180183411e-02	3.516419276656096264e-03
4.474415805399137192e+00	5.079241469502449036e-02	3.510729639498642168e-03
4.494557805824030972e+00	5.073368921875953674e-02	3.499390436620630068e-03
4.514699806248924752e+00	5.096987262368202209e-02	3.499132830162202720e-03
4.534841806673818532e+00	5.105963721871376038e-02	3.493907647472607302e-03
4.554983807098713200e+00	5.118084326386451721e-02	3.490025416901821123e-03
4.575125807523606980e+00	5.137367174029350281e-02	3.487931182701224479e-03
4.595267807948500760e+00	5.138425529003143311e-02	3.479852360370818548e-03
4.615409808373395428e+00	5.151809751987457275e-02	3.476124142623318244e-03
4.635551808798289208e+00	5.137019231915473938e-02	3.462668289010937921e-03
4.655693809223182988e+00	5.160533636808395386e-02	3.462234607469855899e-03
4.675835809648076768e+00	5.177791044116020203e-02	3.460053155996583533e-03
4.695977810072971437e+00	5.173394829034805298e-02	3.450369309784827136e-03
4.716119810497865217e+00	5.186871439218521118e-02	3.446917593126572026e-03
4.736261810922758997e+00	5.199176445603370667e-02	3.442847816482601329e-03
4.756403811347653665e+00	5.205584317445755005e-02	3.437225088106477325e-03
4.776545811772547445e+00	5.216855183243751526e-02	3.433639904671846599e-03
4.796687812197441225e+00	5.215855315327644348e-02	3.424620174321574284e-03
4.816829812622335005e+00	5.237757787108421326e-02	3.424221102122859510e-03
4.836971813047229674e+00	5.250185728073120117e-02	3.420473242163779310e-03
4.857113813472123454e+00	5.263848602771759033e-02	3.417239174758369535e-03
4.877255813897017234e+00	5.252593010663986206e-02	3.405605021557496590e-03
4.897397814321911902e+00	5.268070101737976074e-02	3.403146368309902230e-03
4.917539814746805682e+00	5.288748070597648621e-02	3.402492314123106015e-03
4.937681815171699462e+00	5.282901972532272339e-02	3.392785868151207331e-03
4.957823815596594130e+00	5.310197919607162476e-02	3.427028160406551255e-03
4.977965816021487910e+00	5.320797115564346313e-02	3.452016814292568729e-03
4.998107816446381690e+00	5.322162806987762451e-02	3.461472970454830805e-03
5.018249816871275470e+00	5.344299972057342529e-02	3.469599305983629353e-03
5.038391817296170139e+00	5.356392636895179749e-02	3.477567646265556679e-03
5.058533817721063919e+00	5.370373651385307312e-02	3.486533338364401595e-03
5.078675818145957699e+00	5.377446860074996948e-02	3.492162728674980208e-03
5.098817818570852367e+00	5.394294112920761108e-02	3.500352988104181787e-03
5.118959818995746147e+00	5.397877469658851624e-02	3.503163406304675345e-03
5.139101819420639927e+00	5.403273552656173706e-02	3.506276905734058511e-03
5.159243819845533707e+00	5.419046804308891296e-02	3.510472199830331694e-03
5.179385820270428376e+00	5.430077016353607178e-02	3.509937340407873630e-03
5.199527820695322156e+00	5.459348857402801514e-02	3.515586332916577784e-03
5.219669821120215936e+00	5.472230538725852966e-02	3.518555484869489644e-03
5.239811821545110604e+00	5.491948500275611877e-02	3.524292807644131744e-03
5.259953821970004384e+00	5.497230589389801025e-02	3.527563470533526691e-03
5.280095822394898164e+00	5.504978820681571960e-02	3.569125478685534602e-03
5.300237822819791944e+00	5.508801713585853577e-02	3.596470078454410985e-03
5.320379823244686612e+00	5.534548312425613403e-02	3.625109397857694763e-03
5.340521823669580392e+00	5.538065358996391296e-02	3.642469232765822417e-03
5.360663824094474172e+00	5.562568828463554382e-02	3.664806824465153753e-03
5.380805824519368841e+00	5.558882281184196472e-02	3.676202697032691924e-03
5.400947824944262621e+00	5.584221705794334412e-02	3.696461119815280805e-03
5.421089825369156401e+00	5.606576800346374512e-02	3.715865663925752536e-03
5.441231825794050181e+00	5.613977462053298950e-02	3.754994825482128179e-03
5.461373826218944849e+00	5.618005245923995972e-02	3.790734293228147523e-03
5.481515826643838629e+00	5.632438883185386658e-02	3.825176953472273367e-03
5.501657827068732409e+00	5.648000910878181458e-02	3.870104163148586733e-03
5.521799827493627078e+00	5.676912143826484680e-02	3.928749084340740598e-03
5.541941827918520858e+00	5.678161606192588806e-02	3.967071039806397727e-03
5.562083828343414638e+00	5.683142319321632385e-02	3.994675466384303188e-03
5.582225828768308418e+00	5.706627666950225830e-02	4.023424203898772269e-03
5.602367829193203086e+00	5.723989382386207581e-02	4.049592672690437503e-03
5.622509829618096866e+00	5.735563859343528748e-02	4.071507328637071800e-03
5.642651830042990646e+00	5.758915469050407410e-02	4.096220138397238357e-03
5.662793830467885314e+00	5.778725445270538330e-02	4.118525378561565392e-03
5.682935830892779094e+00	5.773607268929481506e-02	4.193756565513037313e-03
5.703077831317672874e+00	5.799193680286407471e-02	4.276147417613665978e-03
5.723219831742566654e+00	5.835819244384765625e-02	4.330471981489789415e-03
5.743361832167461323e+00	5.854773521423339844e-02	4.366534384862155206e-03
5.763503832592355103e+00	5.858296900987625122e-02	4.397568577921921393e-03
5.783645833017248883e+00	5.887834727764129639e-02	4.434158120417482085e-03
5.803787833442143551e+00	5.880293622612953186e-02	4.454401945107866294e-03
5.823929833867037331e+00	5.908181890845298767e-02	4.487325246797366739e-03
5.844071834291931111e+00	5.931334570050239563e-02	4.517113023961716843e-03
5.864213834716825779e+00	5.941499769687652588e-02	4.534115522870096199e-03
5.884355835141719560e+00	5.953866243362426758e-02	4.548028734449856801e-03
5.904497835566613340e+00	5.994520336389541626e-02	4.576091509119233763e-03
5.924639835991507120e+00	6.008465960621833801e-02	4.599147262761418137e-03
5.944781836416401788e+00	6.027152761816978455e-02	4.623623672681900082e-03
5.964923836841295568e+00	6.063905358314514160e-02	4.655208114539114393e-03
5.985065837266189348e+00	6.059307605028152466e-02	4.669941361260056961e-03
6.005207837691084016e+00	6.061642989516258240e-02	4.686302201849475331e-03
6.025349838115977796e+00	6.098965927958488464e-02	4.779159513120176395e-03
6.045491838540871576e+00	6.126012653112411499e-02	4.893749537605379674e-03
6.065633838965765356e+00	6.138808280229568481e-02	4.975110789098153609e-03
6.085775839390660025e+00	6.150497496128082275e-02	5.046670784691582173e-03
6.105917839815553805e+00	6.165039911866188049e-02	5.114527769061725550e-03
6.126059840240447585e+00	6.191452220082283020e-02	5.184768142370545230e-03
6.146201840665342253e+00	6.186405569314956665e-02	5.239458440425850093e-03
6.166343841090236033e+00	6.235442683100700378e-02	5.316601747588305289e-03
6.186485841515129813e+00	6.248289719223976135e-02	5.375615128287798174e-03
6.206627841940023593e+00	6.244407221674919128e-02	5.420589324765526067e-03
6.226769842364918262e+00	6.276315450668334961e-02	5.479788299701218030e-03
6.246911842789812042e+00	6.298874318599700928e-02	5.534166131176757042e-03
6.267053843214705822e+00	6.325712054967880249e-02	5.590054036626489718e-03
6.287195843639600490e+00	6.338141858577728271e-02	5.639174924193820701e-03
6.307337844064494270e+00	6.350255012512207031e-02	5.692615900236620320e-03
6.327479844489388050e+00	6.373728811740875244e-02	5.756412795795104974e-03
6.347621844914281830e+00	6.380776315927505493e-02	5.813319437232892205e-03
6.367763845339176498e+00	6.399649381637573242e-02	5.877429742424818658e-03
6.387905845764070278e+00	6.454620510339736938e-02	5.956083352374713646e-03
6.408047846188964058e+00	6.481184810400009155e-02	6.015729267543888995e-03
6.428189846613858727e+00	6.472799181938171387e-02	6.053267234699576810e-03
6.448331847038752507e+00	6.513714790344238281e-02	6.114832625478041489e-03
6.468473847463646287e+00	6.535272300243377686e-02	6.167830012712014615e-03
6.488615847888540067e+00	6.561090797185897827e-02	6.227708635198204133e-03
6.508757848313434735e+00	6.574121862649917603e-02	6.290882036907161599e-03
6.528899848738328515e+00	6.602293252944946289e-02	6.363270859492674812e-03
6.549041849163222295e+00	6.614051014184951782e-02	6.427985747521883578e-03
6.569183849588116964e+00	6.628357619047164917e-02	6.495260913637594495e-03
6.589325850013010744e+00	6.663168221712112427e-02	6.574014231092424262e-03
6.609467850437904524e+00	6.693450361490249634e-02	6.652075311646749554e-03
6.629609850862798304e+00	6.712426990270614624e-02	6.725425713244509614e-03
6.649751851287692972e+00	6.737272441387176514e-02	6.802961193886420538e-03
6.669893851712586752e+00	6.758651882410049438e-02	6.880748738581436361e-03
6.690035852137480532e+00	6.782564520835876465e-02	6.960748532114639786e-03
6.710177852562375200e+00	6.805726885795593262e-02	7.042542033913364030e-03
6.730319852987268980e+00	6.837253272533416748e-02	7.129867718213269041e-03
6.750461853412162760e+00	6.844247132539749146e-02	7.208816561398834373e-03
6.770603853837057429e+00	6.863741576671600342e-02	7.290923503203056849e-03
6.790745854261951209e+00	6.911981850862503052e-02	7.377488143015146355e-03
6.810887854686844989e+00	6.915867328643798828e-02	7.435747210522519052e-03
6.831029855111738769e+00	6.966250389814376831e-02	7.520682614834857393e-03
6.851171855536633437e+00	6.979283690452575684e-02	7.585231338381183755e-03
6.871313855961527217e+00	7.010397315025329590e-02	7.665080937731071076e-03
6.891455856386420997e+00	7.026626914739608765e-02	7.748450546742485963e-03
6.911597856811315665e+00	7.060749083757400513e-02	7.853226040328065150e-03
6.931739857236209446e+00	7.064078748226165771e-02	7.942932819244276355e-03
6.951881857661103226e+00	7.098528742790222168e-02	8.053873993963072894e-03
6.972023858085997006e+00	7.108598202466964722e-02	8.153650575893657548e-03
6.992165858510891674e+00	7.148527354001998901e-02	8.273550572735995090e-03
7.012307858935785454e+00	7.168579846620559692e-02	8.388871983124046583e-03
7.032449859360679234e+00	7.209838926792144775e-02	8.513779909488946793e-03
7.052591859785573902e+00	7.236078381538391113e-02	8.635779875020326707e-03
7.072733860210467682e+00	7.237458229064941406e-02	8.747614117425901378e-03
7.092875860635361462e+00	7.260266691446304321e-02	8.875769977341874464e-03
7.113017861060255242e+00	7.302657514810562134e-02	9.021148783546302161e-03
7.133159861485149911e+00	7.349561899900436401e-02	9.174745708444028910e-03
7.153301861910043691e+00	7.390429824590682983e-02	9.328975575091106448e-03
7.173443862334937471e+00	7.382439076900482178e-02	9.457394547702639362e-03
7.193585862759832139e+00	7.428142428398132324e-02	9.626553327217787087e-03
7.213727863184725919e+00	7.465656101703643799e-02	9.797074433286093870e-03
7.233869863609619699e+00	7.453532516956329346e-02	9.949373309117898884e-03
7.254011864034513479e+00	7.516546547412872314e-02	1.014680057254268436e-02
7.274153864459408148e+00	7.496252655982971191e-02	1.029427534694735830e-02
7.294295864884301928e+00	7.559020072221755981e-02	1.051436373092127542e-02
7.314437865309195708e+00	7.602418959140777588e-02	1.074179591370949018e-02
7.334579865734090376e+00	7.614108920097351074e-02	1.093045891802948630e-02
7.354721866158984156e+00	7.640804350376129150e-02	1.115255989238122386e-02
7.374863866583877936e+00	7.666412740945816040e-02	1.138845680422501984e-02
7.395005867008771716e+00	7.680556178092956543e-02	1.162630718309828892e-02
7.415147867433666384e+00	7.726718485355377197e-02	1.190463285913407297e-02
7.435289867858560164e+00	7.715775817632675171e-02	1.215415194427290312e-02
7.455431868283453944e+00	7.740230858325958252e-02	1.244838195187203227e-02
7.475573868708348613e+00	7.731244713068008423e-02	1.273338382125125366e-02
7.495715869133242393e+00	7.707908004522323608e-02	1.302985586627462833e-02
7.515857869558136173e+00	7.639416307210922241e-02	1.330554887772186431e-02
7.535999869983030841e+00	7.517377287149429321e-02	1.355713258441039806e-02
7.556141870407924621e+00	7.431392371654510498e-02	1.386872398599818881e-02
7.576283870832818401e+00	7.280443608760833740e-02	1.414411778117568262e-02
7.596425871257712181e+00	7.163027673959732056e-02	1.455863174489146518e-02
7.616567871682606850e+00	7.278437912464141846e-02	1.537269539058738928e-02
7.636709872107500630e+00	7.432034611701965332e-02	1.632635852687691971e-02
7.656851872532394410e+00	7.958927005529403687e-02	1.807448244432539528e-02
7.676993872957289078e+00	8.220419287681579590e-02	1.929114825845769030e-02
7.697135873382182858e+00	8.139078319072723389e-02	1.988493287441367788e-02
7.717277873807076638e+00	8.199981600046157837e-02	2.055036575065373461e-02
7.737419874231970418e+00	8.228469640016555786e-02	2.101265963125262259e-02
7.757561874656865086e+00	8.249077200889587402e-02	2.148889531489005938e-02
7.777703875081758866e+00	8.269356191158294678e-02	2.199971539477938581e-02
7.797845875506652646e+00	8.369737118482589722e-02	2.265180836801681738e-02
7.817987875931547315e+00	8.512372523546218872e-02	2.340236257572033199e-02
7.838129876356441095e+00	8.455988019704818726e-02	2.391930316225944833e-02
7.858271876781334875e+00	8.527684211730957031e-02	2.470713231940963386e-02
7.878413877206228655e+00	8.507639914751052856e-02	2.540638664517675532e-02
7.898555877631123323e+00	8.419738709926605225e-02	2.596969064841515504e-02
7.918697878056017103e+00	8.587966114282608032e-02	2.706474164370837460e-02
7.938839878480910883e+00	8.584656566381454468e-02	2.799453571853250528e-02
7.958981878905805551e+00	8.578074723482131958e-02	2.900158669431220776e-02
7.979123879330699332e+00	8.725369721651077271e-02	3.039609474543538553e-02
7.999265879755593112e+00	8.834363520145416260e-02	3.190881809856149082e-02
8.019407880180486003e+00	8.798079192638397217e-02	3.333283969678622893e-02
8.039549880605381560e+00	8.763610571622848511e-02	3.496413284569348245e-02
8.059691881030275340e+00	8.708870410919189453e-02	3.685385580418177459e-02
8.079833881455169120e+00	8.660866320133209229e-02	3.913391556893270479e-02
8.099975881880062900e+00	8.842566609382629395e-02	4.244814782015934179e-02
8.120117882304956680e+00	8.833124488592147827e-02	4.612702426120789817e-02
8.140259882729850460e+00	8.980990946292877197e-02	5.148069061815235825e-02
8.160401883154744240e+00	8.628541976213455200e-02	5.712723302234160028e-02
8.180543883579639797e+00	8.981316536664962769e-02	6.902184401253089185e-02
8.200685884004533577e+00	9.155993908643722534e-02	8.983981557096798465e-02
8.220827884429427357e+00	9.211975336074829102e-02	1.538825441659584792e-01
