# Normalized	7000 eV	214neu
# q	I	Poisson error
# nm-1	cm-1	cm-1
1.289189675265935975e-01	7.855947113037109375e+01	2.522753889128858340e+00
1.430183855482416166e-01	7.425247955322265625e+01	1.480096167979646271e+00
1.571178035698896636e-01	6.911580657958984375e+01	1.162041743726072829e+00
1.712172215915376827e-01	6.352965164184570312e+01	9.757294339964962537e-01
1.853166396131857019e-01	5.741520690917968750e+01	8.250673451332419805e-01
1.994160576348337210e-01	5.175161743164062500e+01	7.055037455020503057e-01
2.135154756564817680e-01	4.643501663208007812e+01	6.101445646153552671e-01
2.276148936781297871e-01	4.100211715698242188e+01	5.608170579562840041e-01
2.417143116997778063e-01	3.612412643432617188e+01	5.112024854050239986e-01
2.558137297214258532e-01	3.135418510437011719e+01	4.616592260378609147e-01
2.699131477430738446e-01	2.701870155334472656e+01	4.169326998065489565e-01
2.840125657647218915e-01	2.309182357788085938e+01	3.685204554783614861e-01
2.981119837863699384e-01	1.952607727050781250e+01	3.168737561265904668e-01
3.122114018080179854e-01	1.634003448486328125e+01	2.748721402471736019e-01
3.263108198296659768e-01	1.343268013000488281e+01	2.370630737888339001e-01
3.404102378513140237e-01	1.089165782928466797e+01	2.028958667194667997e-01
3.545096558729620151e-01	8.713382720947265625e+00	1.729073450726846539e-01
3.686090738946100620e-01	6.856441974639892578e+00	1.466846428779059464e-01
3.827084919162581089e-01	5.279151439666748047e+00	1.231251031133950846e-01
3.968079099379061003e-01	4.004367351531982422e+00	1.027736363745673370e-01
4.109073279595541472e-01	2.964431762695312500e+00	8.483903077055408859e-02
4.250067459812021942e-01	2.153685569763183594e+00	6.929667995633730093e-02
4.391061640028501856e-01	1.533274650573730469e+00	5.613264728546226573e-02
4.532055820244982325e-01	1.077059984207153320e+00	4.539382738742656770e-02
4.673050000461462794e-01	7.521409392356872559e-01	3.669967106467929979e-02
4.814044180677942708e-01	5.383945703506469727e-01	3.088535672229933762e-02
4.955038360894423177e-01	4.115060269832611084e-01	2.695857340022799961e-02
5.096032541110904202e-01	3.474840819835662842e-01	2.464315084097870590e-02
5.237026721327383560e-01	3.315245211124420166e-01	2.397168779034853162e-02
5.378020901543864030e-01	3.436630070209503174e-01	2.425152052934594071e-02
5.519015081760344499e-01	3.729595541954040527e-01	2.509768431557957147e-02
5.660009261976823858e-01	4.079187810420989990e-01	2.618147405063862496e-02
5.801003442193304327e-01	4.433574974536895752e-01	2.723835473301955759e-02
5.941997622409784796e-01	4.724741280078887939e-01	2.804186920911011863e-02
6.082991802626265265e-01	4.913040101528167725e-01	2.797555908438869796e-02
6.223985982842745734e-01	5.016449093818664551e-01	2.743309007418024900e-02
6.364980163059226204e-01	5.003944039344787598e-01	2.687152032700815610e-02
6.505974343275706673e-01	4.874867796897888184e-01	2.610020102087403857e-02
6.646968523492186032e-01	4.663161039352416992e-01	2.521650029317047334e-02
6.787962703708666501e-01	4.374824762344360352e-01	2.406130646249976177e-02
6.928956883925146970e-01	4.026814401149749756e-01	2.271407263211437308e-02
7.069951064141627439e-01	3.663032352924346924e-01	2.131939935337156741e-02
7.210945244358107908e-01	3.281714916229248047e-01	1.986237120647918117e-02
7.351939424574588378e-01	2.904735505580902100e-01	1.839464572371969642e-02
7.492933604791067737e-01	2.549258172512054443e-01	1.696485613115245386e-02
7.633927785007548206e-01	2.215707153081893921e-01	1.557669825021797128e-02
7.774921965224028675e-01	1.930997520685195923e-01	1.432648832259070942e-02
7.915916145440509144e-01	1.673617362976074219e-01	1.314814266181468100e-02
8.056910325656989613e-01	1.473520845174789429e-01	1.217392939796125249e-02
8.197904505873470082e-01	1.310341656208038330e-01	1.133325159388623091e-02
8.338898686089949441e-01	1.183855086565017700e-01	1.064380850265393176e-02
8.479892866306429910e-01	1.095297187566757202e-01	1.012320851806924708e-02
8.620887046522910380e-01	1.035981178283691406e-01	9.739645812309740205e-03
8.761881226739390849e-01	9.967605024576187134e-02	9.464295102995743184e-03
8.902875406955871318e-01	9.717954695224761963e-02	9.258953369037526554e-03
9.043869587172351787e-01	9.667813032865524292e-02	9.154278644796114139e-03
9.184863767388831146e-01	9.639357030391693115e-02	9.066723146887971027e-03
9.325857947605311615e-01	9.641916304826736450e-02	8.994322971520935656e-03
9.466852127821792084e-01	9.658312797546386719e-02	8.930310612760570046e-03
9.607846308038272554e-01	9.650410711765289307e-02	8.856793157140043990e-03
9.748840488254753023e-01	9.595232456922531128e-02	8.763424680178870385e-03
9.889834668471233492e-01	9.501583874225616455e-02	8.658545569358980232e-03
1.003082884868771174e+00	9.336949139833450317e-02	8.526478954728538076e-03
1.017182302890419443e+00	9.153487533330917358e-02	8.541107700635482830e-03
1.031281720912067268e+00	8.954806625843048096e-02	8.498009651040142748e-03
1.045381138933715537e+00	8.676009625196456909e-02	8.349696137929263698e-03
1.059480556955363362e+00	8.395495265722274780e-02	8.201789999867866582e-03
1.073579974977011409e+00	8.063253015279769897e-02	8.027070603331638854e-03
1.087679392998659456e+00	7.790380716323852539e-02	7.876435607601190922e-03
1.101778811020307502e+00	7.502249628305435181e-02	7.713162082433066419e-03
1.115878229041955549e+00	7.238781452178955078e-02	7.559693675821011274e-03
1.129977647063603596e+00	7.005588710308074951e-02	7.419856192372155379e-03
1.144077065085251643e+00	6.780048459768295288e-02	7.152002336278083690e-03
1.158176483106899690e+00	6.572557240724563599e-02	6.906627375837662459e-03
1.172275901128547737e+00	6.419771909713745117e-02	6.762876024240642610e-03
1.186375319150195784e+00	6.286208331584930420e-02	6.646920934743667624e-03
1.200474737171843609e+00	6.139772385358810425e-02	6.530237924875689423e-03
1.214574155193491656e+00	6.044976040720939636e-02	6.444515678953861501e-03
1.228673573215139703e+00	5.967514589428901672e-02	6.372103402180566249e-03
1.242772991236787750e+00	5.873207375407218933e-02	6.289805744020103215e-03
1.256872409258435797e+00	5.805612355470657349e-02	6.223177580809753466e-03
1.270971827280083843e+00	5.753195285797119141e-02	6.166660006548551655e-03
1.285071245301731890e+00	5.684033408761024475e-02	6.102700899479542029e-03
1.299170663323379937e+00	5.637364834547042847e-02	6.050766029726734052e-03
1.313270081345027984e+00	5.578630790114402771e-02	5.992151801671830730e-03
1.327369499366676031e+00	5.505231395363807678e-02	5.927624861602992339e-03
1.341468917388324078e+00	5.462643131613731384e-02	5.879106824594270732e-03
1.355568335409972125e+00	5.392144992947578430e-02	5.808186947462934402e-03
1.369667753431619950e+00	5.351243540644645691e-02	5.747386058170248294e-03
1.383767171453267997e+00	5.309839174151420593e-02	5.673467526577500968e-03
1.397866589474916044e+00	5.247992649674415588e-02	5.582624840150037654e-03
1.411966007496564091e+00	5.190030112862586975e-02	5.497623789929046746e-03
1.426065425518212137e+00	5.144267156720161438e-02	5.426361262148967669e-03
1.440164843539860184e+00	5.076809227466583252e-02	5.344951546461734933e-03
1.454264261561508231e+00	5.027325078845024109e-02	5.276465906245663730e-03
1.468363679583156278e+00	4.985239729285240173e-02	5.208841112454602566e-03
1.482463097604804325e+00	4.940695688128471375e-02	5.142473612114976597e-03
1.496562515626452372e+00	4.903502017259597778e-02	5.083115972790276313e-03
1.510661933648100419e+00	4.848788306117057800e-02	5.017887367423625768e-03
1.524761351669748244e+00	4.835554584860801697e-02	4.981683913220621290e-03
1.538860769691396291e+00	4.792083427309989929e-02	4.932986266099326049e-03
1.552960187713044338e+00	4.761889949440956116e-02	4.892301616745073356e-03
1.567059605734692385e+00	4.723915085196495056e-02	4.849128732386891877e-03
1.581159023756340432e+00	4.704720526933670044e-02	4.813964198361720716e-03
1.595258441777988478e+00	4.660357162356376648e-02	4.766805584197490557e-03
1.609357859799636525e+00	4.628366231918334961e-02	4.727087305259987902e-03
1.623457277821284572e+00	4.595659673213958740e-02	4.688172493691933687e-03
1.637556695842932619e+00	4.588202759623527527e-02	4.662107431418972131e-03
1.651656113864580666e+00	4.555118456482887268e-02	4.622650631887595049e-03
1.665755531886228713e+00	4.546118527650833130e-02	4.596595458678315142e-03
1.679854949907876760e+00	4.507861658930778503e-02	4.556048909731633817e-03
1.693954367929524585e+00	4.481113329529762268e-02	4.521544172962835631e-03
1.708053785951172632e+00	4.470069706439971924e-02	4.496314785289038177e-03
1.722153203972820679e+00	4.452974349260330200e-02	4.467536052018033360e-03
1.736252621994468726e+00	4.423582926392555237e-02	4.433629977407902573e-03
1.750352040016116772e+00	4.410568252205848694e-02	4.407310787062680008e-03
1.764451458037764819e+00	4.402470216155052185e-02	4.385259412866178604e-03
1.778550876059412866e+00	4.386311769485473633e-02	4.357896917410044625e-03
1.792650294081060913e+00	4.364280775189399719e-02	4.328791498340226959e-03
1.806749712102708960e+00	4.358132556080818176e-02	4.307394914785928411e-03
1.820849130124357007e+00	4.346101358532905579e-02	4.284126894340380479e-03
1.834948548146005054e+00	4.333010688424110413e-02	4.260354651105045798e-03
1.849047966167653101e+00	4.313925281167030334e-02	4.233656531880125584e-03
1.863147384189300926e+00	4.293120279908180237e-02	4.205882244349218139e-03
1.877246802210948973e+00	4.296819865703582764e-02	4.190404825396887127e-03
1.891346220232597020e+00	4.278318211436271667e-02	4.165237891402890323e-03
1.905445638254245067e+00	4.276413097977638245e-02	4.147815675669862950e-03
1.919545056275893113e+00	4.270121827721595764e-02	4.129092581220163150e-03
1.933644474297541160e+00	4.238663613796234131e-02	4.097192038555420510e-03
1.947743892319189207e+00	4.232210665941238403e-02	4.078788700800739346e-03
1.961843310340837254e+00	4.219461604952812195e-02	4.057178498740316233e-03
1.975942728362485301e+00	4.212562739849090576e-02	4.038370271263265650e-03
1.990042146384133348e+00	4.199750721454620361e-02	4.017182902682835816e-03
2.004141564405781395e+00	4.176641255617141724e-02	3.991051054073231803e-03
2.018240982427429220e+00	4.183548688888549805e-02	3.975227651683218254e-03
2.032340400449077045e+00	4.177490249276161194e-02	3.954602452279112369e-03
2.046439818470725314e+00	4.152854532003402710e-02	3.928019863309342025e-03
2.060539236492373583e+00	4.155583307147026062e-02	3.915419668436588910e-03
2.074638654514021407e+00	4.133547842502593994e-02	3.890868747758075095e-03
2.088738072535669232e+00	4.129252582788467407e-02	3.903596853852526073e-03
2.102837490557317501e+00	4.120399802923202515e-02	3.932632165790590599e-03
2.116936908578965770e+00	4.131417348980903625e-02	3.950865047713677213e-03
2.131036326600613595e+00	4.107370600104331970e-02	3.948041888266022592e-03
2.145135744622261420e+00	4.097481444478034973e-02	3.949743731391158058e-03
2.159235162643909689e+00	4.096191748976707458e-02	3.954080570408679933e-03
2.173334580665557514e+00	4.104173555970191956e-02	3.960373227795537313e-03
2.187433998687205783e+00	4.086819291114807129e-02	3.953882664710394075e-03
2.201533416708853608e+00	4.071601852774620056e-02	3.946729037523026735e-03
2.215632834730501877e+00	4.059383645653724670e-02	3.917356233667596867e-03
2.229732252752149702e+00	4.058913514018058777e-02	3.863760219599523833e-03
2.243831670773797970e+00	4.049394652247428894e-02	3.830537677026829742e-03
2.257931088795445795e+00	4.051971808075904846e-02	3.806345442297396665e-03
2.272030506817093620e+00	4.035055637359619141e-02	3.776591618651686019e-03
2.286129924838741889e+00	4.036576300859451294e-02	3.758090632667713312e-03
2.300229342860389714e+00	4.022282361984252930e-02	3.732986492496524668e-03
2.314328760882037983e+00	4.031885042786598206e-02	3.720213880857337584e-03
2.328428178903685808e+00	4.029542952775955200e-02	3.703273459450843672e-03
2.342527596925334077e+00	4.015485569834709167e-02	3.680753462002736565e-03
2.356627014946981902e+00	4.002610594034194946e-02	3.659976938983653533e-03
2.370726432968630171e+00	4.016909748315811157e-02	3.652987562451849753e-03
2.384825850990277996e+00	4.009296372532844543e-02	3.635278595083806050e-03
2.398925269011926265e+00	3.996623307466506958e-02	3.615830986423972018e-03
2.413024687033574089e+00	3.993191570043563843e-02	3.600020545054271898e-03
2.427124105055221914e+00	3.980985283851623535e-02	3.581380167356766359e-03
2.441223523076870183e+00	3.973957151174545288e-02	3.565591929656022636e-03
2.455322941098518008e+00	3.994167223572731018e-02	3.562686010552136226e-03
2.469422359120166277e+00	3.996340930461883545e-02	3.551431677437811435e-03
2.483521777141814102e+00	3.986197337508201599e-02	3.534867479250566012e-03
2.497621195163462371e+00	3.986106812953948975e-02	3.522731793657762206e-03
2.511720613185110196e+00	3.979318961501121521e-02	3.508072897873251977e-03
2.525820031206758465e+00	3.970422968268394470e-02	3.492578142291613910e-03
2.539919449228406290e+00	3.960507363080978394e-02	3.476848129177039122e-03
2.554018867250054559e+00	3.966807201504707336e-02	3.468315961918684489e-03
2.568118285271702383e+00	3.963381797075271606e-02	3.456351078015589516e-03
2.582217703293350652e+00	3.955646976828575134e-02	3.441543991074570100e-03
2.596317121314998477e+00	3.953407704830169678e-02	3.430443356950136150e-03
2.610416539336646302e+00	3.951980918645858765e-02	3.419144479661589357e-03
2.624515957358294571e+00	3.955807536840438843e-02	3.450253290460227832e-03
2.638615375379942396e+00	3.962302207946777344e-02	3.469935364215537017e-03
2.652714793401590665e+00	3.940570354461669922e-02	3.470794139610957913e-03
2.666814211423238490e+00	3.942634910345077515e-02	3.479179107196802428e-03
2.680913629444886759e+00	3.929859772324562073e-02	3.478790381648421033e-03
2.695013047466534584e+00	3.929102420806884766e-02	3.482081196964101431e-03
2.709112465488182853e+00	3.943161666393280029e-02	3.490878913178213812e-03
2.723211883509830677e+00	3.928895667195320129e-02	3.485666196605721398e-03
2.737311301531478946e+00	3.931398689746856689e-02	3.487823415086650520e-03
2.751410719553126771e+00	3.922256827354431152e-02	3.448709804964044529e-03
2.765510137574774596e+00	3.922338783740997314e-02	3.416767974310043043e-03
2.779609555596422865e+00	3.912402316927909851e-02	3.389457554448661262e-03
2.793708973618070690e+00	3.916056454181671143e-02	3.372791019137055205e-03
2.807808391639718959e+00	3.921554982662200928e-02	3.359343337643322467e-03
2.821907809661366784e+00	3.917809203267097473e-02	3.343076549474539166e-03
2.836007227683015053e+00	3.914359584450721741e-02	3.327952023113330601e-03
2.850106645704662878e+00	3.917260468006134033e-02	3.316533729725760268e-03
2.864206063726311147e+00	3.900228068232536316e-02	3.297046620249719732e-03
2.878305481747958972e+00	3.905378282070159912e-02	3.287715446918220395e-03
2.892404899769607241e+00	3.907408192753791809e-02	3.277235644009075972e-03
2.906504317791255065e+00	3.905041888356208801e-02	3.265688140777252800e-03
2.920603735812902890e+00	3.902634978294372559e-02	3.254114186728906868e-03
2.934703153834551159e+00	3.899993002414703369e-02	3.242630710217282372e-03
2.948802571856198984e+00	3.902707248926162720e-02	3.234148193368245518e-03
2.962901989877847253e+00	3.906964883208274841e-02	3.225788419092186568e-03
2.977001407899495078e+00	3.907229378819465637e-02	3.216603646443509136e-03
2.991100825921143347e+00	3.895410150289535522e-02	3.202076694908235436e-03
3.005200243942791172e+00	3.894275426864624023e-02	3.192009259909658024e-03
3.019299661964439441e+00	3.892097249627113342e-02	3.182365832209019946e-03
3.033399079986087266e+00	3.906420990824699402e-02	3.179563213680498476e-03
3.047498498007735535e+00	3.902904316782951355e-02	3.168888918203394741e-03
3.061597916029383359e+00	3.894060105085372925e-02	3.157049991161660872e-03
3.075697334051031628e+00	3.902714699506759644e-02	3.151734875168421025e-03
3.089796752072679453e+00	3.887794166803359985e-02	3.136577908411173309e-03
3.103896170094327278e+00	3.887527063488960266e-02	3.128392746427564527e-03
3.117995588115975547e+00	3.907511383295059204e-02	3.128656972521609743e-03
3.132095006137623372e+00	3.894060850143432617e-02	3.114803231662274623e-03
3.146194424159271641e+00	3.897392377257347107e-02	3.108132630087559380e-03
3.160293842180919466e+00	3.899988532066345215e-02	3.101564483380563671e-03
3.174393260202567735e+00	3.897185996174812317e-02	3.093009697936690075e-03
3.188492678224215560e+00	3.892130032181739807e-02	3.083724704848727054e-03
3.202592096245863829e+00	3.897227346897125244e-02	3.078054561596409774e-03
3.216691514267511653e+00	3.890935331583023071e-02	3.068068702952804656e-03
3.230790932289159922e+00	3.892329707741737366e-02	3.061293068521038756e-03
3.244890350310807747e+00	3.897885605692863464e-02	3.056431112620669813e-03
3.258989768332455572e+00	3.895980119705200195e-02	3.048070116462781205e-03
3.273089186354103841e+00	3.899819776415824890e-02	3.042515145233543050e-03
3.287188604375751666e+00	3.890719264745712280e-02	3.031689931154517379e-03
3.301288022397399935e+00	3.895932063460350037e-02	3.026775261529343532e-03
3.315387440419047760e+00	3.889982029795646667e-02	3.017107749215589951e-03
3.329486858440696029e+00	3.898384422063827515e-02	3.013769925914213700e-03
3.343586276462343854e+00	3.905041143298149109e-02	3.010024285254002743e-03
3.357685694483992123e+00	3.899465501308441162e-02	3.000246030291738118e-03
3.371785112505639947e+00	3.897084295749664307e-02	2.992443570946148879e-03
3.385884530527288216e+00	3.898148611187934875e-02	2.985983247150974379e-03
3.399983948548936041e+00	3.902000933885574341e-02	2.980751121882994816e-03
3.414083366570583866e+00	3.896265104413032532e-02	2.971705852582764203e-03
3.428182784592232135e+00	3.888360038399696350e-02	2.961884101205260883e-03
3.442282202613879960e+00	3.894959390163421631e-02	2.957985542339044115e-03
3.456381620635528229e+00	3.889686614274978638e-02	2.949225265029128181e-03
3.470481038657176054e+00	3.889223188161849976e-02	2.970491457407424454e-03
3.484580456678824323e+00	3.897307813167572021e-02	2.992082560397517528e-03
3.498679874700472148e+00	3.896686062216758728e-02	2.999523805933509632e-03
3.512779292722120417e+00	3.898515924811363220e-02	3.000776083134730141e-03
3.526878710743768242e+00	3.903232887387275696e-02	3.005993016010461392e-03
3.540978128765416511e+00	3.908222168684005737e-02	3.011622404311089640e-03
3.555077546787064335e+00	3.900158032774925232e-02	3.011076003201142159e-03
3.569176964808712604e+00	3.905986621975898743e-02	3.015555375009202135e-03
3.583276382830360429e+00	3.895493224263191223e-02	3.012614533567865068e-03
3.597375800852008254e+00	3.899788483977317810e-02	3.015460613310794701e-03
3.611475218873656523e+00	3.913211077451705933e-02	3.019965301430907467e-03
3.625574636895304348e+00	3.901744633913040161e-02	3.011650489189653893e-03
3.639674054916952617e+00	3.911712020635604858e-02	3.012124536071040127e-03
3.653773472938600442e+00	3.907510638236999512e-02	3.009248357413913961e-03
3.667872890960248711e+00	3.903966769576072693e-02	3.007043262787689655e-03
3.681972308981896536e+00	3.907326608896255493e-02	3.009673634166822390e-03
3.696071727003544805e+00	3.916974365711212158e-02	3.046469224982232930e-03
3.710171145025192629e+00	3.922029212117195129e-02	3.070528086492920784e-03
3.724270563046840898e+00	3.914870694279670715e-02	3.084252406827838779e-03
3.738369981068488723e+00	3.898939490318298340e-02	3.091160865348236992e-03
3.752469399090136548e+00	3.897556662559509277e-02	3.102223941955070240e-03
3.766568817111784817e+00	3.913118690252304077e-02	3.119395405337188794e-03
3.780668235133432642e+00	3.917369991540908813e-02	3.130816785554849709e-03
3.794767653155080911e+00	3.923991695046424866e-02	3.143374296301422195e-03
3.808867071176728736e+00	3.911515325307846069e-02	3.168607945079119931e-03
3.822966489198377005e+00	3.906215354800224304e-02	3.194965734814427319e-03
3.837065907220024830e+00	3.911612182855606079e-02	3.221757018528416654e-03
3.851165325241673099e+00	3.917890414595603943e-02	3.257305673261923912e-03
3.865264743263320923e+00	3.920493647456169128e-02	3.298590863261455057e-03
3.879364161284969192e+00	3.913324698805809021e-02	3.326847788868994397e-03
3.893463579306617017e+00	3.915608674287796021e-02	3.349276427521553304e-03
3.907562997328264842e+00	3.916417807340621948e-02	3.366325313366698782e-03
3.921662415349913111e+00	3.915176540613174438e-02	3.382126849503771203e-03
3.935761833371560936e+00	3.914486616849899292e-02	3.396388944703700001e-03
3.949861251393209205e+00	3.922310471534729004e-02	3.413223811792612250e-03
3.963960669414857030e+00	3.911333531141281128e-02	3.420501455444711295e-03
3.978060087436505299e+00	3.915027529001235962e-02	3.485718567657220338e-03
3.992159505458153124e+00	3.933164104819297791e-02	3.554081257613399530e-03
4.006258923479801837e+00	3.941199183464050293e-02	3.590992177221365503e-03
4.020358341501449218e+00	3.932363539934158325e-02	3.610317622636287620e-03
4.034457759523097486e+00	3.948198258876800537e-02	3.642297157800102048e-03
4.048557177544745755e+00	3.942786529660224915e-02	3.660182988640875868e-03
4.062656595566393136e+00	3.952090442180633545e-02	3.683732672740410580e-03
4.076756013588041405e+00	3.946174308657646179e-02	3.698771671661013269e-03
4.090855431609689674e+00	3.967808187007904053e-02	3.726278089809146633e-03
4.104954849631337055e+00	3.958261385560035706e-02	3.732166266699411556e-03
4.119054267652985324e+00	3.943773731589317322e-02	3.732328402079512081e-03
4.133153685674633593e+00	3.946293145418167114e-02	3.743260829424792727e-03
4.147253103696281862e+00	3.953296691179275513e-02	3.760952627072184674e-03
4.161352521717929243e+00	3.963492438197135925e-02	3.779851754000892409e-03
4.175451939739577512e+00	3.973477333784103394e-02	3.798552263403085980e-03
4.189551357761225781e+00	3.966214507818222046e-02	3.808317463943932616e-03
4.203650775782874049e+00	3.971909359097480774e-02	3.823667926743419630e-03
4.217750193804521430e+00	3.976782038807868958e-02	3.889008527585084782e-03
4.231849611826169699e+00	3.972233459353446960e-02	3.970091796749785316e-03
4.245949029847817968e+00	3.968100249767303467e-02	4.029078814281262383e-03
4.260048447869465349e+00	3.984414786100387573e-02	4.091366833644616806e-03
4.274147865891113618e+00	3.983598202466964722e-02	4.140503239014891451e-03
4.288247283912761887e+00	3.982352465391159058e-02	4.187053472407587483e-03
4.302346701934410156e+00	3.991711512207984924e-02	4.237876171084146645e-03
4.316446119956057537e+00	3.972177952527999878e-02	4.271473850191896508e-03
4.330545537977705806e+00	3.983297199010848999e-02	4.320291188260812730e-03
4.344644955999354075e+00	4.000628739595413208e-02	4.367460485246276412e-03
4.358744374021002344e+00	4.011617600917816162e-02	4.409582205202185537e-03
4.372843792042649724e+00	4.008879885077476501e-02	4.443268926821501708e-03
4.386943210064297993e+00	4.015100374817848206e-02	4.481668047656861380e-03
4.401042628085946262e+00	4.022145271301269531e-02	4.520364673341519500e-03
4.415142046107593643e+00	4.016065597534179688e-02	4.554875801329817502e-03
4.429241464129241912e+00	4.010030254721641541e-02	4.593290899557596688e-03
4.443340882150890181e+00	4.021759703755378723e-02	4.642838895827618509e-03
4.457440300172538450e+00	4.009392112493515015e-02	4.679125934638083198e-03
4.471539718194185831e+00	4.023087397217750549e-02	4.728962364483915888e-03
4.485639136215834100e+00	4.036473110318183899e-02	4.774213616053363946e-03
4.499738554237482369e+00	4.038548469543457031e-02	4.808316679735326164e-03
4.513837972259130638e+00	4.044932872056961060e-02	4.845226223321563719e-03
4.527937390280778018e+00	4.042966291308403015e-02	4.877473112545918990e-03
4.542036808302426287e+00	4.039756208658218384e-02	4.912585325326550983e-03
4.556136226324074556e+00	4.055919870734214783e-02	4.967380261197807713e-03
4.570235644345721937e+00	4.053982719779014587e-02	5.011981201122490612e-03
4.584335062367370206e+00	4.064201191067695618e-02	5.064675486588073039e-03
4.598434480389018475e+00	4.072977975010871887e-02	5.117457916155893072e-03
4.612533898410666744e+00	4.062461107969284058e-02	5.158378198342775285e-03
4.626633316432314125e+00	4.078658670186996460e-02	5.217944880108682515e-03
4.640732734453962394e+00	4.089824482798576355e-02	5.275009859766613581e-03
4.654832152475610663e+00	4.082183539867401123e-02	5.320279355203750768e-03
4.668931570497258932e+00	4.079038649797439575e-02	5.369953330108840663e-03
4.683030988518906312e+00	4.087866097688674927e-02	5.428344210068702762e-03
4.697130406540554581e+00	4.085133224725723267e-02	5.480356460076178139e-03
4.711229824562202850e+00	4.104860126972198486e-02	5.548685229244030258e-03
4.725329242583850231e+00	4.100762307643890381e-02	5.604027060953679744e-03
4.739428660605498500e+00	4.121355712413787842e-02	5.673992400739510250e-03
4.753528078627146769e+00	4.128709435462951660e-02	5.725780639008751054e-03
4.767627496648795038e+00	4.135632514953613281e-02	5.774139103983635252e-03
4.781726914670442419e+00	4.140616208314895630e-02	5.821769773529808858e-03
4.795826332692090688e+00	4.135087504982948303e-02	5.861871306607893857e-03
4.809925750713738957e+00	4.133831337094306946e-02	5.908931371500434661e-03
4.824025168735387226e+00	4.145169630646705627e-02	5.974319212404553651e-03
4.838124586757034606e+00	4.128937795758247375e-02	6.027587273196094268e-03
4.852224004778682875e+00	4.154260456562042236e-02	6.113958876196029860e-03
4.866323422800331144e+00	4.150747880339622498e-02	6.180926568611179624e-03
4.880422840821979413e+00	4.172555729746818542e-02	6.269590427588336498e-03
4.894522258843626794e+00	4.164535552263259888e-02	6.336970615762380250e-03
4.908621676865275063e+00	4.153027385473251343e-02	6.406661046845855446e-03
4.922721094886923332e+00	4.178117215633392334e-02	6.502806574505646912e-03
4.936820512908570713e+00	4.195207729935646057e-02	6.597282883340029047e-03
4.950919930930218982e+00	4.181901365518569946e-02	6.670877155329781559e-03
4.965019348951867251e+00	4.194825887680053711e-02	6.768147179740393975e-03
4.979118766973515520e+00	4.192754253745079041e-02	6.856485062098715763e-03
4.993218184995162900e+00	4.202086105942726135e-02	6.958048817721154342e-03
5.007317603016811169e+00	4.169524088501930237e-02	7.026526647494093884e-03
5.021417021038459438e+00	4.184324666857719421e-02	7.139900229595203332e-03
5.035516439060107707e+00	4.214344546198844910e-02	7.271020231477823455e-03
5.049615857081755088e+00	4.220492392778396606e-02	7.385980831035554063e-03
5.063715275103403357e+00	4.216940328478813171e-02	7.503476421607341296e-03
5.077814693125051626e+00	4.229448735713958740e-02	7.630763915312983002e-03
5.091914111146699007e+00	4.210102930665016174e-02	7.733878501028815244e-03
5.106013529168347276e+00	4.235881567001342773e-02	7.889937947409967831e-03
5.120112947189995545e+00	4.210950806736946106e-02	8.012453870987739507e-03
5.134212365211643814e+00	4.224024340510368347e-02	8.159420609329526633e-03
5.148311783233291195e+00	4.230525717139244080e-02	8.316551778449449150e-03
5.162411201254939463e+00	4.253441840410232544e-02	8.501085850230896343e-03
5.176510619276587732e+00	4.247204586863517761e-02	8.663600383043692718e-03
5.190610037298236001e+00	4.276835918426513672e-02	8.875036859393536579e-03
5.204709455319883382e+00	4.276155680418014526e-02	9.066473535314183846e-03
5.218808873341531651e+00	4.227759316563606262e-02	9.216868946249644201e-03
5.232908291363179920e+00	4.225552454590797424e-02	9.430562436110912980e-03
5.247007709384827301e+00	4.239729419350624084e-02	9.681099636894847926e-03
5.261107127406475570e+00	4.177140444517135620e-02	9.855492002319537342e-03
5.275206545428123839e+00	4.141366854310035706e-02	1.007971144803247732e-02
5.289305963449772108e+00	4.085218906402587891e-02	1.029952642152653398e-02
5.303405381471419489e+00	4.039608314633369446e-02	1.055314445628460947e-02
5.317504799493067758e+00	3.988385945558547974e-02	1.088097510360275764e-02
5.331604217514716026e+00	3.957590088248252869e-02	1.135100310486241749e-02
5.345703635536364295e+00	3.992187976837158203e-02	1.198025726934563717e-02
5.359803053558011676e+00	4.229096323251724243e-02	1.318971452008997972e-02
5.373902471579659945e+00	4.371614009141921997e-02	1.408291242935715872e-02
5.388001889601308214e+00	4.364711791276931763e-02	1.457744436548765940e-02
5.402101307622955595e+00	4.384921863675117493e-02	1.504322127742769091e-02
5.416200725644603864e+00	4.365245625376701355e-02	1.531940938521225183e-02
5.430300143666252133e+00	4.354656487703323364e-02	1.562724077698540021e-02
5.444399561687900402e+00	4.381357878446578979e-02	1.602807405921412298e-02
5.458498979709547783e+00	4.348641633987426758e-02	1.634035399501060359e-02
5.472598397731196052e+00	4.350208491086959839e-02	1.674087995548965979e-02
5.486697815752844321e+00	4.450204595923423767e-02	1.736646932784000064e-02
5.500797233774492589e+00	4.372289776802062988e-02	1.770287124646205759e-02
5.514896651796139970e+00	4.426525160670280457e-02	1.833912744357271349e-02
5.528996069817788239e+00	4.501380026340484619e-02	1.900436824792196486e-02
5.543095487839436508e+00	4.480338469147682190e-02	1.956198194375884103e-02
5.557194905861083889e+00	4.445245116949081421e-02	2.015730039260637402e-02
5.571294323882732158e+00	4.423234239220619202e-02	2.083775744882889955e-02
5.585393741904380427e+00	4.442524537444114685e-02	2.170010036510804097e-02
5.599493159926028696e+00	4.463086649775505066e-02	2.269019671444246974e-02
5.613592577947676077e+00	4.464619979262351990e-02	2.375569308603987101e-02
5.627691995969324346e+00	4.420967027544975281e-02	2.484370915115530903e-02
5.641791413990972615e+00	4.453226923942565918e-02	2.636503618299376045e-02
5.655890832012620884e+00	4.517805203795433044e-02	2.827771713047390334e-02
5.669990250034268264e+00	4.441775009036064148e-02	3.009461291248064288e-02
5.684089668055916533e+00	4.432895407080650330e-02	3.268658645815013947e-02
5.698189086077564802e+00	4.512728750705718994e-02	3.650231663335787302e-02
5.712288504099212183e+00	4.409817233681678772e-02	4.085135374827156274e-02
5.726387922120860452e+00	4.423758760094642639e-02	4.844873874484063175e-02
5.740487340142508721e+00	4.487188532948493958e-02	6.290087944471887960e-02
5.754586758164156990e+00	4.241388291120529175e-02	1.044181592993860264e-01
