# Example_ASAXS	Resonant
# q	I-Resonant
# nm-1	cm-1
1.534133308534822715e-01	2.130827198041785331e-01
1.695199444939124722e-01	1.937737640812285944e-01
1.856265581343426452e-01	1.571350912823980539e-01
2.017331717747728459e-01	1.134872492161969060e-01
2.178397854152030466e-01	1.053612068613564573e-01
2.339463990556332473e-01	1.047835772184972231e-01
2.500530126960634481e-01	7.945698675126575128e-02
2.661596263364935933e-01	5.919429452508020995e-02
2.822662399769237940e-01	4.763299697020572515e-02
2.983728536173539947e-01	4.140932150644902054e-02
3.144794672577841954e-01	3.944512280441965502e-02
3.305860808982143961e-01	3.478079166138244721e-02
3.466926945386445968e-01	2.691213088482356103e-02
3.627993081790747976e-01	1.826850178904716390e-02
3.789059218195049983e-01	1.127847754096021095e-02
3.950125354599351990e-01	8.077244211422439368e-03
4.111191491003653997e-01	6.232687823174504031e-03
4.272257627407956004e-01	3.949741074870754230e-03
4.433323763812258012e-01	2.497011807539636658e-03
4.594389900216560019e-01	1.864280790631683230e-03
4.755456036620862026e-01	1.302028323881713762e-03
4.916522173025162923e-01	1.156499006675784343e-03
5.077588309429464930e-01	1.142362527298994247e-03
5.238654445833766937e-01	1.134124050858875297e-03
5.399720582238068944e-01	1.224202491803437357e-03
5.560786718642370952e-01	1.485925149090114522e-03
5.721852855046672959e-01	1.707492258608178399e-03
5.882918991450974966e-01	1.484323596398488387e-03
6.043985127855276973e-01	1.913992798672783935e-03
6.205051264259578980e-01	1.672746534886623403e-03
6.366117400663880987e-01	1.567926474149837750e-03
6.527183537068182995e-01	1.575869683207300771e-03
6.688249673472485002e-01	1.482163065563075685e-03
6.849315809876787009e-01	1.161278204567135547e-03
7.010381946281089016e-01	9.642343912534475118e-04
7.171448082685391023e-01	9.476530398022451739e-04
7.332514219089693031e-01	7.855056791739066036e-04
7.493580355493995038e-01	6.146030119720146583e-04
7.654646491898297045e-01	4.402143155882805759e-04
7.815712628302599052e-01	3.870981788695487835e-04
7.976778764706901059e-01	3.673779641669177492e-04
8.137844901111201956e-01	3.483082866996218066e-04
8.298911037515503963e-01	2.720310618029161899e-04
8.459977173919805971e-01	2.033187082694228140e-04
8.621043310324107978e-01	1.772219254719167695e-04
8.782109446728409985e-01	1.691366690625437726e-04
8.943175583132711992e-01	1.645149264971607745e-04
9.104241719537013999e-01	1.405467989635724043e-04
9.265307855941316006e-01	1.378457992571653266e-04
9.426373992345618014e-01	1.311234278158676637e-04
9.587440128749920021e-01	1.527016004351414537e-04
9.748506265154222028e-01	1.648830156681915977e-04
9.909572401558524035e-01	1.940756890156906272e-04
1.007063853796282604e+00	1.656477116996201576e-04
1.023170467436712805e+00	1.626196294485711966e-04
1.039277081077143006e+00	1.308602346502092608e-04
1.055383694717572984e+00	1.097119256880818453e-04
1.071490308358003185e+00	9.249356887507604382e-05
1.087596921998433386e+00	8.881536307369877368e-05
1.103703535638863586e+00	6.857835323267608000e-05
1.119810149279293787e+00	4.591144178240089889e-05
1.135916762919723988e+00	5.250774368565823901e-05
1.152023376560154189e+00	4.870668809861416381e-05
1.168129990200584389e+00	6.942816319680891090e-06
1.184236603841014590e+00	2.757263657203568738e-05
1.200343217481444791e+00	2.992070783731119317e-05
1.216449831121874992e+00	-1.270089082318953218e-05
1.232556444762305192e+00	-3.534652846657427650e-05
1.248663058402735393e+00	-2.408768479464843792e-05
1.264769672043165594e+00	-1.466666767679545009e-05
1.280876285683595794e+00	9.807156886880109140e-06
1.296982899324025995e+00	7.737126528581532683e-06
1.313089512964456196e+00	-1.358591844033810145e-05
1.329196126604886397e+00	-2.649439475146132727e-05
1.345302740245316597e+00	-1.222206252746465386e-05
1.361409353885746798e+00	-1.308204499007995928e-05
1.377515967526176999e+00	-3.022879515701591094e-05
1.393622581166607199e+00	-4.947418668015177276e-05
1.409729194807037400e+00	-6.180346336387769447e-05
1.425835808447467601e+00	-3.668208886011112871e-05
1.441942422087897802e+00	-3.061896616369263368e-05
1.458049035728327780e+00	-1.381715260080744986e-05
1.474155649368757981e+00	-1.560451831375603206e-05
1.490262263009188182e+00	-4.079460780351732400e-05
1.506368876649618382e+00	-1.624584607527155444e-05
1.522475490290048583e+00	-5.712238243794943179e-05
1.538582103930478784e+00	-3.567376926205980921e-05
1.554688717570908985e+00	-5.349788057604957739e-05
1.570795331211339185e+00	-4.624149220946647648e-05
1.586901944851769386e+00	-4.648332916969168241e-05
1.603008558492199587e+00	-6.514946117292718048e-05
1.619115172132629787e+00	-6.123812112865646099e-05
1.635221785773059988e+00	-1.871300923577052635e-05
1.651328399413490189e+00	-1.277492835693746157e-05
1.667435013053920390e+00	-2.819093076847509015e-05
1.683541626694350590e+00	-3.851128894100872409e-05
1.699648240334780791e+00	-4.373953136221827984e-05
1.715754853975210992e+00	-4.276678459155151493e-05
1.731861467615641192e+00	-5.301324702310648737e-05
1.747968081256071393e+00	-6.990943306144707897e-05
1.764074694896501594e+00	-5.478670200357008862e-05
1.780181308536931795e+00	-4.947424847608135226e-05
1.796287922177361995e+00	-6.082445189151473283e-05
1.812394535817792196e+00	-6.009377448504346907e-05
1.828501149458222397e+00	-6.751296664375741597e-05
1.844607763098652597e+00	-8.555474616505247601e-05
1.860714376739082798e+00	-5.491225706337374653e-05
1.876820990379512999e+00	-6.743435433523724991e-05
1.892927604019943200e+00	-6.749377070356468733e-05
1.909034217660373400e+00	-5.601556988565573335e-05
1.925140831300803601e+00	-6.978031428892230640e-05
1.941247444941233802e+00	-9.005279472542953266e-05
1.957354058581663780e+00	-8.409887334343701818e-05
1.973460672222093981e+00	-4.088260543530549264e-05
1.989567285862524182e+00	-2.955202760348805572e-05
2.005673899502954605e+00	-3.851005953313990827e-05
2.021780513143384805e+00	-4.577125251716503466e-05
2.037887126783815006e+00	-4.803129455052742317e-05
2.053993740424245207e+00	-3.436770220909132149e-05
2.070100354064675408e+00	-4.910164745801681626e-05
2.086206967705105608e+00	-6.754856776606034689e-05
2.102313581345535809e+00	-8.053774307007766900e-05
2.118420194985966010e+00	-6.251438680543223937e-05
2.134526808626396210e+00	-3.954306502244821133e-05
2.150633422266826411e+00	-3.764773933785101935e-05
2.166740035907256612e+00	-5.664530843403238068e-05
2.182846649547686813e+00	-7.071411712689875697e-05
2.198953263188117013e+00	-5.812703200409098127e-05
2.215059876828547214e+00	-4.763831955939413078e-05
2.231166490468977415e+00	-4.525758030742256185e-05
2.247273104109407615e+00	-6.263660422717132290e-05
2.263379717749837816e+00	-6.143922811553097359e-05
2.279486331390268017e+00	-7.330115044670108544e-05
2.295592945030698218e+00	-3.935789427915519997e-05
2.311699558671128418e+00	-6.252164316510128920e-05
2.327806172311558619e+00	-7.056166983188073491e-05
2.343912785951988820e+00	-5.565792383901840699e-05
2.360019399592419020e+00	-7.626833685745451001e-05
2.376126013232849221e+00	-8.630195609816235117e-05
2.392232626873279422e+00	-6.886474548125381847e-05
2.408339240513709623e+00	-5.556439130463885015e-05
2.424445854154139823e+00	-4.878175440345069194e-05
2.440552467794570024e+00	-9.135862919482497322e-05
2.456659081435000225e+00	-8.742571439983317879e-05
2.472765695075430425e+00	-8.351337899110173755e-05
2.488872308715860626e+00	-6.039458956090533557e-05
2.504978922356290827e+00	-6.409420293980004223e-05
2.521085535996721028e+00	-7.636243493678194160e-05
2.537192149637151228e+00	-6.044845431475607086e-05
2.553298763277581429e+00	-5.476363024051981722e-05
2.569405376918011630e+00	-7.268052282342489555e-05
2.585511990558441831e+00	-8.056636868918062660e-05
2.601618604198872031e+00	-6.838249284990372088e-05
2.617725217839302232e+00	-8.118982454847009514e-05
2.633831831479732433e+00	-9.265678713323284945e-05
2.649938445120162633e+00	-7.750843792135062125e-05
2.666045058760592834e+00	-5.589917507800642863e-05
2.682151672401023035e+00	-8.216029548056159447e-05
2.698258286041453236e+00	-8.071134272137113290e-05
2.714364899681883436e+00	-6.770034639441943375e-05
2.730471513322313637e+00	-5.609961767024081381e-05
2.746578126962743394e+00	-6.883332453898505135e-05
2.762684740603173594e+00	-6.987412320437346336e-05
2.778791354243603795e+00	-6.964700740287301179e-05
2.794897967884033996e+00	-5.302464075237589385e-05
2.811004581524464196e+00	-6.011583549767655313e-05
2.827111195164894397e+00	-6.040663325592192709e-05
2.843217808805324598e+00	-3.970293693244571757e-05
2.859324422445754799e+00	-5.197691654318899244e-05
2.875431036086184999e+00	-7.510892783278992797e-05
2.891537649726615200e+00	-5.597222882026961564e-05
2.907644263367045401e+00	-5.975286785612192062e-05
2.923750877007475601e+00	-7.059276975073600221e-05
2.939857490647905802e+00	-7.066117347548445875e-05
2.955964104288336003e+00	-5.526803888595184522e-05
2.972070717928766204e+00	-5.702994588595597196e-05
2.988177331569196404e+00	-6.471441853332147542e-05
3.004283945209626605e+00	-7.222369070295880629e-05
3.020390558850056806e+00	-7.318868438475466948e-05
3.036497172490487007e+00	-7.594667971040928913e-05
3.052603786130917207e+00	-7.953926993223093070e-05
3.068710399771347408e+00	-8.678116493497243979e-05
3.084817013411777609e+00	-7.975677869424866275e-05
3.100923627052207809e+00	-6.424990285771063278e-05
3.117030240692638010e+00	-7.471093128350972151e-05
3.133136854333068211e+00	-6.056740195682068387e-05
3.149243467973498412e+00	-6.460223853850152167e-05
3.165350081613928612e+00	-7.685772659916574893e-05
3.181456695254358813e+00	-5.636152146206533249e-05
3.197563308894789014e+00	-5.026399137257623803e-05
3.213669922535219214e+00	-7.686536639006065561e-05
3.229776536175649415e+00	-5.554867229583914089e-05
3.245883149816079616e+00	-4.042058527895642630e-05
3.261989763456509817e+00	-5.974465184453855385e-05
3.278096377096940017e+00	-5.280981390333041545e-05
3.294202990737370218e+00	-6.396833165721684845e-05
3.310309604377800419e+00	-7.065031463604311344e-05
3.326416218018230619e+00	-7.756871248155662233e-05
3.342522831658660820e+00	-6.589787574012688238e-05
3.358629445299091021e+00	-7.416264859446498664e-05
3.374736058939521222e+00	-7.774099330722349923e-05
3.390842672579951422e+00	-6.966178760335195853e-05
3.406949286220381623e+00	-5.789757541516127055e-05
3.423055899860811824e+00	-5.726339072496081263e-05
3.439162513501242024e+00	-6.040305627538490292e-05
3.455269127141672225e+00	-6.546992909351834027e-05
3.471375740782102426e+00	-7.386218821318538521e-05
3.487482354422532627e+00	-7.308048080812204732e-05
3.503588968062962827e+00	-7.653746361838144037e-05
3.519695581703393028e+00	-9.471317883764613450e-05
3.535802195343823229e+00	-8.635188627425084782e-05
3.551908808984253429e+00	-7.408173671541081471e-05
3.568015422624683630e+00	-7.280821309747081971e-05
3.584122036265113831e+00	-1.079852491156892624e-04
3.600228649905544032e+00	-8.878934814165671786e-05
3.616335263545974232e+00	-5.523878328414552060e-05
3.632441877186404433e+00	-6.410248147752716321e-05
3.648548490826834634e+00	-5.784183716312899816e-05
3.664655104467264835e+00	-6.667406668735784429e-05
3.680761718107695035e+00	-7.375786236076248943e-05
3.696868331748125236e+00	-9.042083685220666362e-05
3.712974945388555437e+00	-7.158810583651567820e-05
3.729081559028985637e+00	-6.635621203912822575e-05
3.745188172669415838e+00	-7.289158312057797797e-05
3.761294786309845595e+00	-6.405361720007471762e-05
3.777401399950275795e+00	-5.519634519926726741e-05
3.793508013590705996e+00	-7.925361339368033962e-05
3.809614627231136197e+00	-7.570638725397999186e-05
3.825721240871566398e+00	-8.055086144783417444e-05
3.841827854511996598e+00	-7.722926233304184748e-05
3.857934468152426799e+00	-7.429864757395858053e-05
3.874041081792857000e+00	-7.977497120642799576e-05
3.890147695433287200e+00	-6.592998167192094241e-05
3.906254309073717401e+00	-5.403838081280254961e-05
3.922360922714147602e+00	-5.914820459411029992e-05
3.938467536354577803e+00	-7.497382588586741438e-05
3.954574149995008003e+00	-7.240334062384278912e-05
3.970680763635438204e+00	-6.577324584159230435e-05
3.986787377275868405e+00	-6.298704202758563379e-05
4.002893990916298605e+00	-5.582047393513000968e-05
4.019000604556728362e+00	-5.970480579846011227e-05
4.035107218197159007e+00	-5.788866933602611738e-05
4.051213831837588764e+00	-7.239827178218018308e-05
4.067320445478019408e+00	-8.543826727769265829e-05
4.083427059118449165e+00	-6.166746432007914815e-05
4.099533672758879810e+00	-7.665134437460608362e-05
4.115640286399309566e+00	-6.836039391883090674e-05
4.131746900039740211e+00	-7.154897669900186770e-05
4.147853513680169968e+00	-8.987224419528542152e-05
4.163960127320600613e+00	-9.112726457377717652e-05
4.180066740961030369e+00	-8.882081138923610683e-05
4.196173354601461014e+00	-7.920031299195315669e-05
4.212279968241890771e+00	-7.715714688918116383e-05
4.228386581882321416e+00	-7.634106153592844538e-05
4.244493195522751172e+00	-7.966268799374951956e-05
4.260599809163181817e+00	-5.584779669526808210e-05
4.276706422803611574e+00	-6.271763799205155258e-05
4.292813036444041330e+00	-7.001732363541114462e-05
4.308919650084471975e+00	-5.887262830149407209e-05
4.325026263724901732e+00	-5.607258189519051468e-05
4.341132877365332376e+00	-5.717346401645820818e-05
4.357239491005762133e+00	-6.077805564573149171e-05
4.373346104646192778e+00	-6.265371547943451294e-05
4.389452718286622535e+00	-7.024009590937125679e-05
4.405559331927053179e+00	-6.995217693705117572e-05
4.421665945567482936e+00	-6.978873835425163043e-05
4.437772559207913581e+00	-5.101872139029268104e-05
4.453879172848343337e+00	-5.743173327440254859e-05
4.469985786488773982e+00	-2.752799385057114504e-05
4.486092400129203739e+00	-6.996628823733207420e-05
4.502199013769634384e+00	-8.407068524423044449e-05
4.518305627410064140e+00	-9.246858168690861137e-05
4.534412241050494785e+00	-8.751905005885865616e-05
4.550518854690924542e+00	-7.362659466190920850e-05
4.566625468331355187e+00	-7.251754513806856720e-05
4.582732081971784943e+00	-9.410102283528714066e-05
4.598838695612215588e+00	-5.123881710900759861e-05
4.614945309252645345e+00	-6.223679769038930655e-05
4.631051922893075989e+00	-6.212170179053628464e-05
4.647158536533505746e+00	-8.297074309648399084e-05
4.663265150173936391e+00	-6.666464020147516343e-05
4.679371763814366147e+00	-6.352254348514056476e-05
4.695478377454796792e+00	-6.006699098410639719e-05
4.711584991095226549e+00	-5.527447810287453050e-05
4.727691604735657194e+00	-9.280585352705329185e-05
4.743798218376086950e+00	-9.242194311059407090e-05
4.759904832016517595e+00	-5.598676129614328840e-05
4.776011445656947352e+00	-5.045542934260574259e-05
4.792118059297377997e+00	-7.171991631249805530e-05
4.808224672937807753e+00	-7.720150323289150989e-05
4.824331286578238398e+00	-8.098745149999006672e-05
4.840437900218668155e+00	-8.878636591737573192e-05
4.856544513859098799e+00	-9.809778330815311514e-05
4.872651127499528556e+00	-9.858424414003978523e-05
4.888757741139959201e+00	-1.001758289598370078e-04
4.904864354780388958e+00	-7.052579060655268469e-05
4.920970968420819602e+00	-7.035266002693305791e-05
4.937077582061249359e+00	-9.949530301643447628e-05
4.953184195701680004e+00	-8.748083118987090123e-05
4.969290809342109760e+00	-9.727552787671344368e-05
4.985397422982540405e+00	-7.455644123282974202e-05
5.001504036622970162e+00	-7.533355015193810337e-05
5.017610650263400807e+00	-7.172408431155287650e-05
5.033717263903830563e+00	-6.270490859621059973e-05
5.049823877544261208e+00	-6.689539337252680198e-05
5.065930491184690965e+00	-9.444886474361899743e-05
5.082037104825121610e+00	-7.811816299208402213e-05
5.098143718465551366e+00	-6.487445272360794016e-05
5.114250332105982011e+00	-6.065778004501425731e-05
5.130356945746411768e+00	-6.774385715494933222e-05
5.146463559386842412e+00	-6.161775686563838962e-05
5.162570173027272169e+00	-9.088816143399602789e-05
5.178676786667702814e+00	-1.092227923324412943e-04
5.194783400308132570e+00	-7.953251955370948634e-05
5.210890013948563215e+00	-6.451657651020446067e-05
5.226996627588992972e+00	-7.242769219635398982e-05
5.243103241229423617e+00	-6.978543047121953937e-05
5.259209854869853373e+00	-7.290240228106092144e-05
5.275316468510284018e+00	-8.173933997157221357e-05
5.291423082150713775e+00	-7.380923969741860877e-05
5.307529695791144420e+00	-1.024169325277544143e-04
5.323636309431574176e+00	-8.757004796158274760e-05
5.339742923072003933e+00	-8.465306026486963688e-05
5.355849536712434578e+00	-8.826571547115210086e-05
5.371956150352864334e+00	-7.403069811268003103e-05
5.388062763993294979e+00	-4.129582370347076434e-05
5.404169377633724736e+00	-5.287176666627563980e-05
5.420275991274155380e+00	-5.350887274283423582e-05
5.436382604914585137e+00	-9.039240343999206434e-05
5.452489218555015782e+00	-7.004685545321514151e-05
5.468595832195445539e+00	-3.874509992182544830e-05
5.484702445835876183e+00	-8.382170408963908622e-05
5.500809059476305940e+00	-8.012380572346479988e-05
5.516915673116736585e+00	-7.031611077988332266e-05
5.533022286757166341e+00	-6.173170162493068981e-05
5.549128900397596986e+00	-8.617294474051616544e-05
5.565235514038026743e+00	-7.173083091412333343e-05
5.581342127678457388e+00	-8.106132681745194149e-05
5.597448741318887144e+00	-1.210274395998786259e-04
5.613555354959317789e+00	-1.159119579484824830e-04
5.629661968599747546e+00	-9.969273190266040620e-05
5.645768582240178191e+00	-5.375686281873198708e-05
5.661875195880607947e+00	-5.965991848809309701e-05
5.677981809521038592e+00	-4.536403799625361933e-05
5.694088423161468349e+00	-7.793516206775536641e-05
5.710195036801898993e+00	-8.412579505694258927e-05
5.726301650442328750e+00	-6.239464269817721564e-05
5.742408264082759395e+00	-8.278954090101710154e-05
5.758514877723189151e+00	-1.156335602340445215e-04
5.774621491363619796e+00	-1.024008171848830981e-04
5.790728105004049553e+00	-6.324999400312936268e-05
5.806834718644480198e+00	-6.914349188850183890e-05
5.822941332284909954e+00	-1.077842499757946315e-04
5.839047945925340599e+00	-6.207122561130346591e-05
5.855154559565770356e+00	-8.000978080727621535e-05
5.871261173206201001e+00	-7.461477758217730460e-05
5.887367786846630757e+00	-7.872050137318535134e-05
5.903474400487061402e+00	-7.664327396652835544e-05
5.919581014127491159e+00	-7.087663977943967574e-05
5.935687627767921803e+00	-7.411849820561051212e-05
5.951794241408351560e+00	-5.311706458101713568e-05
5.967900855048782205e+00	-8.085265300848736231e-05
5.984007468689211962e+00	-1.026795833606619385e-04
6.000114082329642606e+00	-1.506015176767605253e-04
6.016220695970072363e+00	-1.748818576750059352e-04
6.032327309610503008e+00	-2.446317070034997269e-04
6.048433923250932764e+00	-3.012040320611452000e-04
6.064540536891363409e+00	-4.105781685886601066e-04
6.080647150531793166e+00	-4.092059792048802084e-04
6.096753764172223811e+00	-3.587370693224749296e-04
6.112860377812653567e+00	-3.234788311955137663e-04
6.128966991453084212e+00	-2.073917265094231172e-04
6.145073605093513969e+00	-1.365133804498018695e-04
6.161180218733944614e+00	-1.047920023435380653e-04
6.177286832374374370e+00	-9.349527622133954163e-05
6.193393446014805015e+00	-1.026480928349290451e-04
6.209500059655234772e+00	-2.340815737305477681e-05
6.225606673295665416e+00	5.142204308694182078e-05
6.241713286936095173e+00	8.588369073771281342e-05
6.257819900576525818e+00	1.266095872348745716e-04
6.273926514216955574e+00	1.690596515254136659e-04
6.290033127857386219e+00	2.732003396692595973e-04
6.306139741497815976e+00	2.998395374378247532e-04
6.322246355138246621e+00	3.542992585539394656e-04
6.338352968778676377e+00	3.728888884823241016e-04
6.354459582419106134e+00	-7.292673872155449428e-05
6.370566196059536779e+00	-2.447141478517513924e-04
6.386672809699966535e+00	-1.362315821853538576e-04
6.402779423340397180e+00	-1.223131165290436634e-04
6.418886036980826937e+00	-1.133607269432294879e-04
6.434992650621257582e+00	-1.174087018589378689e-04
6.451099264261687338e+00	-6.286365935954866104e-05
6.467205877902117983e+00	-1.015055549892043986e-04
6.483312491542547740e+00	-2.665469909330610832e-05
6.499419105182978385e+00	3.764125882518705956e-05
6.515525718823408141e+00	-1.253569471059326858e-04
6.531632332463838786e+00	-2.799476361019095981e-04
6.547738946104268543e+00	-1.358122659073397330e-04
6.563845559744699187e+00	-9.991522846346996578e-05
6.579952173385129832e+00	-1.326976938262254839e-04
