# Thickness 0.009 cm +/c 0.00005 cm
#
#q	I	Ierr
#nm^-1	cm^-1	cm^-1
0.035515,2160.8,392.69
0.039461,1787.4,57.941
0.043407,1336.7,15.461
0.047353,1029.9,7.7177
0.051299,782.62,5.2098
0.055245,598.72,3.8359
0.059191,467.73,2.9276
0.063137,369.32,2.3113
0.067083,295.72,1.8223
0.071029,239.95,1.4705
0.074976,197.01,1.2022
0.078922,163.53,0.98979
0.082868,137.82,0.82845
0.086814,117.22,0.70158
0.09076,100.16,0.59651
0.094706,86.15,0.5113
0.098652,74.733,0.44229
0.1026,65.258,0.38502
0.10654,57.394,0.33733
0.11049,50.832,0.29742
0.11444,45.218,0.26424
0.11838,40.487,0.23666
0.12233,36.467,0.21266
0.12627,32.974,0.19176
0.13022,29.91,0.17375
0.13417,27.299,0.15841
0.13811,25.053,0.14532
0.14206,23.081,0.13385
0.146,21.348,0.1239
0.14995,19.813,0.11493
0.1539,18.442,0.1068
0.15784,17.256,0.10009
0.16179,16.202,0.093919
0.16574,15.278,0.088573
0.16968,14.455,0.083911
0.17363,13.71,0.079633
0.17757,13.016,0.075527
0.18152,12.419,0.072014
0.18547,11.895,0.068971
0.18941,11.4,0.0662
0.19336,10.943,0.063557
0.1973,10.529,0.061112
0.20125,10.123,0.058732
0.2052,9.7677,0.056633
0.20914,9.4476,0.054816
0.21309,9.1667,0.053176
0.21703,8.8996,0.051576
0.22098,8.6698,0.050259
0.22493,8.4535,0.049031
0.22887,8.2524,0.04788
0.23282,8.0672,0.04681
0.23676,7.893,0.045812
0.24071,7.7281,0.044847
0.24466,7.5764,0.044006
0.2486,7.4409,0.043179
0.25255,7.2991,0.04235
0.2565,7.16,0.041523
0.26044,7.0326,0.040801
0.26439,6.9197,0.040104
0.26833,6.8244,0.039531
0.27228,6.7261,0.03894
0.27623,6.6283,0.038353
0.28017,6.5386,0.037831
0.28412,6.4621,0.037367
0.28806,6.3845,0.036927
0.29201,6.3145,0.036497
0.29596,6.2453,0.036072
0.2999,6.185,0.035698
0.30385,6.1184,0.035311
0.30779,6.0544,0.034937
0.31174,5.9955,0.034578
0.31569,5.9446,0.034257
0.31963,5.8933,0.033951
0.32358,5.8451,0.033686
0.32752,5.7969,0.033402
0.33147,5.7553,0.033143
0.33308,5.7237,0.033364
0.33542,5.7064,0.032861
0.33936,5.6642,0.032604
0.34331,5.6252,0.032386
0.34726,5.5846,0.032143
0.3512,5.5455,0.031908
0.35159,5.5224,0.03207
0.35515,5.5067,0.031683
0.35909,5.4745,0.031499
0.36304,5.4385,0.031272
0.36699,5.4044,0.031072
0.37009,5.3595,0.030969
0.37093,5.3744,0.030895
0.37488,5.3467,0.03074
0.37882,5.3152,0.03054
0.38277,5.2853,0.030363
0.38672,5.2567,0.030201
0.38859,5.2224,0.030125
0.39066,5.2266,0.030019
0.39461,5.1995,0.029856
0.39855,5.1775,0.029736
0.4025,5.1501,0.029565
0.40645,5.1216,0.0294
0.4071,5.1005,0.029393
0.41039,5.0982,0.029266
0.41434,5.0719,0.029115
0.41828,5.0456,0.028955
0.42223,5.0223,0.028811
0.4256,4.9892,0.028746
0.42618,4.9976,0.028672
0.43012,4.9721,0.028517
0.43407,4.9504,0.028383
0.43801,4.9287,0.028263
0.44196,4.9045,0.02813
0.44411,4.8838,0.028117
0.44591,4.8806,0.027982
0.44985,4.8592,0.027854
0.4538,4.8398,0.027756
0.45775,4.8199,0.027637
0.46169,4.7969,0.027495
0.46261,4.7887,0.027554
0.46564,4.7805,0.027407
0.46958,4.7586,0.02727
0.47353,4.7344,0.027127
0.47748,4.7148,0.027015
0.48112,4.6978,0.027018
0.48142,4.6974,0.026917
0.48537,4.679,0.026812
0.48931,4.6619,0.026711
0.49326,4.6419,0.026585
0.49721,4.6244,0.026496
0.49962,4.6125,0.026508
0.50115,4.6041,0.026381
0.5051,4.5853,0.026266
0.50904,4.5664,0.026152
0.51299,4.5465,0.026042
0.51694,4.5296,0.025942
0.51813,4.5324,0.026041
0.52088,4.5121,0.025837
0.52483,4.4924,0.025727
0.52877,4.4761,0.025631
0.53272,4.4587,0.025529
0.53663,4.45,0.025562
0.53667,4.4402,0.025419
0.54061,4.4245,0.025327
0.54456,4.4065,0.025224
0.54851,4.3904,0.025132
0.55245,4.377,0.025067
0.55514,4.3714,0.025116
0.5564,4.3675,0.025014
0.56034,4.3501,0.024921
0.56429,4.3356,0.024838
0.56824,4.3195,0.024752
0.57218,4.3053,0.024684
0.57364,4.3021,0.024708
0.57613,4.2899,0.024596
0.58007,4.2751,0.024507
0.58402,4.2596,0.024429
0.58797,4.251,0.024391
0.59191,4.2401,0.024331
0.59214,4.2306,0.024294
0.59586,4.2258,0.024257
0.5998,4.2149,0.024195
0.60375,4.2067,0.024153
0.6077,4.1969,0.024115
0.61065,4.1629,0.0239
0.61164,4.1874,0.024079
0.61559,4.1741,0.024002
0.61953,4.1559,0.0239
0.62348,4.1407,0.023805
0.62743,4.1253,0.023712
0.62915,4.1018,0.023549
0.63137,4.1141,0.023642
0.63532,4.1025,0.02357
0.63927,4.0911,0.023525
0.64321,4.0787,0.023459
0.64716,4.0652,0.023391
0.64766,4.0408,0.023204
0.6511,4.0509,0.02331
0.65505,4.0418,0.023254
0.659,4.0311,0.023189
0.66294,4.0129,0.023085
0.66616,3.9791,0.022851
0.66689,3.9986,0.023017
0.67083,3.9864,0.022955
0.67478,3.9694,0.022855
0.67873,3.9562,0.022775
0.68267,3.9411,0.022689
0.68467,3.9208,0.02251
0.68662,3.927,0.022611
0.69056,3.9135,0.022542
0.69451,3.9025,0.02247
0.69846,3.8892,0.022388
0.7024,3.8752,0.022306
0.70317,3.8608,0.022161
0.70635,3.8652,0.022247
0.71029,3.8525,0.022184
0.71424,3.8397,0.022107
0.71819,3.8269,0.022032
0.72168,3.8086,0.021856
0.72213,3.8171,0.021975
0.72608,3.8067,0.021908
0.73002,3.7918,0.021836
0.73397,3.7785,0.021751
0.73792,3.7663,0.021678
0.74018,3.7628,0.021592
0.74186,3.7514,0.021588
0.74581,3.7426,0.021543
0.74976,3.732,0.021485
0.7537,3.7202,0.021421
0.75765,3.709,0.021358
0.75869,3.7234,0.021349
0.76159,3.6977,0.021279
0.76554,3.6864,0.021215
0.76949,3.6759,0.021155
0.77343,3.6635,0.02108
0.77719,3.6848,0.021118
0.77738,3.6553,0.021034
0.78132,3.6441,0.020957
0.78527,3.6315,0.020885
0.78922,3.6216,0.02083
0.79316,3.6117,0.020778
0.79569,3.6505,0.02091
0.79711,3.6015,0.02072
0.80105,3.5922,0.020667
0.805,3.582,0.020605
0.80895,3.5684,0.020533
0.81289,3.5561,0.02046
0.8142,3.6105,0.020676
0.81684,3.547,0.020404
0.82078,3.5383,0.020354
0.82473,3.5267,0.020285
0.82868,3.5165,0.020229
0.83262,3.507,0.020171
0.8327,3.5702,0.020435
0.83657,3.4948,0.020102
0.84052,3.4862,0.02005
0.84446,3.4766,0.019994
0.84841,3.4673,0.019944
0.85121,3.5287,0.020202
0.85235,3.4588,0.019897
0.8563,3.449,0.019839
0.86025,3.4392,0.019783
0.86419,3.4299,0.019723
0.86814,3.4191,0.019661
0.86971,3.4902,0.019963
0.87208,3.4079,0.019599
0.87603,3.3973,0.019533
0.87998,3.3887,0.019481
0.88822,3.451,0.019734
0.90672,3.4103,0.019513
0.92523,3.3611,0.019253
0.94373,3.3124,0.018984
0.96223,3.2607,0.0187
0.98074,3.2118,0.018425
0.99924,3.1667,0.018172
1.0177,3.13,0.017947
1.0363,3.0909,0.017711
1.0548,3.063,0.017538
1.0733,3.0359,0.017374
1.0918,3.014,0.017249
1.1103,2.9877,0.017097
1.1288,2.961,0.016938
1.1473,2.934,0.016779
1.1658,2.9045,0.016605
1.1843,2.8747,0.016436
1.2028,2.8451,0.016277
1.2213,2.8134,0.016101
1.2398,2.7795,0.015914
1.2583,2.7457,0.015722
1.2768,2.7111,0.015525
1.2953,2.6793,0.015348
1.3138,2.651,0.01518
1.3323,2.6226,0.015012
1.3508,2.5964,0.014858
1.3693,2.5675,0.014693
1.3878,2.543,0.014548
1.4063,2.5178,0.014398
1.4248,2.4953,0.014264
1.4434,2.4728,0.014138
1.4619,2.4526,0.014021
1.4804,2.4301,0.013886
1.4989,2.4088,0.01376
1.5174,2.3883,0.013644
1.5359,2.3658,0.013513
1.5544,2.3443,0.013388
1.5729,2.3251,0.013277
1.5914,2.3038,0.013151
1.6099,2.2849,0.013042
1.6284,2.2624,0.012911
1.6469,2.2409,0.012787
1.6654,2.2197,0.012667
1.6839,2.1983,0.012546
1.7024,2.1746,0.012412
1.7209,2.1527,0.012284
1.7394,2.1325,0.012167
1.7579,2.1119,0.012047
1.7764,2.0915,0.011931
1.7949,2.0685,0.011803
1.8134,2.0476,0.011684
1.8319,2.0261,0.011559
1.8505,2.0055,0.01144
1.869,1.9846,0.01132
1.8875,1.9639,0.011202
1.906,1.9437,0.011088
1.9245,1.9215,0.010962
1.943,1.9001,0.010839
1.9615,1.8793,0.010718
1.98,1.8591,0.010602
1.9985,1.8395,0.010489
2.017,1.8175,0.010364
2.0355,1.7974,0.010249
2.054,1.7759,0.010126
2.0725,1.7557,0.01001
2.091,1.7368,0.0099018
2.1095,1.716,0.0097829
2.128,1.6956,0.0096655
2.1465,1.6752,0.0095499
2.165,1.6544,0.0094297
2.1835,1.6347,0.0093159
2.202,1.6157,0.0092074
2.2205,1.5969,0.0091004
2.239,1.5785,0.0089946
2.2576,1.56,0.0088889
2.2761,1.541,0.0087818
2.2946,1.5214,0.008669
2.3131,1.5027,0.0085616
2.3316,1.4842,0.0084558
2.3501,1.4656,0.0083504
2.3686,1.4469,0.0082434
2.3871,1.4288,0.0081395
2.4056,1.4105,0.0080344
2.4241,1.3931,0.0079349
2.4426,1.3754,0.0078349
2.4611,1.358,0.0077357
2.4796,1.34,0.0076329
2.4981,1.3228,0.0075351
2.5166,1.3057,0.0074364
2.5351,1.2886,0.0073393
2.5536,1.2733,0.007252
2.5721,1.2573,0.0071605
2.5906,1.2405,0.0070644
2.6091,1.2242,0.0069708
2.6276,1.2084,0.0068804
2.6461,1.1933,0.0067946
2.6647,1.1777,0.0067061
2.6832,1.1625,0.0066193
2.7017,1.1484,0.0065388
2.7202,1.1352,0.0064633
2.7387,1.1223,0.0063898
2.7572,1.1097,0.0063183
2.7757,1.0975,0.0062482
2.7942,1.0849,0.0061763
2.8127,1.0719,0.0061027
2.8312,1.0587,0.0060282
2.8497,1.0448,0.0059492
2.8682,1.0311,0.0058714
2.8867,1.0166,0.0057887
2.9052,1.0019,0.0057053
2.9237,0.98741,0.0056222
2.9422,0.97319,0.0055413
2.9607,0.96005,0.0054661
2.9792,0.9475,0.0053945
2.9977,0.93583,0.0053278
3.0162,0.92556,0.0052693
3.0347,0.91463,0.005207
3.0532,0.90368,0.0051446
3.0717,0.89303,0.0050837
3.0903,0.8819,0.0050205
3.1088,0.87053,0.0049561
3.1273,0.85925,0.0048913
3.1458,0.84798,0.0048273
3.1643,0.83638,0.0047618
3.1828,0.82432,0.0046934
3.2013,0.8131,0.0046291
3.2198,0.80176,0.0045643
3.2383,0.79096,0.0045028
3.2568,0.78027,0.0044417
3.2753,0.7704,0.0043853
3.2938,0.76021,0.0043271
3.3123,0.75021,0.0042703
3.3308,0.74031,0.0042137
3.3493,0.73084,0.0041598
3.3678,0.72131,0.0041055
3.3863,0.71173,0.0040508
3.4048,0.70299,0.004001
3.4233,0.69419,0.0039505
3.4418,0.68517,0.0038991
3.4603,0.67651,0.0038499
3.4788,0.66825,0.0038026
3.4974,0.65992,0.0037552
3.5159,0.65171,0.0037083
3.5344,0.64376,0.0036631
3.5529,0.63566,0.0036168
3.5714,0.62768,0.0035715
3.5899,0.62005,0.003528
3.6084,0.61252,0.0034851
3.6269,0.60511,0.003443
3.6454,0.59812,0.0034028
3.6639,0.59104,0.0033627
3.6824,0.58368,0.0033208
3.7009,0.5766,0.0032806
3.7194,0.56976,0.0032417
3.7379,0.56306,0.0032033
3.7564,0.5562,0.003164
3.7749,0.54958,0.0031267
3.7934,0.54333,0.0030911
3.8119,0.53668,0.0030531
3.8304,0.5305,0.0030175
3.8489,0.52431,0.0029823
3.8674,0.51832,0.0029482
3.8859,0.51255,0.0029155
3.9045,0.50651,0.002881
3.923,0.5006,0.0028474
3.9415,0.49499,0.0028154
3.96,0.48964,0.0027849
3.9785,0.48425,0.0027544
3.997,0.47877,0.0027231
4.0155,0.4732,0.0026914
4.034,0.46788,0.0026611
4.0525,0.46259,0.0026312
4.071,0.45773,0.0026034
4.0895,0.45284,0.0025754
4.108,0.44784,0.0025469
4.1265,0.44292,0.0025189
4.145,0.43814,0.0024917
4.1635,0.43321,0.0024637
4.182,0.42862,0.0024376
4.2005,0.4238,0.00241
4.219,0.41895,0.0023826
4.2375,0.41412,0.0023552
4.256,0.40956,0.0023295
4.2745,0.40512,0.0023043
4.293,0.40087,0.0022801
4.3116,0.39665,0.002256
4.3301,0.39241,0.0022321
4.3486,0.38834,0.0022087
4.3671,0.38424,0.0021855
4.3856,0.38019,0.0021624
4.4041,0.37615,0.0021393
4.4226,0.37226,0.0021173
4.4411,0.36852,0.0020962
4.4596,0.36476,0.0020749
4.4781,0.36095,0.0020532
4.4966,0.35733,0.0020325
4.5151,0.35375,0.0020122
4.5336,0.35037,0.0019931
4.5521,0.34678,0.0019726
4.5706,0.34344,0.0019536
4.5891,0.33993,0.0019337
4.6076,0.33657,0.0019147
4.6261,0.33334,0.0018964
4.6446,0.33034,0.0018793
4.6631,0.32735,0.0018624
4.6816,0.32441,0.0018457
4.7001,0.32168,0.0018303
4.7187,0.31888,0.0018145
4.7372,0.31617,0.0017992
4.7557,0.31327,0.0017829
4.7742,0.31046,0.0017668
4.7927,0.30764,0.001751
4.8112,0.30497,0.0017358
4.8297,0.3017,0.0017174
4.8482,0.29877,0.0017009
4.8667,0.29597,0.0016851
4.8852,0.29323,0.0016697
4.9037,0.29055,0.0016545
4.9222,0.28789,0.0016396
4.9407,0.28538,0.0016256
4.9592,0.28309,0.0016127
4.9777,0.28089,0.0016005
4.9962,0.27855,0.0015874
5.0147,0.27623,0.0015746
5.0332,0.27392,0.0015616
5.0517,0.27155,0.0015485
5.0702,0.26902,0.0015347
5.0887,0.26648,0.0015208
5.1072,0.26423,0.0015089
5.1258,0.26258,0.0015001
5.1443,0.26082,0.0014903
5.1628,0.25903,0.0014801
5.1813,0.25752,0.0014719
5.1998,0.25593,0.0014632
5.2183,0.25445,0.0014549
5.2368,0.2526,0.0014442
5.2553,0.2508,0.0014344
5.2738,0.24876,0.0014227
5.2923,0.24683,0.0014122
5.3108,0.24489,0.0014015
5.3293,0.2429,0.0013904
5.3478,0.24103,0.0013801
5.3663,0.23919,0.0013698
5.3848,0.23729,0.0013596
5.4033,0.23536,0.001349
5.4218,0.23365,0.0013395
5.4403,0.23192,0.0013298
5.4588,0.23013,0.00132
5.4773,0.22852,0.0013109
5.4958,0.22664,0.0013008
5.5143,0.22499,0.0012917
5.5329,0.22335,0.0012821
5.5514,0.22176,0.0012733
5.5699,0.22026,0.001266
5.5884,0.21862,0.0012565
5.6069,0.21718,0.001248
5.6254,0.21555,0.0012396
5.6439,0.21411,0.0012318
5.6624,0.2124,0.0012222
5.6809,0.21066,0.0012135
5.6994,0.2093,0.0012055
5.7179,0.20797,0.0011981
5.7364,0.20636,0.0011886
5.7549,0.20494,0.0011814
5.7734,0.20349,0.0011737
5.7919,0.2018,0.0011644
5.8104,0.20026,0.0011559
5.8289,0.19909,0.0011507
5.8474,0.19757,0.0011424
5.8659,0.19633,0.0011351
5.8844,0.19514,0.0011298
5.9029,0.19383,0.0011232
5.9214,0.19232,0.0011144
5.9399,0.19119,0.0011079
5.9585,0.18967,0.0010999
5.977,0.18835,0.0010943
5.9955,0.18725,0.0010887
6.014,0.18576,0.0010815
6.0325,0.1846,0.001075
6.051,0.1833,0.0010688
6.0695,0.18195,0.0010621
6.088,0.18082,0.0010555
6.1065,0.1796,0.0010505
6.125,0.17855,0.0010459
6.1435,0.17737,0.0010395
6.162,0.17628,0.0010347
6.1805,0.17533,0.0010307
6.199,0.17402,0.0010238
6.2175,0.17279,0.0010201
6.236,0.17149,0.0010131
6.2545,0.17033,0.0010092
6.273,0.16928,0.0010053
6.2915,0.16809,0.00099961
6.31,0.1669,0.0009949
6.3285,0.16594,0.00099192
6.347,0.16495,0.00099232
6.3656,0.16376,0.00098993
6.3841,0.16237,0.00098658
6.4026,0.16095,0.00097957
6.4211,0.16023,0.00097814
6.4396,0.15901,0.0009796
6.4581,0.1582,0.00097948
6.4766,0.15686,0.0009686
6.4951,0.1557,0.0009726
6.5136,0.15507,0.00097132
6.5321,0.15424,0.00097642
6.5506,0.15318,0.00097849
6.5691,0.15198,0.00098167
6.5876,0.15092,0.00098577
6.6061,0.14983,0.00097335
6.6246,0.14908,0.00098114
6.6431,0.14764,0.00099595
6.6616,0.14572,0.0010003
6.6801,0.1452,0.00099812
6.6986,0.14406,0.00098839
6.7171,0.14324,0.0010147
6.7356,0.14227,0.001027
6.7541,0.14156,0.0010626
6.7727,0.14045,0.0011664
6.7912,0.13928,0.0011768
6.8097,0.13927,0.0013088
6.8282,0.13838,0.0014978
6.8467,0.1349,0.0017999
