# Thickness 0.100685 cm +/c 0.00014 cm
#
#q	I	Ierr
#nm^-1	cm^-1	cm^-1
0.035515,34.03,3.2624
0.039461,29.057,0.53301
0.043407,23.268,0.12907
0.047353,19.277,0.052878
0.051299,16.073,0.035965
0.055245,13.683,0.028384
0.059191,11.984,0.024377
0.063137,10.641,0.020979
0.067083,9.5914,0.018604
0.071029,8.793,0.016863
0.074976,8.137,0.015664
0.078922,7.5988,0.014284
0.082868,7.2011,0.01322
0.086814,6.8747,0.012436
0.09076,6.5885,0.011751
0.094706,6.3413,0.0112
0.098652,6.1312,0.010746
0.1026,5.9465,0.010425
0.10654,5.7858,0.010103
0.11049,5.6414,0.0098183
0.11444,5.5175,0.009575
0.11838,5.4074,0.0093554
0.12233,5.3117,0.0091779
0.12627,5.2292,0.0090122
0.13022,5.1542,0.0088743
0.13417,5.0848,0.0087418
0.13811,5.0204,0.0086252
0.14206,4.9633,0.008517
0.146,4.9174,0.0084359
0.14995,4.8719,0.0083449
0.1539,4.8252,0.0082503
0.15784,4.7882,0.008199
0.16179,4.7473,0.0081192
0.16574,4.7156,0.0080669
0.16968,4.6854,0.0080162
0.17363,4.6584,0.0079834
0.17757,4.6362,0.0079409
0.18152,4.6111,0.0078842
0.18547,4.5901,0.0078449
0.18941,4.5685,0.0078035
0.19336,4.5478,0.0077604
0.1973,4.5286,0.0077315
0.20125,4.505,0.0076863
0.2052,4.4911,0.0076471
0.20914,4.4771,0.0076157
0.21309,4.4618,0.0075859
0.21703,4.4461,0.0075537
0.22098,4.4334,0.0075377
0.22493,4.4213,0.0075256
0.22887,4.4071,0.0075036
0.23282,4.3971,0.0074824
0.23676,4.384,0.0074589
0.24071,4.3713,0.0074372
0.24466,4.3617,0.0074226
0.2486,4.3502,0.0074007
0.25255,4.3397,0.007376
0.2565,4.3315,0.007347
0.26044,4.3242,0.0073279
0.26439,4.3136,0.0073069
0.26833,4.3038,0.0072803
0.27228,4.2953,0.0072659
0.27623,4.2887,0.0072495
0.28017,4.2816,0.0072359
0.28412,4.273,0.0072186
0.28806,4.2677,0.0072068
0.29201,4.2605,0.0071932
0.29596,4.253,0.0071801
0.2999,4.2475,0.0071599
0.30385,4.241,0.0071435
0.30779,4.2355,0.007134
0.31174,4.2281,0.0071219
0.31569,4.2217,0.0071024
0.31963,4.2178,0.0070988
0.32358,4.2153,0.0070904
0.32752,4.2066,0.0070768
0.33147,4.2013,0.0070658
0.33308,4.197,0.0074944
0.33542,4.196,0.0070544
0.33936,4.1917,0.0070449
0.34331,4.1878,0.0070371
0.34726,4.1812,0.0070219
0.3512,4.1791,0.0070172
0.35159,4.1739,0.0074473
0.35515,4.1744,0.0070115
0.35909,4.1703,0.0070011
0.36304,4.1652,0.0069884
0.36699,4.1622,0.0069817
0.37009,4.1534,0.0074072
0.37093,4.1594,0.0069749
0.37488,4.1559,0.0069678
0.37882,4.1517,0.0069588
0.38277,4.1493,0.0069543
0.38672,4.1465,0.0069492
0.38859,4.1364,0.0073704
0.39066,4.1422,0.0069414
0.39461,4.1412,0.0069353
0.39855,4.1388,0.0069325
0.4025,4.1357,0.0069266
0.40645,4.1338,0.0069242
0.4071,4.1226,0.0073387
0.41039,4.13,0.0069162
0.41434,4.1274,0.0069087
0.41828,4.1253,0.0069037
0.42223,4.1258,0.0069016
0.4256,4.1102,0.0073126
0.42618,4.1218,0.0068947
0.43012,4.119,0.0068879
0.43407,4.1175,0.0068844
0.43801,4.117,0.0068795
0.44196,4.1159,0.0068788
0.44411,4.1019,0.007294
0.44591,4.1147,0.0068764
0.44985,4.1112,0.0068698
0.4538,4.1105,0.0068674
0.45775,4.1096,0.0068634
0.46169,4.1074,0.0068604
0.46261,4.0955,0.0072761
0.46564,4.1053,0.0068571
0.46958,4.1056,0.0068561
0.47353,4.1042,0.0068546
0.47748,4.1034,0.0068531
0.48112,4.0896,0.0072652
0.48142,4.1019,0.00685
0.48537,4.1011,0.0068476
0.48931,4.1013,0.0068466
0.49326,4.0995,0.0068412
0.49721,4.0996,0.0068415
0.49962,4.0855,0.0072556
0.50115,4.0982,0.0068408
0.5051,4.0972,0.006836
0.50904,4.0951,0.006832
0.51299,4.0944,0.0068293
0.51694,4.0934,0.0068268
0.51813,4.0828,0.0072495
0.52088,4.0942,0.0068277
0.52483,4.0942,0.0068275
0.52877,4.0927,0.0068249
0.53272,4.0929,0.0068242
0.53663,4.0818,0.0072461
0.53667,4.093,0.0068235
0.54061,4.0926,0.006821
0.54456,4.0935,0.0068228
0.54851,4.091,0.006817
0.55245,4.0913,0.0068171
0.55514,4.0825,0.0072458
0.5564,4.0908,0.0068166
0.56034,4.0909,0.0068189
0.56429,4.0902,0.0068194
0.56824,4.0912,0.0068213
0.57218,4.0923,0.0068234
0.57364,4.0832,0.0072446
0.57613,4.0926,0.0068232
0.58007,4.0908,0.0068213
0.58402,4.0887,0.006821
0.58797,4.0901,0.0068237
0.59191,4.0911,0.0068257
0.59214,4.0857,0.0072504
0.59586,4.0902,0.006826
0.5998,4.0902,0.0068253
0.60375,4.0924,0.0068307
0.6077,4.0919,0.0068332
0.61065,4.0884,0.0072538
0.61164,4.0922,0.0068344
0.61559,4.0917,0.0068372
0.61953,4.0892,0.006831
0.62348,4.0907,0.0068297
0.62743,4.0916,0.0068305
0.62915,4.0929,0.0072617
0.63137,4.0927,0.0068311
0.63532,4.0928,0.0068298
0.63927,4.095,0.0068374
0.64321,4.094,0.006836
0.64716,4.092,0.0068326
0.64766,4.0971,0.007269
0.6511,4.0927,0.006835
0.65505,4.095,0.0068375
0.659,4.0955,0.0068361
0.66294,4.0955,0.0068356
0.66616,4.1008,0.0072734
0.66689,4.0971,0.006841
0.67083,4.0962,0.0068387
0.67478,4.0958,0.0068371
0.67873,4.0992,0.0068421
0.68267,4.1005,0.0068438
0.68467,4.106,0.0072823
0.68662,4.101,0.0068441
0.69056,4.0994,0.0068423
0.69451,4.1009,0.0068449
0.69846,4.1031,0.0068471
0.7024,4.1029,0.0068469
0.70317,4.1111,0.0072915
0.70635,4.104,0.0068464
0.71029,4.1046,0.0068482
0.71424,4.1057,0.0068495
0.71819,4.1074,0.0068522
0.72168,4.1155,0.0072982
0.72213,4.1089,0.0068535
0.72608,4.1079,0.006852
0.73002,4.1088,0.0068546
0.73397,4.1107,0.0068574
0.73792,4.1103,0.0068552
0.74018,4.121,0.0073088
0.74186,4.1119,0.0068577
0.74581,4.1122,0.0068582
0.74976,4.1134,0.0068596
0.7537,4.1132,0.0068591
0.75765,4.1141,0.0068601
0.75869,4.1269,0.0073203
0.76159,4.1147,0.0068606
0.76554,4.1149,0.006859
0.76949,4.1162,0.0068611
0.77343,4.1167,0.0068619
0.77719,4.1332,0.00733
0.77738,4.1182,0.0068638
0.78132,4.1185,0.0068607
0.78527,4.121,0.0068648
0.78922,4.1206,0.0068645
0.79316,4.1202,0.0068649
0.79569,4.1389,0.0073399
0.79711,4.1204,0.0068651
0.80105,4.1219,0.0068671
0.805,4.1212,0.006866
0.80895,4.1215,0.0068645
0.81289,4.1241,0.0068686
0.8142,4.1453,0.0073518
0.81684,4.1243,0.0068691
0.82078,4.1242,0.0068677
0.82473,4.1257,0.0068698
0.82868,4.1247,0.0068673
0.83262,4.1246,0.0068672
0.8327,4.1511,0.0073626
0.83657,4.127,0.0068712
0.84052,4.1267,0.0068696
0.84446,4.1268,0.0068705
0.84841,4.1278,0.0068713
0.85121,4.1568,0.0073716
0.85235,4.1281,0.0068727
0.8563,4.1284,0.0068718
0.86025,4.1279,0.0068706
0.86419,4.1291,0.0068732
0.86814,4.1293,0.0068732
0.86971,4.1612,0.0073785
0.87208,4.1307,0.006874
0.87603,4.1298,0.0068733
0.87998,4.1305,0.0068747
0.88822,4.1655,0.0073861
0.90672,4.1704,0.0073939
0.92523,4.1737,0.0073993
0.94373,4.1763,0.0074025
0.96223,4.1796,0.0074079
0.98074,4.1821,0.007412
0.99924,4.1834,0.0074137
1.0177,4.1831,0.0074126
1.0363,4.1826,0.0074122
1.0548,4.183,0.0074125
1.0733,4.1818,0.0074107
1.0918,4.1796,0.007406
1.1103,4.1773,0.0074026
1.1288,4.1737,0.0073969
1.1473,4.1694,0.007389
1.1658,4.164,0.0073798
1.1843,4.158,0.0073698
1.2028,4.1507,0.0073572
1.2213,4.1429,0.0073424
1.2398,4.134,0.0073256
1.2583,4.1252,0.0073101
1.2768,4.1147,0.0072918
1.2953,4.1035,0.007272
1.3138,4.0911,0.0072497
1.3323,4.0775,0.0072252
1.3508,4.0643,0.0072018
1.3693,4.0499,0.0071763
1.3878,4.0341,0.0071477
1.4063,4.0181,0.0071203
1.4248,4.0001,0.0070876
1.4434,3.981,0.0070536
1.4619,3.9619,0.0070196
1.4804,3.9411,0.0069831
1.4989,3.9203,0.0069454
1.5174,3.8988,0.0069069
1.5359,3.8764,0.0068675
1.5544,3.853,0.0068261
1.5729,3.8288,0.0067833
1.5914,3.8043,0.0067399
1.6099,3.7783,0.0066936
1.6284,3.7521,0.0066469
1.6469,3.7256,0.0066002
1.6654,3.6985,0.0065525
1.6839,3.6703,0.0065027
1.7024,3.6418,0.0064519
1.7209,3.6131,0.0064005
1.7394,3.5834,0.0063482
1.7579,3.5534,0.006295
1.7764,3.5228,0.006241
1.7949,3.4917,0.0061856
1.8134,3.4605,0.0061301
1.8319,3.4293,0.0060752
1.8505,3.3975,0.0060189
1.869,3.3651,0.0059615
1.8875,3.3329,0.0059042
1.906,3.3,0.0058458
1.9245,3.2671,0.0057875
1.943,3.2338,0.0057288
1.9615,3.2008,0.0056707
1.98,3.1673,0.0056111
1.9985,3.1337,0.0055514
2.017,3.0999,0.0054913
2.0355,3.066,0.0054311
2.054,3.0326,0.0053718
2.0725,2.9987,0.0053121
2.091,2.9645,0.0052514
2.1095,2.9304,0.0051907
2.128,2.8969,0.0051318
2.1465,2.8633,0.0050724
2.165,2.8292,0.005012
2.1835,2.7954,0.0049522
2.202,2.7621,0.0048931
2.2205,2.7283,0.0048331
2.239,2.6954,0.0047749
2.2576,2.6624,0.0047162
2.2761,2.6287,0.0046565
2.2946,2.596,0.0045983
2.3131,2.5637,0.0045416
2.3316,2.5311,0.0044836
2.3501,2.4989,0.0044266
2.3686,2.4669,0.0043697
2.3871,2.4351,0.0043133
2.4056,2.4037,0.004258
2.4241,2.3723,0.0042025
2.4426,2.3413,0.0041474
2.4611,2.3107,0.0040933
2.4796,2.2804,0.0040396
2.4981,2.2503,0.0039862
2.5166,2.2204,0.0039332
2.5351,2.1911,0.0038815
2.5536,2.1617,0.0038291
2.5721,2.1325,0.0037772
2.5906,2.1041,0.0037269
2.6091,2.0757,0.0036766
2.6276,2.0479,0.0036272
2.6461,2.0202,0.0035783
2.6647,1.9927,0.0035297
2.6832,1.9657,0.0034819
2.7017,1.9387,0.0034342
2.7202,1.9124,0.0033877
2.7387,1.8861,0.0033413
2.7572,1.8603,0.0032955
2.7757,1.8348,0.0032504
2.7942,1.8098,0.0032063
2.8127,1.7849,0.0031624
2.8312,1.7606,0.0031192
2.8497,1.7365,0.0030763
2.8682,1.7126,0.0030343
2.8867,1.6886,0.0029921
2.9052,1.6657,0.0029513
2.9237,1.6432,0.0029113
2.9422,1.6207,0.0028715
2.9607,1.5985,0.0028321
2.9792,1.5767,0.0027933
2.9977,1.5552,0.0027554
3.0162,1.5338,0.0027177
3.0347,1.5126,0.00268
3.0532,1.4921,0.0026438
3.0717,1.4718,0.0026079
3.0903,1.4515,0.0025721
3.1088,1.4317,0.002537
3.1273,1.4125,0.0025028
3.1458,1.3934,0.0024689
3.1643,1.3745,0.0024357
3.1828,1.3562,0.0024029
3.2013,1.3381,0.002371
3.2198,1.3202,0.0023392
3.2383,1.3027,0.0023081
3.2568,1.2852,0.0022772
3.2753,1.268,0.0022468
3.2938,1.2513,0.0022173
3.3123,1.2345,0.0021874
3.3308,1.2181,0.0021582
3.3493,1.2023,0.0021302
3.3678,1.1865,0.0021023
3.3863,1.1709,0.0020745
3.4048,1.1554,0.0020471
3.4233,1.1401,0.00202
3.4418,1.1253,0.0019939
3.4603,1.1108,0.0019683
3.4788,1.0966,0.0019432
3.4974,1.0824,0.001918
3.5159,1.0684,0.0018932
3.5344,1.0548,0.0018691
3.5529,1.0413,0.0018451
3.5714,1.028,0.0018216
3.5899,1.015,0.0017986
3.6084,1.002,0.0017755
3.6269,0.98925,0.0017529
3.6454,0.97698,0.0017312
3.6639,0.96471,0.0017094
3.6824,0.95235,0.0016877
3.7009,0.94031,0.0016665
3.7194,0.9286,0.0016457
3.7379,0.91702,0.0016255
3.7564,0.90514,0.0016048
3.7749,0.89393,0.0015847
3.7934,0.88312,0.0015655
3.8119,0.87227,0.0015462
3.8304,0.86158,0.0015277
3.8489,0.85111,0.0015092
3.8674,0.84108,0.0014911
3.8859,0.83093,0.001473
3.9045,0.82113,0.0014556
3.923,0.81154,0.0014385
3.9415,0.80202,0.0014216
3.96,0.7925,0.0014047
3.9785,0.78322,0.0013882
3.997,0.77399,0.0013719
4.0155,0.76495,0.0013559
4.034,0.75594,0.0013399
4.0525,0.7469,0.0013239
4.071,0.73866,0.0013092
4.0895,0.73024,0.0012943
4.108,0.72194,0.0012796
4.1265,0.71384,0.0012652
4.145,0.70585,0.0012511
4.1635,0.69788,0.001237
4.182,0.68997,0.001223
4.2005,0.68237,0.0012097
4.219,0.67483,0.0011964
4.2375,0.66751,0.0011834
4.256,0.66024,0.0011705
4.2745,0.65305,0.0011577
4.293,0.64595,0.0011451
4.3116,0.63893,0.0011327
4.3301,0.6321,0.0011206
4.3486,0.62535,0.0011087
4.3671,0.61865,0.0010968
4.3856,0.61214,0.0010853
4.4041,0.60572,0.001074
4.4226,0.59929,0.0010625
4.4411,0.59305,0.0010514
4.4596,0.58683,0.0010405
4.4781,0.58082,0.0010299
4.4966,0.57474,0.0010191
4.5151,0.56882,0.0010086
4.5336,0.56301,0.00099837
4.5521,0.55735,0.00098838
4.5706,0.55173,0.00097843
4.5891,0.54616,0.00096858
4.6076,0.54067,0.00095885
4.6261,0.53526,0.00094918
4.6446,0.52991,0.00093979
4.6631,0.52462,0.00093055
4.6816,0.51947,0.00092148
4.7001,0.51444,0.00091257
4.7187,0.50941,0.00090373
4.7372,0.50449,0.000895
4.7557,0.49961,0.00088639
4.7742,0.49481,0.00087794
4.7927,0.49015,0.00086965
4.8112,0.48542,0.00086138
4.8297,0.48093,0.00085358
4.8482,0.47663,0.00084599
4.8667,0.47224,0.00083813
4.8852,0.46785,0.00083041
4.9037,0.46353,0.00082279
4.9222,0.45928,0.00081531
4.9407,0.45494,0.0008077
4.9592,0.45077,0.00080038
4.9777,0.44664,0.00079313
4.9962,0.44263,0.00078612
5.0147,0.43864,0.00077907
5.0332,0.43466,0.0007721
5.0517,0.4307,0.00076533
5.0702,0.42675,0.00075868
5.0887,0.42306,0.00075253
5.1072,0.41941,0.00074622
5.1258,0.41586,0.00074016
5.1443,0.41231,0.00073373
5.1628,0.40876,0.00072766
5.1813,0.40523,0.00072159
5.1998,0.40181,0.00071564
5.2183,0.39855,0.0007101
5.2368,0.39524,0.00070417
5.2553,0.39194,0.00069836
5.2738,0.3886,0.00069266
5.2923,0.38549,0.00068738
5.3108,0.38242,0.00068182
5.3293,0.37916,0.00067593
5.3478,0.37611,0.0006707
5.3663,0.37303,0.0006655
5.3848,0.37,0.00066009
5.4033,0.36706,0.00065511
5.4218,0.36414,0.0006501
5.4403,0.3612,0.00064494
5.4588,0.35838,0.00063994
5.4773,0.35566,0.00063522
5.4958,0.35295,0.00063048
5.5143,0.35023,0.00062571
5.5329,0.34754,0.00062105
5.5514,0.34478,0.00061626
5.5699,0.34208,0.00061161
5.5884,0.33951,0.00060703
5.6069,0.33692,0.00060254
5.6254,0.33445,0.00059818
5.6439,0.332,0.000594
5.6624,0.32938,0.00058961
5.6809,0.32687,0.00058512
5.6994,0.32454,0.00058097
5.7179,0.32222,0.00057676
5.7364,0.31986,0.00057283
5.7549,0.31745,0.00056873
5.7734,0.31518,0.00056502
5.7919,0.31296,0.00056177
5.8104,0.31075,0.00055747
5.8289,0.30857,0.0005538
5.8474,0.30643,0.00055028
5.8659,0.30422,0.00054665
5.8844,0.30194,0.00054247
5.9029,0.29993,0.000539
5.9214,0.29784,0.00053544
5.9399,0.29583,0.00053251
5.9585,0.29364,0.00052867
5.977,0.29166,0.00052576
5.9955,0.28968,0.00052241
6.014,0.28762,0.00051859
6.0325,0.28586,0.00051617
6.051,0.28379,0.00051289
6.0695,0.28185,0.0005102
6.088,0.28008,0.00050715
6.1065,0.27831,0.00050437
6.125,0.2766,0.00050167
6.1435,0.27473,0.00049904
6.162,0.27286,0.00049536
6.1805,0.27106,0.000492
6.199,0.26935,0.00048972
6.2175,0.26757,0.00048745
6.236,0.26584,0.00048511
6.2545,0.26413,0.00048313
6.273,0.26247,0.00047963
6.2915,0.26081,0.00047896
6.31,0.25921,0.00047711
6.3285,0.25764,0.00047464
6.347,0.25588,0.00047343
6.3656,0.25432,0.00047164
6.3841,0.25278,0.00046866
6.4026,0.25114,0.00047117
6.4211,0.24982,0.00046909
6.4396,0.24862,0.00046885
6.4581,0.24736,0.00046723
6.4766,0.24578,0.00046631
6.4951,0.24438,0.00046512
6.5136,0.24276,0.00046462
6.5321,0.24161,0.00046418
6.5506,0.24037,0.00046641
6.5691,0.23905,0.00046815
6.5876,0.23753,0.00047092
6.6061,0.23639,0.00047821
6.6246,0.23502,0.00047943
6.6431,0.23362,0.00048559
6.6616,0.23224,0.00049385
6.6801,0.23125,0.00050628
6.6986,0.23016,0.0004915
6.7171,0.22893,0.0005078
6.7356,0.22779,0.00051538
6.7541,0.22649,0.00053483
6.7727,0.22504,0.00053294
6.7912,0.22405,0.00058005
6.8097,0.22294,0.00062196
6.8282,0.22162,0.00072249
6.8467,0.22049,0.0013252
